-153 -82 
48 -40 
165 -91 
-12 148 
25 40 
-153 -159 
29 4 
122 75 
187 20 
39 118 
143 -199 
22 176 
67 -71 
194 -135 
-152 133 
163 -101 
-196 155 
-60 20 
151 -70 
112 108 
58 -186 
-116 174 
-74 -104 
143 163 
-151 -187 
-197 58 
132 -132 
-52 -173 
60 -29 
198 -68 
125 72 
160 124 
-87 143 
-187 119 
179 -123 
-96 16 
-46 -19 
98 -191 
-138 -12 
-97 -149 
-164 -134 
-151 168 
-54 -81 
-6 161 
166 -26 
127 -8 
61 -13 
-44 41 
111 -189 
41 150 
-90 -133 
82 172 
188 -126 
-2 49 
-184 -159 
-46 -78 
51 178 
82 -98 
149 37 
-156 57 
-41 -98 
-17 -161 
124 -59 
-191 84 
37 2 
-28 183 
114 -48 
-197 121 
30 178 
-159 27 
181 147 
-80 18 
-9 68 
114 75 
-42 75 
-67 -59 
-79 -157 
93 164 
107 117 
13 -58 
90 -92 
-98 -58 
-141 -77 
199 -38 
152 -106 
-173 47 
102 55 
133 -161 
-107 -148 
112 -146 
60 126 
23 -73 
-64 62 
-70 -8 
-46 34 
-161 58 
-37 -105 
-134 -93 
190 -44 
55 -27 
75 147 
43 -169 
-90 12 
102 -96 
-190 87 
-21 -199 
-174 51 
-194 74 
141 188 
177 159 
167 -2 
-104 -105 
-1 177 
-16 150 
45 42 
166 114 
194 184 
57 -83 
108 -156 
105 100 
-37 181 
-192 58 
-120 23 
-196 -148 
116 129 
93 -42 
142 -92 
-78 -136 
83 162 
-159 -151 
-86 50 
168 -140 
-82 131 
-179 92 
169 -147 
71 -107 
13 -178 
-188 154 
-38 -170 
-186 116 
-151 -30 
-107 -24 
-107 -119 
-108 12 
-184 40 
-24 39 
-66 -53 
179 146 
-198 117 
-69 79 
172 53 
90 -29 
-127 5 
5 50 
47 -5 
-92 132 
-58 -46 
145 -116 
-178 -11 
-106 54 
159 -74 
170 148 
-132 -63 
-103 -118 
13 14 
-54 153 
112 119 
-151 -57 
186 46 
-139 105 
-91 -148 
175 -135 
-62 184 
-121 -72 
128 -27 
-141 -60 
-135 -116 
149 73 
-24 -179 
66 40 
196 167 
154 117 
98 130 
-166 108 
156 172 
166 -6 
74 -151 
169 -31 
-25 -29 
154 -33 
17 57 
6 36 
96 -78 
5 -51 
81 38 
12 -24 
120 73 
-111 -199 
66 -92 
-101 70 
-95 -120 
-38 -70 
-91 87 
-180 153 
-159 -154 
80 146 
-81 58 
-199 -71 
-125 -187 
6 -193 
-57 198 
-40 -128 
-81 -158 
-111 75 
57 0 
-74 15 
-20 -183 
19 -73 
-2 10 
-173 53 
66 -75 
27 186 
20 -141 
117 31 
-69 -25 
-79 -99 
-76 -55 
-150 -121 
82 145 
-161 -88 
19 192 
-110 17 
-85 -143 
33 -80 
-163 -199 
-67 82 
90 60 
150 152 
169 -78 
59 3 
-155 -31 
175 199 
49 -161 
59 -31 
36 33 
-2 128 
90 82 
-63 69 
-105 -154 
-144 -111 
-47 -44 
-11 -34 
31 -125 
-89 -91 
55 35 
-21 56 
173 -32 
-199 -144 
181 -96 
50 -63 
-13 101 
-43 -177 
77 100 
48 100 
-76 -155 
175 134 
-132 25 
142 -198 
179 -112 
109 -26 
27 66 
127 -172 
23 -56 
126 14 
174 132 
-189 -62 
42 129 
-131 -3 
-110 169 
146 -131 
127 -13 
-47 -113 
63 199 
-19 199 
-105 160 
-95 178 
49 181 
-136 -76 
-97 -75 
-197 -103 
162 116 
95 48 
155 80 
92 -107 
162 124 
38 100 
96 65 
-56 187 
94 187 
-57 9 
110 -141 
-169 94 
-50 -138 
155 24 
-45 -163 
9 185 
-99 -108 
-131 109 
-44 -107 
-35 67 
-56 -104 
116 165 
-7 134 
96 -99 
-197 -44 
-3 4 
72 -199 
151 27 
142 153 
113 95 
-75 -4 
92 -88 
120 121 
41 -31 
149 81 
144 -155 
-5 -159 
-53 -52 
45 69 
-180 170 
-77 53 
95 29 
-64 184 
-156 -193 
-128 55 
108 107 
-46 168 
65 -181 
126 173 
-19 88 
-167 -43 
-155 184 
-90 5 
-29 -105 
136 184 
142 -143 
180 99 
-200 -168 
99 125 
55 -148 
-141 89 
131 -9 
-196 126 
80 -48 
33 -132 
45 -46 
-173 -22 
106 46 
-177 148 
-52 -47 
89 195 
-51 180 
28 177 
117 78 
101 -102 
199 -165 
-176 -76 
56 134 
-56 12 
159 -89 
-143 -129 
184 -22 
-164 67 
-2 -40 
-56 192 
-99 -151 
182 49 
165 -8 
-150 169 
-89 112 
-187 165 
27 24 
-33 -102 
138 -60 
-144 -123 
-62 -90 
-153 -35 
-172 146 
196 -195 
48 -183 
197 -197 
-153 63 
15 16 
-29 166 
-74 -84 
49 -185 
-148 -168 
85 -199 
17 145 
-124 175 
-200 -118 
-119 -195 
-91 16 
64 72 
-169 -152 
32 21 
158 82 
121 -56 
-170 90 
94 -94 
56 -9 
-49 -113 
-164 181 
-62 -179 
166 -133 
-39 73 
-135 -82 
24 184 
-62 56 
24 18 
-51 -96 
-137 -10 
123 147 
192 191 
67 -103 
-186 25 
-54 -108 
-75 105 
160 -133 
-67 161 
140 -157 
97 73 
-126 157 
-185 29 
-128 168 
123 61 
9 -32 
-31 181 
137 -50 
-179 45 
-166 145 
193 -87 
60 171 
155 -70 
-139 -26 
27 179 
-170 -114 
49 -104 
118 -23 
-106 56 
-179 -26 
-89 28 
-141 -122 
-10 -75 
43 -148 
-32 191 
118 -112 
-71 -177 
107 91 
-1 -91 
0 174 
189 -46 
-109 -107 
-193 11 
-23 -26 
118 -1 
2 46 
93 58 
-26 128 
13 7 
76 69 
-139 -10 
27 -143 
38 79 
126 65 
113 -43 
192 -114 
-139 138 
-25 -65 
-162 -69 
146 -148 
-176 59 
198 128 
-132 -15 
-197 27 
-177 -103 
172 75 
23 0 
-121 -184 
-128 180 
-38 161 
-33 73 
38 105 
105 -60 
5 -172 
-185 -38 
-25 164 
-80 -50 
199 194 
181 180 
70 -71 
-137 -39 
-123 2 
87 -194 
100 -182 
-81 91 
69 143 
-85 82 
155 35 
-12 -110 
-23 114 
-26 183 
-57 -133 
167 -23 
-49 -183 
-159 -40 
-153 -145 
60 -11 
159 -154 
-194 157 
73 116 
-37 95 
-54 -194 
-115 -121 
-77 -189 
110 48 
81 100 
16 -197 
-104 -117 
172 -110 
198 41 
145 -24 
34 -168 
-69 13 
-66 -8 
-156 104 
-46 141 
-86 80 
183 12 
-12 27 
-182 171 
185 -3 
160 -120 
-61 -40 
-28 -42 
-111 23 
34 28 
-47 -119 
-133 123 
122 2 
-17 169 
-158 -65 
85 -121 
127 12 
-88 58 
-174 28 
102 -89 
-86 -51 
-83 17 
134 172 
134 -69 
31 165 
155 103 
60 -12 
20 121 
-188 107 
181 -59 
-8 -192 
-76 34 
52 66 
172 -128 
-140 -13 
90 -176 
-69 128 
30 136 
181 -103 
184 93 
136 47 
-158 135 
-156 -184 
-26 -6 
-164 -127 
74 -30 
-118 54 
75 83 
154 142 
-39 108 
47 120 
-30 114 
191 -189 
190 -105 
120 -170 
-178 -122 
-45 166 
-197 -160 
185 190 
172 -119 
167 177 
20 108 
-169 111 
62 -162 
-60 151 
-61 112 
-144 -151 
-92 78 
112 32 
78 -127 
95 -177 
-15 54 
-187 2 
104 43 
85 39 
-146 2 
-186 134 
-161 -58 
-79 -59 
138 -6 
129 113 
-106 163 
-72 -152 
82 183 
142 99 
40 130 
-2 106 
-164 -193 
-82 72 
74 32 
153 -79 
-132 103 
189 -48 
-140 152 
-187 100 
-21 -46 
91 16 
-53 91 
175 160 
183 45 
-39 -62 
-118 105 
152 170 
15 91 
-112 -152 
-46 127 
105 104 
-12 -127 
187 -116 
-78 30 
111 165 
124 -30 
-121 -188 
-122 189 
110 29 
-79 116 
177 173 
39 31 
127 -10 
-97 -80 
144 6 
-115 144 
-139 -75 
-114 152 
-147 174 
-83 -45 
-137 -147 
169 -108 
197 -99 
103 -130 
68 112 
-161 -70 
82 -171 
141 124 
48 -42 
-196 94 
91 -63 
-108 -42 
122 -106 
-70 9 
73 68 
-184 128 
29 122 
-44 145 
-78 4 
-42 19 
3 -158 
-177 51 
-175 -160 
-9 -74 
-155 -58 
-106 83 
36 -39 
-131 198 
-15 167 
-100 -185 
188 -176 
162 60 
170 186 
-183 64 
129 183 
-139 195 
-60 -98 
-53 53 
150 146 
-183 -191 
-139 145 
76 158 
-199 -145 
31 116 
-12 -146 
-98 -141 
65 -179 
71 -192 
195 125 
133 -95 
-45 -172 
107 57 
-11 18 
-78 121 
-125 55 
-137 -3 
103 -23 
171 -54 
-135 105 
-53 -29 
158 -199 
132 -93 
-131 -115 
10 -62 
-176 -124 
144 -123 
-161 -46 
-50 110 
129 -25 
-72 -200 
85 -109 
-116 -190 
-142 -200 
135 46 
176 140 
-77 94 
-193 172 
-121 27 
-7 135 
95 168 
137 -91 
-48 177 
137 127 
31 108 
135 -95 
-78 -101 
89 -71 
29 27 
129 -109 
-67 -21 
-56 198 
-123 -4 
195 115 
-164 -39 
62 -168 
169 -172 
-184 45 
-29 67 
132 191 
22 -184 
108 39 
148 43 
-3 167 
168 33 
118 196 
-44 118 
-116 129 
73 48 
108 153 
-18 -125 
-70 -71 
116 95 
-189 95 
126 185 
-195 85 
132 -145 
-162 70 
30 -146 
-158 54 
-115 -55 
25 68 
-114 40 
-152 -116 
-7 120 
-88 81 
40 -150 
80 102 
132 47 
-94 -177 
167 183 
-71 43 
39 -160 
-150 51 
103 63 
-69 -77 
-23 -18 
64 65 
169 117 
184 -190 
-163 -90 
164 -60 
185 62 
157 -79 
-88 -150 
56 181 
196 0 
-191 -64 
37 152 
57 -112 
-120 -186 
-163 -123 
-151 29 
124 -115 
-103 -83 
177 -43 
-147 -53 
-21 22 
41 -23 
114 191 
190 -57 
-91 161 
138 -74 
130 107 
111 156 
-64 112 
45 -17 
-30 -155 
198 -86 
-127 120 
64 22 
-96 177 
64 -192 
150 166 
-74 111 
56 10 
-146 185 
62 -92 
198 -117 
66 10 
176 170 
-25 -164 
196 30 
-30 139 
149 -158 
164 -144 
-121 166 
193 82 
-68 38 
-88 -71 
-99 197 
-176 -125 
-131 -196 
131 -61 
190 195 
-143 171 
-56 -121 
5 -90 
30 190 
130 52 
81 196 
85 193 
38 -100 
-54 148 
173 27 
161 19 
-101 157 
76 18 
111 -3 
-88 138 
-74 52 
135 -21 
-98 193 
-10 -33 
-25 -130 
185 -191 
189 64 
26 114 
55 -46 
-153 95 
40 -79 
151 99 
117 -3 
-51 74 
148 -118 
-101 -110 
99 32 
-13 -133 
72 96 
135 0 
91 -152 
-90 29 
-51 -98 
42 26 
-27 107 
196 -176 
-178 -171 
7 -123 
-168 -28 
71 -116 
68 -30 
-100 77 
-24 -130 
-70 176 
4 -106 
-28 176 
-107 62 
174 -3 
2 60 
61 -131 
153 -13 
23 -103 
-173 19 
-7 -100 
68 14 
134 -105 
-102 106 
-119 5 
44 -198 
14 -156 
-196 70 
-154 118 
-159 -200 
100 -3 
-140 -100 
-69 -6 
105 119 
185 -175 
82 38 
37 -57 
49 5 
-52 12 
-186 -150 
-133 160 
116 -83 
96 -105 
136 164 
-165 145 
17 1 
48 84 
-195 -111 
161 -104 
129 71 
-37 -52 
70 65 
-38 -59 
-148 111 
-139 183 
13 -188 
-77 91 
23 70 
-102 187 
129 181 
37 166 
-63 46 
124 50 
-194 181 
176 32 
47 -143 
180 91 
115 -80 
64 -177 
128 -39 
132 -180 
194 -84 
-161 -123 
-135 133 
88 110 
-19 -163 
5 -88 
126 -160 
94 138 
39 -159 
-164 106 
-128 -82 
-71 -86 
-99 -6 
-181 115 
34 103 
-49 151 
25 158 
169 -80 
-105 -152 
-155 117 
188 90 
-138 -3 
126 53 
167 82 
40 101 
53 -130 
-99 70 
17 -91 
51 -33 
-1 144 
127 -71 
7 -153 
67 -80 
-109 194 
-17 -3 
-185 -125 
-175 -161 
-97 -194 
-181 -11 
156 -175 
20 -9 
57 23 
179 78 
-123 -19 
139 -59 
-55 41 
-41 -12 
-194 187 
-144 -190 
-42 -56 
84 41 
143 -62 
57 -105 
20 197 
-172 -38 
163 -13 
-60 78 
165 164 
163 104 
42 -2 
-22 -110 
9 153 
-58 28 
-98 49 
177 -41 
9 191 
64 -173 
83 -27 
155 -188 
-140 -166 
161 122 
183 -161 
107 97 
-190 118 
29 167 
-130 -190 
157 78 
113 -53 
78 169 
-133 -12 
-129 -170 
90 -31 
180 -164 
127 -152 
26 -155 
86 189 
-177 81 
-135 -25 
126 -62 
183 -175 
64 179 
49 -13 
-97 -6 
-88 99 
60 -48 
-65 57 
-150 -54 
74 -37 
-89 171 
171 -12 
-39 -119 
-166 -187 
-113 92 
-170 123 
131 80 
-110 -118 
109 21 
147 100 
-184 -200 
-144 -99 
155 158 
18 167 
92 61 
-170 148 
117 -73 
-6 -138 
-34 -77 
-86 -109 
173 192 
-157 144 
52 53 
-153 171 
99 57 
-5 -182 
194 114 
-197 145 
99 -98 
162 155 
165 81 
-165 -189 
-87 49 
178 103 
-34 86 
-119 -150 
-168 100 
54 19 
-10 -142 
-132 49 
-175 199 
150 174 
104 -26 
-9 -4 
157 147 
54 -63 
-32 19 
-58 -174 
-145 78 
141 161 
98 141 
184 140 
154 -114 
199 -71 
0 99 
21 48 
176 154 
-173 98 
-157 -43 
-87 -63 
-87 139 
169 -12 
-139 -125 
199 -63 
1 76 
-21 19 
99 -60 
-71 176 
39 -197 
85 69 
-130 -104 
-83 119 
-125 -5 
-62 -53 
-62 106 
-80 93 
-32 93 
84 -46 
153 142 
-172 -132 
30 88 
17 170 
43 182 
-46 -39 
-133 -168 
-25 78 
-107 148 
-162 174 
57 177 
-144 146 
-83 34 
109 -32 
15 -7 
-126 151 
119 19 
106 -45 
71 -45 
196 -61 
-117 82 
43 69 
-41 152 
91 2 
45 90 
-62 -54 
167 -133 
154 -57 
69 -159 
58 -77 
-93 64 
-9 -48 
54 132 
29 -200 
175 -118 
-10 -193 
13 63 
75 -151 
69 82 
-75 -85 
115 -13 
-76 -46 
165 -168 
-64 -184 
-63 -11 
102 144 
168 -59 
176 -169 
160 187 
-31 136 
34 109 
175 -21 
187 -40 
-182 192 
-49 57 
-46 -110 
-1 -157 
-105 52 
180 -197 
162 48 
161 50 
115 125 
-67 116 
-168 -87 
126 80 
-167 -189 
161 -9 
99 -2 
-111 -109 
11 133 
66 -178 
117 -142 
154 -29 
121 80 
104 -95 
164 127 
176 -20 
-11 122 
183 176 
-140 -90 
39 160 
107 190 
25 19 
-143 122 
127 61 
118 107 
62 12 
-64 34 
-74 21 
123 -193 
87 58 
145 -196 
-148 92 
-172 139 
144 -67 
124 -146 
121 -151 
104 -67 
156 150 
166 148 
119 -198 
-136 -9 
113 -17 
55 -75 
182 -15 
163 189 
197 1 
167 -118 
-158 -81 
-47 163 
-136 -192 
162 -4 
133 179 
81 20 
-2 155 
-58 -199 
136 -129 
14 45 
-100 -27 
-44 96 
19 -122 
-28 167 
-165 -116 
-159 -87 
-111 -131 
145 -110 
47 16 
59 -22 
145 -16 
-88 -49 
138 6 
-78 68 
170 -113 
-120 46 
32 -102 
135 102 
-138 -182 
65 -194 
-13 -118 
-163 72 
-105 14 
-140 6 
-17 102 
-129 -114 
170 -106 
-125 -132 
101 -200 
81 17 
-183 -200 
-118 -21 
6 175 
-23 97 
0 -44 
-116 0 
-123 -42 
-178 174 
193 -138 
69 -122 
128 42 
-4 91 
33 98 
-114 163 
55 -155 
176 -16 
4 -71 
161 -42 
-2 174 
174 102 
189 78 
32 -132 
-118 -158 
-38 -149 
-18 -59 
6 68 
120 -186 
-74 70 
-56 61 
53 158 
-127 -164 
143 -145 
-152 -49 
-145 105 
-149 144 
-104 -110 
-85 139 
-111 -2 
27 98 
192 -113 
175 -77 
125 42 
108 -72 
-131 -21 
-59 130 
134 -103 
95 -156 
-142 0 
138 -71 
118 -62 
104 93 
-65 -116 
-173 -2 
-166 -194 
-181 70 
132 22 
-62 -198 
-155 169 
34 -70 
102 -55 
-169 11 
132 -172 
113 -27 
-49 -53 
135 132 
122 92 
-108 171 
-100 -129 
43 -59 
124 -102 
-3 83 
18 60 
-76 -63 
164 96 
145 -197 
183 -99 
111 27 
-188 94 
-10 -53 
68 30 
150 -157 
-126 85 
61 -179 
76 10 
-96 -107 
199 75 
89 -4 
69 9 
-169 199 
47 24 
54 192 
117 98 
-5 121 
-180 -84 
82 -57 
-29 29 
-164 64 
-181 174 
36 37 
-139 -50 
-19 -11 
127 -161 
-195 132 
187 30 
114 58 
-88 -87 
47 -52 
-76 -19 
139 128 
-98 199 
-9 -163 
180 -190 
16 138 
175 -65 
-119 169 
134 46 
-2 97 
-8 66 
-72 -122 
111 -186 
-85 34 
-36 -28 
-29 106 
-28 173 
51 137 
7 -47 
91 -16 
-53 54 
-32 175 
-45 45 
-99 138 
-184 194 
85 -92 
-79 105 
-29 115 
-52 -6 
100 -125 
53 187 
-31 129 
152 -164 
68 161 
-117 -44 
-122 49 
139 -158 
-113 -158 
-58 -80 
33 -19 
-63 -14 
-186 -154 
62 142 
-147 20 
-89 -199 
197 -92 
-45 -39 
-45 20 
-167 79 
-191 183 
-58 133 
-172 -90 
56 -140 
-171 93 
134 -170 
126 -145 
-8 -88 
-31 154 
-119 126 
-64 157 
-181 -101 
162 -122 
-14 100 
-143 -194 
-77 -136 
67 -131 
-64 60 
186 -22 
6 -165 
95 -169 
-192 44 
-6 -126 
143 149 
-93 -74 
-141 -102 
-43 37 
119 -100 
184 97 
24 -114 
34 -186 
-78 45 
150 88 
13 -114 
83 -104 
-97 86 
80 -171 
-199 -105 
162 183 
114 101 
26 -48 
8 184 
154 182 
-157 27 
130 126 
130 12 
51 23 
-32 -21 
189 -138 
-87 40 
-63 194 
-184 -148 
52 -5 
27 8 
-164 43 
-179 70 
-63 4 
-187 -86 
-154 -113 
39 -191 
-57 62 
-3 -142 
-138 159 
-51 -131 
193 92 
62 11 
64 29 
105 -191 
151 38 
-163 -34 
-86 100 
39 -166 
197 27 
-7 -194 
-58 134 
-37 -68 
27 -112 
-118 -3 
-46 148 
-8 -142 
-91 77 
-59 82 
43 -197 
-36 -59 
126 -1 
158 -82 
145 44 
-147 42 
-162 153 
163 30 
81 -57 
-14 175 
-68 122 
-200 70 
-184 191 
88 180 
-126 78 
131 25 
62 -144 
-15 129 
73 -167 
169 -161 
25 -94 
3 -127 
35 -11 
-82 147 
-130 -188 
-100 -176 
101 -121 
-24 -120 
-77 -125 
53 191 
-153 -40 
-26 -55 
-122 173 
-74 -117 
-121 42 
-67 121 
53 21 
77 95 
12 49 
158 -176 
-154 139 
-165 -23 
-112 179 
-126 -70 
-133 -43 
132 99 
-156 -3 
-100 120 
89 117 
-175 -169 
-105 187 
105 181 
32 -150 
-64 -158 
120 172 
-54 0 
-132 105 
130 -34 
167 148 
179 -58 
-112 87 
62 -197 
-31 -17 
-96 4 
1 63 
-10 172 
-21 38 
157 17 
-54 105 
-147 -133 
-13 -73 
95 -97 
91 86 
-63 38 
25 108 
-84 -20 
184 -62 
129 193 
-71 62 
-80 -34 
79 -84 
33 -83 
-149 -2 
-187 29 
-52 -106 
10 118 
-139 171 
182 171 
-108 -159 
-69 -29 
-87 -174 
4 -94 
-115 -191 
126 26 
166 180 
122 69 
-5 159 
-98 -194 
-163 -50 
-7 -169 
-6 135 
-54 114 
158 -9 
-57 -65 
191 -102 
-159 -15 
89 135 
-92 -105 
-25 -41 
-27 19 
154 -159 
-86 118 
-46 -52 
78 -123 
-109 154 
-108 -114 
183 51 
-97 -162 
108 10 
-76 -185 
-150 -199 
11 -109 
-46 171 
-20 135 
122 -135 
-113 3 
-170 -134 
-124 -88 
-123 83 
171 -18 
-171 94 
163 -34 
38 -193 
-105 55 
-161 22 
-23 11 
-43 -182 
156 56 
-109 -118 
167 -174 
-4 -73 
-176 -152 
190 -53 
-104 173 
-170 -40 
95 75 
96 149 
178 56 
46 -81 
-187 135 
-125 -30 
40 196 
177 -79 
-137 -47 
-57 -139 
-28 160 
-55 -181 
99 181 
12 -132 
-89 -187 
90 -117 
28 100 
-90 -22 
73 -29 
-194 140 
-158 -87 
-103 -62 
-157 -64 
-11 -24 
-105 142 
21 29 
-29 0 
-159 -122 
158 16 
-17 -114 
-104 90 
-85 -57 
14 112 
123 -23 
85 83 
56 190 
-165 47 
157 89 
4 -148 
131 -72 
17 163 
-55 -63 
-173 62 
-44 107 
-68 -135 
-150 111 
20 107 
131 -76 
94 149 
91 132 
53 -118 
-109 -101 
153 -158 
-163 122 
-161 15 
85 -145 
30 -126 
24 -183 
-179 -71 
-189 -196 
2 -170 
147 102 
151 105 
-196 28 
-175 -135 
180 -182 
128 -133 
-183 -81 
-37 96 
111 -77 
-91 -175 
-56 -64 
65 -81 
4 -90 
138 -165 
-32 -132 
2 145 
-11 -61 
65 -53 
165 152 
-170 -95 
-77 -169 
5 -114 
192 -135 
-46 -13 
145 -193 
196 -136 
-27 161 
-57 172 
-199 89 
-15 119 
-116 36 
-71 -60 
-113 -6 
-30 -62 
-107 198 
-194 -82 
26 16 
-127 -73 
145 -172 
-59 -76 
114 -175 
-173 -149 
-150 -34 
195 143 
-89 132 
47 192 
-105 -193 
-91 -135 
112 -183 
-82 -114 
74 -58 
39 156 
152 141 
-54 -103 
50 142 
15 -18 
-68 133 
-156 -20 
-42 136 
31 49 
-84 119 
62 103 
22 79 
-96 119 
-25 101 
24 96 
174 114 
-152 -135 
-108 162 
-19 -131 
131 4 
168 -192 
191 -29 
-138 46 
10 -43 
-93 -46 
-76 -51 
-96 63 
-74 -180 
-59 -158 
-95 -108 
113 -107 
20 -22 
-7 117 
140 -133 
-147 -43 
190 -131 
33 100 
-63 101 
-57 151 
0 19 
-13 0 
151 -136 
-79 134 
-50 -142 
-69 -73 
70 44 
-68 -63 
-181 -49 
-177 13 
-139 -45 
-4 -38 
19 -25 
-141 -97 
134 70 
-175 125 
-14 -124 
-128 -18 
194 -175 
-132 114 
-174 -93 
185 -58 
-150 166 
-58 166 
23 190 
-74 85 
126 -103 
9 -101 
-156 -42 
-186 37 
-10 112 
-137 56 
-193 136 
109 100 
-19 -94 
128 -103 
-138 93 
-146 -195 
-33 165 
-51 -132 
-8 -170 
-41 -9 
185 -173 
58 -189 
185 85 
-35 -77 
-34 -133 
141 44 
83 11 
63 99 
-124 -50 
-6 -162 
-12 36 
-55 -166 
-130 121 
-105 34 
46 130 
154 122 
40 71 
-176 -58 
-189 -109 
115 -186 
127 117 
-78 -47 
139 -122 
-187 37 
184 107 
-83 134 
-15 174 
69 -73 
175 95 
-120 4 
198 -134 
-15 101 
55 12 
-165 -90 
-117 191 
-145 193 
169 176 
105 -20 
-182 -23 
-49 -9 
-26 11 
179 -42 
155 -28 
-25 20 
-86 168 
-145 125 
-20 79 
-160 3 
-30 150 
-115 130 
-6 107 
-140 -119 
-91 -20 
-81 -106 
80 -35 
-67 -166 
27 -107 
-79 179 
159 22 
-147 55 
178 -21 
-110 97 
-199 179 
-22 87 
-82 30 
105 -89 
-21 153 
-166 14 
-161 129 
-165 85 
80 7 
-115 39 
171 -114 
-132 -75 
-21 9 
-159 -161 
63 -34 
31 138 
-8 -138 
116 -76 
-40 164 
102 51 
3 84 
59 70 
49 184 
26 -145 
-177 65 
-136 71 
-27 -16 
50 149 
40 -72 
-48 -72 
-156 170 
187 -135 
-55 -6 
-184 -142 
-160 -135 
28 -28 
97 -95 
-30 55 
66 -12 
-128 196 
-171 56 
45 -169 
-50 25 
-24 -89 
-182 191 
68 -108 
-73 -8 
-136 -103 
132 -10 
-48 -51 
-103 195 
-168 -128 
-198 -165 
141 -159 
58 195 
97 3 
-169 -162 
26 -161 
-197 78 
-196 -10 
-37 -166 
-119 114 
198 199 
37 -170 
-119 -194 
77 -135 
-153 59 
115 -200 
114 181 
68 -4 
158 -48 
117 124 
-27 16 
65 -163 
-53 96 
105 9 
-115 79 
96 -16 
36 145 
12 -19 
-184 65 
56 76 
84 40 
154 2 
-35 -85 
-57 -172 
-138 38 
-180 -20 
-170 186 
-131 -93 
-184 160 
-197 143 
-28 -166 
-167 25 
-141 142 
163 -10 
-31 170 
-78 94 
182 -65 
-30 165 
-28 2 
95 -191 
-165 4 
-142 57 
-14 173 
187 -148 
148 183 
-115 168 
-49 124 
84 -183 
8 -68 
154 -111 
85 175 
-151 -137 
-20 195 
-8 9 
-127 -35 
177 -186 
172 141 
-180 -142 
141 197 
-52 183 
-11 67 
-199 31 
11 138 
42 1 
-174 70 
-25 45 
77 -99 
131 5 
-168 171 
91 112 
-173 -159 
-16 -130 
-145 77 
-39 117 
-62 115 
-36 120 
15 112 
69 37 
-194 196 
44 -154 
-86 142 
-28 -135 
-138 17 
28 63 
-87 22 
56 -165 
196 132 
-19 -77 
196 -21 
-149 -53 
-198 114 
23 -7 
73 -85 
158 81 
198 -138 
-77 141 
167 147 
65 -114 
175 61 
-31 -49 
31 -98 
-37 105 
-73 71 
61 -114 
-153 -55 
-185 -154 
-136 43 
-98 65 
-140 93 
146 -199 
16 -120 
43 -155 
182 -110 
121 32 
-89 -66 
4 -164 
38 185 
-134 -65 
-74 -88 
130 157 
149 102 
38 2 
-13 -5 
-40 -119 
160 132 
40 157 
182 -78 
-147 34 
9 48 
196 72 
106 -49 
133 -156 
-8 -160 
97 118 
-124 73 
112 136 
-135 -58 
81 58 
7 81 
-127 -42 
-33 -189 
-162 -161 
-107 -129 
-188 33 
-104 -83 
187 -31 
65 120 
-82 168 
69 120 
-112 83 
2 102 
34 53 
32 -44 
100 77 
-34 -58 
111 -191 
32 -154 
-9 142 
14 -134 
130 -173 
119 -10 
99 178 
-193 123 
-187 -153 
145 -42 
31 -57 
32 190 
-146 -149 
55 -25 
-4 82 
43 -12 
106 113 
38 -200 
116 -174 
-78 -132 
-111 -79 
62 190 
-187 -193 
-49 -79 
100 -99 
65 -19 
-7 -65 
189 54 
-153 68 
-92 53 
188 -75 
-73 5 
96 -90 
-66 -144 
-106 -31 
83 -68 
-73 189 
168 44 
42 15 
-155 -174 
99 -7 
-133 9 
170 2 
139 189 
-94 83 
95 -173 
40 -89 
-190 -194 
-140 -139 
128 83 
-1 128 
-111 155 
30 18 
-116 126 
139 -39 
-109 -38 
140 31 
-25 147 
-51 -195 
179 -100 
-150 64 
76 181 
-62 -126 
-66 42 
-177 -58 
-111 -23 
133 67 
166 -166 
-36 -57 
169 8 
119 104 
-128 -50 
-102 115 
21 -15 
185 -12 
-22 69 
-34 57 
29 0 
-148 -123 
143 172 
-61 124 
-59 -100 
166 -185 
153 182 
-93 150 
-169 197 
-32 -160 
30 58 
-133 -149 
63 -200 
40 -147 
-3 -137 
65 66 
-81 113 
189 11 
97 -102 
79 112 
53 25 
-59 -68 
24 137 
93 -148 
33 -110 
-164 -71 
-97 -81 
36 189 
-24 -173 
64 20 
21 -97 
-126 50 
-160 -119 
-135 88 
-165 -36 
-5 -26 
-9 55 
-21 -180 
52 92 
-186 -13 
-98 84 
-126 -40 
-112 118 
124 77 
-196 -96 
143 113 
88 -197 
-68 -3 
158 23 
-189 169 
-131 11 
-102 79 
116 48 
-116 -134 
-57 -109 
-78 -32 
-55 -128 
148 -142 
-89 49 
-44 103 
19 36 
113 121 
-159 -13 
89 -26 
109 -60 
-54 -19 
186 -121 
-33 149 
-190 -114 
-179 -65 
117 -62 
-118 -85 
-77 24 
52 192 
-158 45 
193 -192 
76 49 
-138 -81 
10 -146 
108 11 
-54 -51 
-163 -186 
64 -146 
-113 6 
35 163 
-36 58 
-77 -110 
96 180 
45 -130 
-37 -43 
-64 -83 
90 71 
135 -42 
81 -188 
-112 -141 
129 39 
176 -73 
146 -99 
31 105 
160 -95 
-104 72 
-28 67 
-59 191 
-57 -179 
88 -146 
63 -76 
199 182 
174 -123 
47 -12 
-171 48 
-46 194 
-173 -73 
-106 63 
-200 89 
178 -9 
-2 -26 
138 8 
71 -64 
167 44 
-158 -54 
-66 90 
-29 72 
-4 -49 
-175 -132 
-155 48 
7 135 
134 -57 
-36 -122 
-98 -121 
50 26 
-75 151 
-177 -181 
98 4 
143 43 
-34 -181 
-173 -143 
43 100 
130 149 
28 80 
-93 -73 
55 -105 
72 179 
-19 -139 
104 108 
95 -86 
-67 56 
199 175 
86 8 
-147 -5 
-122 73 
-97 157 
-28 -95 
35 -23 
-100 121 
151 -57 
-128 -28 
-129 -188 
-177 114 
-73 66 
-177 -62 
-108 -186 
-122 3 
65 195 
-179 -200 
-114 -163 
-83 165 
171 168 
-170 -185 
73 183 
-76 -114 
167 -146 
2 93 
34 -65 
-178 -46 
-83 -159 
-91 128 
90 -68 
139 115 
44 2 
64 -86 
86 45 
13 25 
124 -129 
-56 145 
-112 -148 
170 -10 
32 -94 
180 77 
-164 -142 
-25 -105 
4 193 
18 189 
-173 -83 
26 52 
17 -47 
-185 145 
62 126 
-190 -88 
133 -103 
114 27 
-181 -20 
8 107 
-96 -134 
-145 -79 
-70 -94 
98 -171 
138 -62 
-180 55 
-11 -121 
-30 -175 
-112 146 
11 2 
-117 13 
30 168 
-125 -198 
162 59 
195 -64 
177 133 
186 175 
0 -189 
61 -143 
131 -134 
199 -181 
-48 190 
-25 80 
-59 7 
-6 -57 
-90 -5 
-165 -78 
186 73 
-184 49 
-187 93 
-119 -143 
36 -157 
-149 143 
78 61 
197 94 
126 -82 
55 154 
-103 180 
-172 76 
-71 121 
-138 -44 
150 -109 
130 -115 
-174 -141 
93 -175 
-179 190 
153 -85 
-100 -61 
52 125 
168 87 
108 -20 
77 -19 
-109 95 
-85 161 
-172 -178 
-24 131 
151 -152 
184 -13 
-66 15 
-21 85 
-41 150 
34 -176 
4 -105 
-157 -144 
95 154 
173 44 
-183 33 
-175 -103 
-86 103 
131 66 
111 -91 
107 -197 
-83 48 
-163 -150 
-111 -31 
-35 -17 
34 -17 
-32 52 
-44 20 
20 -197 
193 9 
149 -33 
-20 -98 
-87 59 
-45 -187 
-92 -148 
191 61 
-148 28 
-9 -138 
65 -118 
41 -106 
33 120 
-155 194 
-20 36 
-71 -185 
-39 33 
-33 -37 
-197 77 
-133 184 
49 1 
-54 64 
-73 -84 
-39 132 
-173 -122 
149 190 
38 -52 
-108 -11 
124 49 
-164 72 
-169 152 
33 -85 
-147 3 
-96 -126 
197 42 
69 15 
35 -150 
-109 1 
16 41 
84 131 
118 -18 
-66 -73 
-175 167 
-35 -115 
195 -24 
84 16 
-41 -38 
-130 182 
-154 35 
-33 62 
-77 -190 
64 -99 
-91 135 
-91 198 
-195 101 
-101 -31 
-15 -115 
-1 -47 
31 23 
170 -135 
47 50 
-138 -84 
-47 -142 
117 -108 
-129 22 
-22 -123 
-1 -9 
-106 107 
-82 -32 
-98 -140 
188 65 
86 128 
97 148 
136 15 
153 133 
-80 -7 
82 108 
91 142 
-119 140 
-49 -30 
96 92 
-193 83 
-152 61 
189 153 
-194 -48 
-21 -145 
144 -15 
28 -150 
140 -106 
77 -8 
-101 189 
189 156 
95 -42 
-139 -65 
47 1 
-200 173 
-94 152 
-171 -41 
135 -179 
-15 -52 
78 -156 
18 -126 
-178 -189 
-114 138 
-73 29 
-28 -193 
37 73 
-177 -74 
-181 29 
-156 -81 
-72 -168 
-12 192 
-172 -102 
-57 14 
84 -32 
164 107 
-92 -143 
151 -9 
-188 193 
-184 -174 
-21 -118 
134 -188 
-158 -14 
67 -153 
36 98 
22 29 
-107 -199 
-33 13 
55 -118 
29 92 
109 199 
-137 175 
-67 -189 
98 -112 
-99 -92 
63 -55 
-200 -72 
93 -123 
-122 36 
-26 191 
93 87 
97 -19 
122 -30 
125 -29 
181 78 
75 127 
173 -46 
102 20 
-157 -4 
-40 -15 
-168 -1 
52 -98 
-9 101 
106 81 
45 132 
175 112 
2 107 
-169 47 
8 15 
44 90 
-109 24 
10 -86 
192 98 
-154 -101 
-110 43 
-56 142 
-169 -130 
-168 64 
139 6 
31 -159 
54 137 
121 170 
163 194 
9 85 
145 51 
13 79 
-130 189 
-101 68 
-7 -114 
5 84 
-93 18 
-46 45 
-100 -48 
124 -101 
-120 62 
-35 -149 
-101 -17 
-69 -118 
184 126 
-117 -100 
52 194 
122 186 
150 107 
-92 193 
-112 -166 
-40 -194 
-122 -151 
-65 75 
-104 -48 
-141 179 
-36 176 
18 -45 
-144 90 
-63 -41 
-114 -73 
-107 -198 
193 -81 
8 61 
19 171 
-105 -58 
-15 -184 
-77 -8 
18 162 
18 -189 
-145 100 
13 94 
52 -14 
-76 -195 
87 91 
-57 12 
-50 36 
89 182 
-41 -154 
53 50 
129 -85 
-129 130 
182 57 
-1 55 
146 -5 
150 -177 
-178 51 
-72 -93 
-69 4 
120 158 
160 -38 
-62 -192 
158 193 
-135 -62 
179 -105 
-188 -98 
44 10 
-13 157 
-15 35 
-160 -146 
-176 -15 
116 26 
79 89 
71 -77 
-52 52 
-62 111 
52 79 
43 -142 
-173 144 
-109 -3 
49 -100 
-71 -49 
4 -193 
45 -74 
-86 119 
88 177 
131 26 
-134 -194 
-50 168 
-109 103 
-163 -89 
130 194 
-9 143 
163 -59 
-162 132 
-180 -197 
11 96 
-140 103 
-51 149 
50 98 
-154 -11 
-105 -83 
166 -153 
43 -58 
90 -89 
-120 -127 
33 -71 
-69 62 
197 -41 
-134 134 
-165 -61 
89 -196 
-11 55 
-81 101 
28 -8 
45 137 
192 -197 
141 140 
-133 172 
141 -119 
13 -124 
148 155 
-18 -151 
133 119 
163 -66 
133 -111 
-102 -17 
-89 100 
17 59 
140 190 
39 -198 
-54 -137 
78 -121 
-37 146 
-90 -18 
137 -115 
41 -41 
-24 151 
107 -156 
126 -92 
161 -65 
-196 -198 
-182 107 
-77 -167 
174 97 
138 -93 
-116 30 
-81 -103 
-5 -57 
195 17 
48 -184 
48 107 
128 -82 
148 111 
5 -128 
-83 -196 
185 119 
144 -5 
-89 126 
197 -21 
-148 -169 
-110 -121 
-150 150 
-131 132 
199 -85 
-13 -94 
22 112 
-118 110 
199 -182 
-174 63 
-17 -138 
-123 184 
-21 -84 
-104 58 
122 -40 
71 151 
143 68 
-76 -81 
151 150 
-121 -100 
176 113 
84 -192 
-5 -193 
-2 -154 
158 67 
-194 -40 
194 113 
-74 146 
-100 83 
101 150 
79 58 
-126 -18 
16 52 
15 192 
-115 192 
61 -169 
188 84 
90 -87 
-68 -60 
-128 -147 
-42 197 
95 -51 
-153 -4 
-17 -145 
199 157 
-98 -122 
-52 -9 
96 40 
-183 -43 
105 -170 
98 75 
-137 135 
-57 -32 
-46 121 
-66 57 
-134 -179 
49 -71 
74 -45 
-64 127 
-28 -9 
71 -71 
-45 175 
-180 -90 
48 -180 
-102 -48 
-13 25 
136 21 
30 124 
153 -32 
79 168 
-43 144 
105 -83 
-117 5 
-6 -146 
-16 91 
81 16 
164 -182 
-95 32 
-186 -34 
36 110 
80 -10 
143 -149 
-159 160 
188 161 
-141 -55 
88 -131 
95 -40 
-171 -58 
188 -53 
-18 -95 
-94 17 
172 -8 
95 -106 
-43 -185 
-132 101 
-107 83 
-15 -53 
-86 61 
-51 170 
188 -54 
-108 -169 
33 143 
-116 176 
-9 -116 
-49 -131 
-32 -53 
13 -118 
192 -149 
40 12 
-98 -101 
110 180 
8 136 
-114 -75 
-198 21 
164 196 
195 -126 
85 -168 
-151 68 
76 20 
65 173 
-21 59 
169 -69 
142 -13 
134 127 
-119 39 
138 -66 
67 -58 
-29 98 
-188 1 
-76 -153 
-16 169 
25 -118 
-127 -14 
123 28 
164 -136 
109 -57 
50 109 
169 57 
-161 6 
196 -66 
115 175 
-76 -166 
-137 195 
185 25 
196 35 
-178 -51 
169 159 
87 -76 
109 16 
173 -8 
185 -117 
-84 164 
-188 149 
7 168 
-59 -149 
89 -144 
54 34 
139 123 
-118 -81 
-36 79 
-8 39 
135 182 
-98 22 
-10 166 
64 -19 
108 -4 
43 106 
-1 -42 
97 181 
-25 158 
23 81 
21 -196 
-166 54 
-11 -176 
88 -8 
-3 -81 
-15 -3 
114 -75 
40 -49 
89 52 
-48 181 
139 27 
-25 162 
-186 -41 
29 24 
-104 -131 
121 143 
-128 -135 
-146 -88 
-4 -196 
-177 -72 
-57 -8 
-80 -150 
55 113 
156 142 
23 -92 
39 128 
117 -82 
-193 -187 
196 59 
52 -34 
142 193 
-43 -191 
-51 -83 
76 -192 
163 110 
-163 -88 
111 75 
165 197 
169 -77 
45 -52 
-149 -199 
90 146 
-91 149 
135 186 
21 39 
-182 -67 
-132 -6 
-151 -51 
-177 -153 
-124 24 
-6 34 
169 122 
-49 129 
187 -111 
-66 -187 
-152 -69 
-24 60 
-90 180 
148 -92 
-41 121 
6 -184 
-161 -109 
66 68 
-155 -26 
-167 -62 
87 168 
-65 -155 
-103 -22 
127 -154 
82 42 
-195 -29 
-151 93 
33 161 
29 -173 
43 -17 
186 65 
-35 156 
-39 107 
116 -52 
33 -13 
-144 118 
122 129 
93 126 
23 -146 
-10 113 
-108 166 
95 114 
-13 -57 
148 14 
-72 -85 
190 110 
-30 -66 
18 121 
-51 -117 
138 -87 
148 -110 
-126 74 
105 197 
-173 176 
117 -143 
121 89 
-131 98 
-43 191 
21 -135 
32 -20 
175 67 
-82 97 
151 144 
-30 161 
51 127 
-44 81 
149 188 
-108 102 
-62 45 
86 -127 
52 72 
35 154 
-65 -85 
-110 154 
75 79 
195 52 
-156 -35 
117 -164 
97 -100 
-175 54 
-143 -152 
-132 -179 
17 174 
-23 151 
-44 126 
21 98 
-195 -184 
136 -177 
-18 48 
179 -67 
15 102 
183 -121 
139 51 
91 -153 
-34 133 
96 -62 
-106 82 
78 156 
104 -180 
78 -111 
169 143 
36 88 
0 -188 
77 -148 
-56 -50 
184 75 
-55 -102 
176 -104 
-60 103 
-179 137 
185 -127 
-54 -61 
-129 116 
-28 178 
-122 115 
-19 -188 
-10 179 
186 -52 
29 143 
-181 123 
39 -167 
110 -8 
110 12 
-30 -64 
126 120 
-31 -130 
-28 -91 
51 -106 
184 62 
20 -117 
80 -31 
-11 -23 
115 -10 
73 -139 
-68 -71 
195 -105 
105 -175 
-107 11 
-167 78 
140 -107 
-53 -193 
172 -15 
194 71 
8 -83 
-41 -152 
-92 150 
-193 -12 
13 -20 
-132 131 
-29 116 
162 68 
114 88 
-165 -148 
-147 -111 
56 -34 
-103 69 
-55 42 
-126 -168 
-163 -41 
-148 -55 
-52 34 
-16 -49 
-199 -184 
-197 -135 
84 139 
-31 -121 
-77 -26 
182 79 
-17 -81 
196 120 
-38 -159 
-162 -24 
-128 144 
127 58 
119 185 
72 95 
108 -125 
199 192 
-178 23 
35 26 
-129 -64 
-111 -80 
132 -57 
116 17 
128 192 
-186 -113 
-94 -63 
166 38 
-50 -196 
-2 -126 
191 -154 
-116 93 
104 -81 
-47 -79 
110 -143 
-167 110 
-75 80 
-124 119 
86 -42 
32 147 
62 -49 
27 -32 
-28 60 
-188 -108 
193 38 
160 70 
-30 67 
-28 71 
163 11 
-34 50 
22 -14 
77 -49 
-121 3 
77 35 
82 -146 
-172 -75 
164 -110 
135 128 
-69 73 
-190 117 
120 63 
-114 -173 
-76 193 
7 183 
49 -10 
47 -126 
47 63 
147 -144 
142 37 
-100 -189 
59 27 
195 -15 
27 -183 
26 -77 
183 -149 
174 87 
153 -23 
-139 -184 
97 -153 
155 132 
-24 -3 
166 63 
5 -43 
189 22 
29 -24 
18 15 
-57 -180 
-155 148 
105 -156 
-73 -30 
14 5 
-131 -90 
-10 -119 
-60 -34 
50 85 
110 8 
-178 49 
-126 -129 
47 40 
-85 -23 
186 -139 
-132 -62 
-93 134 
-71 -139 
-10 -12 
29 -106 
134 107 
141 -167 
175 186 
-109 -56 
173 13 
180 80 
54 -163 
121 151 
-77 -52 
-28 -122 
8 -181 
151 -39 
-52 -7 
-56 14 
-110 0 
-68 -125 
-197 -187 
176 -33 
-192 60 
122 -198 
-109 175 
23 -196 
9 95 
-54 -122 
35 99 
104 -73 
173 -133 
-39 70 
0 -110 
-33 -57 
191 -30 
-44 -86 
-68 -199 
172 -48 
120 -193 
78 80 
23 197 
-192 129 
95 -13 
-154 -58 
151 167 
79 -115 
59 -187 
-11 -173 
21 -55 
-9 189 
-5 -3 
-66 6 
-57 161 
174 -176 
172 137 
-18 -73 
-108 156 
82 72 
6 87 
-149 -151 
132 -152 
-196 -182 
130 69 
-35 174 
144 184 
102 15 
179 7 
-150 86 
-123 -177 
-127 -110 
-31 9 
-189 189 
-67 155 
-180 89 
-26 100 
-75 -126 
-132 -102 
27 -41 
15 -54 
146 -194 
-116 6 
175 -162 
66 -9 
-96 -86 
-88 -99 
165 43 
-22 170 
52 60 
34 56 
-200 -51 
-8 -114 
-89 136 
195 179 
194 -16 
83 70 
194 -199 
102 -12 
-139 -56 
-85 164 
-33 92 
-155 -115 
-173 -47 
-12 197 
12 -48 
-82 -112 
-85 116 
-117 174 
38 84 
60 -121 
-39 22 
136 -121 
192 -143 
-158 195 
117 1 
34 -35 
-40 128 
-160 174 
100 -64 
110 -108 
66 -89 
-105 -96 
99 -11 
87 -102 
186 137 
2 199 
77 124 
-168 -155 
111 96 
-12 189 
-173 -51 
25 -68 
-154 9 
122 -144 
180 -74 
155 -185 
-187 -122 
109 -141 
76 6 
-20 167 
-20 147 
-125 -78 
-165 70 
-109 -51 
-83 22 
-86 -20 
-110 180 
199 -20 
149 129 
8 146 
-74 125 
-144 47 
8 -152 
88 184 
-123 -30 
-19 163 
-190 115 
-41 124 
153 112 
131 -189 
-132 80 
-70 -101 
70 -139 
-109 76 
107 78 
9 -10 
69 -88 
13 -156 
74 -158 
-46 193 
154 61 
-32 -140 
85 35 
-74 -200 
-183 144 
-35 -86 
-54 42 
-24 74 
137 111 
-183 34 
162 18 
-3 32 
193 -26 
136 67 
-175 -166 
105 -72 
97 -70 
-123 199 
98 6 
-189 -199 
-106 102 
104 28 
53 23 
7 16 
15 25 
-114 -179 
23 91 
159 -194 
52 82 
47 -114 
158 -7 
-98 -9 
-180 -103 
176 -37 
-184 101 
-20 -21 
82 85 
78 -53 
-50 -185 
15 -104 
98 -49 
15 179 
7 -39 
30 -43 
-113 -196 
-60 133 
-31 19 
36 -18 
40 -122 
-112 -151 
22 -23 
150 -22 
129 -142 
1 17 
-171 -114 
-44 89 
-164 177 
115 -61 
-98 -7 
-172 -150 
1 15 
-83 84 
6 137 
185 -64 
151 47 
-8 171 
-165 159 
-121 -138 
-31 -28 
-26 -44 
21 67 
115 34 
-169 -60 
89 -62 
-70 45 
-171 104 
-98 58 
-39 41 
30 113 
171 87 
19 -99 
78 -32 
172 -129 
-122 67 
-65 -110 
51 -64 
-47 -76 
-86 101 
93 6 
-126 19 
-75 101 
-180 -127 
-96 -47 
186 -153 
-29 -40 
172 -177 
-35 -11 
24 194 
-72 118 
-55 -101 
-67 -128 
-199 52 
95 -146 
77 30 
111 -142 
99 84 
-119 103 
187 141 
40 58 
81 146 
-167 -53 
187 -80 
-155 183 
6 -174 
108 174 
-174 -101 
87 152 
0 -111 
7 -44 
-35 -93 
196 -35 
67 56 
-53 116 
-58 -39 
-111 92 
191 15 
71 100 
-90 -34 
-189 41 
37 -191 
61 160 
-148 -50 
-18 21 
88 -119 
175 47 
-28 -134 
-165 -160 
-29 -72 
42 188 
76 -79 
-70 97 
-40 -185 
145 23 
96 -1 
173 -150 
-127 -193 
173 -137 
-17 -22 
-99 79 
-105 123 
107 -117 
-191 -86 
194 -166 
-164 -168 
7 -154 
-45 -126 
-31 96 
-79 186 
199 -105 
192 -140 
123 -68 
9 125 
188 115 
45 93 
43 136 
160 -4 
-117 -105 
174 -146 
80 68 
130 34 
30 1 
23 149 
155 -104 
-67 103 
59 58 
195 -13 
138 -18 
-129 164 
-27 -42 
114 124 
192 0 
33 -16 
-107 96 
91 -179 
-27 75 
115 145 
34 37 
60 -122 
-183 187 
131 -130 
199 135 
117 -70 
-180 -43 
-175 113 
-141 105 
-45 86 
-188 36 
107 129 
-55 158 
-153 58 
-28 103 
-24 92 
-97 -49 
-137 -159 
-171 -133 
-149 -20 
-39 -60 
-56 125 
-168 -135 
61 -81 
185 160 
-101 172 
91 32 
93 -189 
196 -161 
-84 -27 
119 24 
-130 -81 
-147 125 
-5 187 
172 -187 
-34 -169 
23 170 
-186 31 
-130 102 
178 132 
-149 109 
-142 109 
189 -30 
128 162 
-48 -167 
-150 32 
-72 199 
-160 167 
116 -188 
78 52 
-146 40 
142 -103 
156 -91 
67 120 
4 -190 
-120 9 
182 -164 
188 -103 
-89 117 
4 20 
3 -186 
89 65 
11 -193 
59 -128 
-116 -63 
-51 -6 
177 -111 
146 -144 
-45 72 
-7 -154 
-127 48 
-146 -135 
-32 198 
161 -109 
-200 -172 
176 -58 
118 -37 
-87 153 
49 -20 
-200 -119 
-140 -138 
87 -158 
31 181 
89 70 
-100 0 
149 11 
-6 116 
-93 29 
-193 94 
148 128 
-119 -55 
-25 -72 
73 -146 
190 130 
-20 -42 
-124 -109 
189 -105 
-150 102 
-151 -191 
-188 173 
106 -195 
117 68 
106 136 
76 31 
-157 -79 
-133 -76 
-64 117 
157 -7 
40 -114 
135 133 
-186 152 
137 -57 
-150 -137 
61 157 
-72 104 
-86 -178 
-110 127 
-29 -82 
146 -197 
-27 28 
-56 -1 
154 158 
-87 -16 
-36 19 
-59 8 
-113 -63 
76 -61 
65 -55 
-71 -141 
-34 150 
-155 -35 
53 -91 
8 -163 
87 98 
-142 151 
-45 -77 
-118 46 
-169 117 
-76 120 
-119 78 
-79 78 
30 95 
-100 -91 
-21 190 
97 176 
-178 -111 
-39 152 
126 -56 
-50 -23 
168 9 
33 -138 
107 -163 
182 -30 
-134 -30 
-166 -151 
-102 158 
-22 65 
-190 128 
99 185 
-152 -55 
138 -65 
-19 -187 
-140 15 
-54 -186 
-86 147 
-196 -190 
-106 16 
175 -197 
-138 -100 
-44 -58 
82 31 
-179 -93 
143 -55 
-112 -176 
35 188 
-27 -53 
31 47 
-146 -108 
-155 6 
61 134 
158 -71 
-195 -150 
71 -37 
-22 -154 
171 70 
105 -138 
15 -184 
69 -50 
-26 23 
-86 -75 
155 -65 
-157 140 
131 -91 
14 101 
29 39 
107 -148 
162 -96 
-151 72 
-22 134 
-109 72 
16 198 
-67 -193 
59 196 
195 43 
-125 161 
-14 -74 
-177 20 
76 -190 
65 31 
166 -20 
-7 -153 
170 115 
-171 163 
-149 122 
91 199 
102 -1 
-178 -47 
-71 -72 
-136 -190 
-41 -49 
164 85 
-116 85 
-75 -61 
39 92 
-187 -164 
87 137 
6 156 
179 -82 
88 124 
130 91 
-98 94 
-28 -39 
-99 62 
41 33 
-17 65 
-153 -119 
-87 -164 
179 16 
-111 -26 
172 191 
141 98 
141 -41 
57 35 
-12 -103 
54 7 
47 -76 
149 61 
85 150 
88 66 
151 -110 
85 -46 
138 192 
-86 -29 
143 148 
100 -78 
-165 108 
166 72 
-167 19 
-109 -85 
-5 -122 
36 -124 
-22 -83 
104 -10 
-92 -158 
-105 118 
-172 162 
38 51 
73 9 
-171 166 
-183 37 
-135 14 
-24 23 
-61 198 
-64 28 
-164 -79 
-144 -89 
-103 136 
145 40 
-120 -154 
-194 -57 
198 19 
-73 -34 
6 -63 
-116 -26 
-89 -71 
-45 186 
-77 -117 
-104 56 
119 15 
172 13 
-23 22 
18 197 
166 -200 
-93 -192 
-188 -144 
103 -154 
-75 38 
93 -34 
106 115 
-58 -94 
79 -36 
-55 -41 
-123 -54 
-53 47 
-110 -16 
-155 20 
117 -9 
192 -132 
117 69 
48 -46 
148 194 
-118 97 
-55 58 
30 -139 
91 90 
138 -21 
167 -162 
-24 24 
-167 156 
64 141 
-50 102 
113 -91 
138 61 
-65 -106 
92 144 
92 -178 
-19 153 
163 -81 
101 125 
130 72 
-152 141 
-37 179 
134 -194 
1 -81 
40 121 
-2 92 
-149 180 
150 -44 
-22 125 
155 -41 
94 -51 
24 -198 
-46 174 
20 104 
165 -177 
-52 112 
166 197 
-109 -169 
12 103 
14 129 
165 -19 
131 162 
117 46 
-67 53 
-181 -102 
84 -28 
-77 -40 
89 -5 
-1 149 
1 -37 
-184 156 
42 -70 
-169 7 
108 178 
182 31 
87 13 
-29 -54 
-130 195 
-92 77 
-164 -80 
197 183 
-46 -1 
-135 -7 
88 -54 
150 -170 
93 18 
13 37 
-18 111 
-95 193 
-133 101 
128 101 
67 180 
92 -161 
141 -7 
112 -55 
-28 -161 
-6 48 
123 -191 
-97 6 
197 14 
-144 -182 
150 89 
-154 -19 
-14 -99 
134 -5 
163 88 
32 -194 
166 -74 
31 113 
-80 -198 
91 -111 
-180 -147 
188 -63 
35 -61 
44 -147 
177 109 
-62 22 
-25 93 
148 -39 
173 149 
59 31 
-51 -176 
-175 -148 
-37 178 
-35 154 
188 -92 
-61 -5 
-35 110 
-76 103 
-177 -46 
39 180 
104 196 
-166 47 
-40 -87 
-30 197 
-14 -64 
-46 178 
-73 82 
34 -72 
47 122 
-41 21 
-9 147 
-198 63 
-98 -14 
-28 -103 
25 127 
-67 -28 
125 74 
-88 -109 
192 -182 
20 0 
52 -154 
101 -145 
-67 61 
125 -176 
110 2 
75 -133 
16 57 
62 -145 
88 -127 
-47 -184 
187 -9 
114 3 
107 58 
-65 86 
-195 -139 
44 -34 
198 75 
68 -148 
-115 167 
-163 183 
-1 -146 
-19 134 
62 -69 
1 175 
27 99 
75 -58 
199 -174 
185 57 
169 -103 
-138 121 
144 -143 
58 177 
102 164 
-32 -28 
-126 165 
146 -102 
128 -119 
-80 -54 
170 72 
139 32 
-51 -196 
38 135 
170 -23 
95 -186 
-145 149 
110 15 
-146 -173 
115 -192 
-179 -5 
-155 -17 
-13 192 
141 -86 
169 88 
-143 93 
-191 26 
-160 -115 
171 -186 
-195 156 
-144 25 
-68 151 
-83 -78 
-102 -144 
-133 -191 
-191 -60 
-197 -4 
-54 125 
-17 41 
-115 111 
192 -190 
-193 190 
9 -87 
-71 154 
-62 75 
-168 65 
2 -190 
137 -13 
-48 184 
-55 80 
-98 -91 
-153 14 
130 102 
179 -21 
53 -196 
-90 32 
63 -190 
91 24 
-20 -173 
-50 29 
123 -72 
175 -132 
112 104 
129 172 
-103 -50 
-139 197 
-35 14 
-68 1 
-138 -93 
-42 135 
-118 30 
136 -122 
-2 64 
196 57 
116 -129 
26 -30 
-196 57 
-55 139 
32 -183 
105 115 
-129 29 
122 -91 
168 -109 
-20 -114 
105 114 
-22 129 
-6 -75 
-76 -88 
-87 -181 
-123 -66 
-66 -101 
136 -56 
-125 116 
-147 159 
145 -40 
-81 -133 
-195 19 
156 -143 
-24 155 
198 125 
-61 98 
-186 143 
10 147 
22 -176 
-182 -193 
22 -167 
-44 9 
-147 -65 
150 -45 
-188 125 
-125 193 
130 136 
123 141 
-7 156 
147 82 
-139 -173 
-90 -74 
177 155 
-95 -17 
66 36 
-37 -129 
84 -92 
35 133 
-6 -166 
-79 177 
121 -15 
174 -99 
59 85 
104 48 
-178 121 
-85 185 
-195 -147 
-60 -144 
-98 -24 
64 14 
43 -91 
145 -180 
196 -117 
180 -56 
51 -62 
-79 -80 
168 -36 
60 18 
-35 3 
-191 -23 
149 -180 
68 37 
66 18 
-172 -73 
-160 149 
51 -103 
150 -129 
40 11 
62 179 
-177 100 
194 -46 
85 -122 
-18 62 
21 92 
65 49 
39 -99 
-115 -172 
148 33 
85 0 
-95 -88 
-128 4 
-116 -75 
104 -64 
-62 46 
96 -64 
64 -172 
169 14 
78 0 
-46 106 
74 -95 
-68 -115 
68 146 
-172 -72 
0 -11 
80 83 
-132 84 
31 -14 
42 133 
-164 -12 
-60 -132 
-112 -4 
-26 -51 
-152 97 
27 -9 
-118 -25 
-172 -186 
23 97 
-153 141 
139 75 
165 -112 
26 18 
171 -2 
125 47 
111 -98 
-172 102 
46 -150 
43 -114 
149 111 
73 -22 
92 103 
-152 44 
-45 -143 
-190 148 
115 -133 
-89 -47 
3 47 
25 -168 
68 114 
-77 -188 
-7 194 
-74 173 
-40 -95 
-172 42 
-74 -177 
105 -28 
72 125 
-66 173 
-66 77 
85 -133 
-14 -114 
-71 -171 
178 58 
152 33 
-131 88 
-42 165 
-54 196 
-9 177 
-73 101 
198 190 
-161 138 
131 72 
179 -24 
-163 -109 
-176 -111 
-104 -162 
-167 -82 
-109 -179 
130 -109 
199 130 
-200 -102 
-193 -44 
-87 -19 
-114 -180 
63 -46 
-112 126 
-161 197 
-111 43 
-41 -148 
183 94 
-4 50 
127 93 
-5 -60 
-62 -45 
105 184 
-186 52 
180 -15 
178 16 
128 117 
79 -146 
29 83 
-109 113 
-196 -173 
7 -195 
-178 -35 
68 52 
85 91 
-154 -117 
-186 56 
-161 -160 
17 -96 
-15 -100 
-42 -149 
-60 -119 
197 -42 
145 12 
36 -164 
163 -3 
-8 -168 
43 -64 
78 104 
180 1 
20 177 
-107 137 
54 121 
196 -10 
-52 -105 
173 49 
179 -80 
122 -122 
160 -169 
-87 -89 
124 -63 
8 -81 
4 72 
121 -68 
20 -83 
166 -198 
-125 192 
141 20 
15 104 
160 184 
-52 -200 
-92 74 
-18 117 
-18 -20 
99 -146 
158 64 
-191 -55 
187 -16 
166 -160 
95 -118 
-188 -31 
-20 -8 
41 -17 
25 88 
132 51 
139 -195 
-126 -82 
29 -136 
-79 131 
-84 89 
43 142 
-96 124 
129 6 
-160 -184 
-85 -199 
97 22 
77 80 
65 137 
18 -54 
56 112 
-17 64 
188 -179 
65 27 
-170 156 
-187 -136 
86 -102 
-65 134 
-175 38 
157 -180 
-45 -14 
135 -111 
-156 105 
-124 44 
15 -170 
115 52 
70 -130 
-79 -140 
176 37 
158 -171 
136 -44 
77 18 
74 -97 
20 -127 
-190 -33 
52 -66 
31 -55 
21 33 
-10 47 
-132 -172 
160 -84 
181 186 
151 -11 
45 -115 
-167 -78 
154 26 
-121 -134 
-64 196 
-9 -93 
70 113 
-11 -160 
50 153 
52 -102 
-61 -129 
-28 -77 
-80 95 
-16 90 
111 -95 
-111 -132 
183 -55 
163 -115 
72 -123 
83 -152 
165 101 
28 20 
54 108 
113 -98 
134 -141 
27 -16 
140 -89 
-110 131 
-135 -181 
-28 -186 
119 25 
81 -171 
63 134 
-73 95 
195 -80 
115 -26 
-142 179 
183 -186 
-13 178 
129 82 
-156 -47 
29 129 
45 152 
78 88 
-87 162 
122 76 
129 -81 
45 191 
-9 112 
-113 7 
170 -141 
-94 12 
82 36 
-77 180 
2 -174 
-150 -67 
79 -20 
119 85 
-111 51 
-54 -24 
-130 -100 
1 -26 
-66 -138 
-103 -130 
-170 1 
-16 50 
-166 4 
117 -91 
-122 7 
75 -167 
-179 -137 
176 169 
-197 97 
29 -45 
-47 54 
117 149 
-92 189 
194 52 
-149 -112 
-91 188 
-120 -138 
-175 -63 
-24 -119 
-21 -178 
173 -166 
-180 90 
107 -75 
-159 1 
165 -107 
-22 36 
45 104 
45 -133 
-109 -158 
-68 28 
-76 99 
132 -47 
-14 -192 
61 177 
-142 192 
72 46 
61 -96 
126 -107 
-44 -82 
186 -4 
30 -25 
-3 -102 
-182 -143 
32 -82 
-17 -123 
75 14 
119 -115 
104 -2 
38 -74 
81 -71 
190 -135 
-77 100 
-155 -38 
-122 -78 
108 -168 
-192 -75 
77 168 
60 -25 
-155 115 
50 -31 
-28 94 
179 77 
88 -165 
-50 -184 
-11 -71 
-122 -197 
115 58 
-30 5 
-15 -37 
94 -84 
-133 157 
139 -141 
191 2 
-11 162 
-75 67 
-58 -97 
190 104 
8 141 
-39 66 
-176 17 
8 -158 
-75 -135 
-55 -147 
-86 -101 
-28 118 
187 -120 
-68 -141 
120 16 
-179 46 
-14 -85 
-143 26 
-33 80 
174 106 
-80 185 
-187 1 
-199 -106 
165 28 
135 -64 
-33 -27 
-99 52 
39 61 
18 81 
-119 -88 
-92 -30 
-161 -114 
-186 118 
177 140 
181 182 
8 2 
106 -129 
61 -71 
-50 -126 
-191 52 
111 33 
-113 78 
47 149 
147 -128 
-36 132 
63 -1 
-59 -95 
-90 123 
193 12 
-143 -105 
79 -43 
158 -66 
40 195 
-117 190 
-140 40 
88 72 
-37 -155 
-191 -166 
-55 -133 
-82 49 
141 -34 
54 -118 
143 140 
176 171 
176 -34 
132 106 
32 99 
75 -181 
-132 -184 
147 -122 
-108 198 
114 -6 
-9 197 
19 -38 
91 197 
-26 124 
-174 -148 
47 -18 
-88 -108 
76 132 
-159 -104 
95 66 
-75 -52 
-67 -172 
-74 -56 
-90 182 
-37 8 
-43 -48 
-125 -121 
-172 -179 
142 132 
5 -189 
-56 -70 
157 -116 
102 -116 
-132 -51 
-16 154 
-10 53 
-178 -53 
98 -76 
-84 75 
-168 150 
170 -147 
-64 12 
-175 145 
3 6 
-85 -111 
-94 -162 
-177 -101 
-144 81 
-43 23 
89 -11 
-122 -77 
135 145 
19 194 
3 -44 
-30 175 
91 148 
183 -9 
58 -27 
61 -190 
-186 -148 
68 35 
147 -161 
-48 93 
10 -113 
-189 87 
-60 5 
-198 109 
76 166 
128 153 
-95 -147 
-187 44 
86 11 
-193 30 
91 75 
106 182 
54 -31 
-168 -115 
152 174 
-170 38 
-189 -5 
-60 -115 
-64 13 
39 90 
-16 -172 
53 -100 
-35 59 
147 -193 
-118 174 
-194 69 
83 27 
-156 -65 
-51 -189 
186 -72 
-134 35 
-24 -44 
-109 192 
188 -62 
151 -88 
-153 69 
-55 -27 
-107 37 
-116 147 
-141 54 
-163 110 
-58 -129 
118 4 
-19 185 
91 -75 
-20 -17 
197 118 
33 -198 
-29 146 
17 -57 
-74 -93 
101 -26 
-62 -108 
50 73 
119 74 
-188 91 
-101 -107 
-86 -156 
74 126 
14 161 
174 -126 
-98 196 
56 6 
-160 29 
-89 -59 
150 -199 
-102 -45 
114 148 
86 48 
-179 57 
-192 -31 
-78 -20 
164 -73 
88 -193 
14 85 
-94 -131 
17 -23 
-159 -10 
-126 -144 
194 -103 
102 -23 
170 3 
80 57 
-92 185 
182 -53 
-130 84 
-59 -199 
63 1 
155 -116 
88 155 
130 -100 
173 -117 
-59 -182 
39 151 
-67 -85 
-195 -63 
58 157 
67 -54 
-87 15 
107 172 
-132 192 
-31 -132 
-81 150 
-43 32 
-144 197 
-80 -53 
-2 -78 
-133 -188 
-158 155 
53 62 
194 -65 
-5 175 
-39 -164 
-155 -172 
-184 179 
32 -160 
199 -125 
-189 -187 
98 38 
43 194 
18 111 
-190 -147 
103 -64 
147 40 
-34 -127 
9 69 
-36 -178 
-53 121 
-35 -65 
-94 -133 
-33 -131 
152 104 
161 -187 
-2 -106 
-177 -95 
196 -128 
56 -87 
-92 -190 
-52 -17 
-67 -15 
88 -181 
-44 -16 
-94 57 
-130 99 
-65 -99 
167 -200 
132 -158 
104 -56 
64 114 
-171 -40 
155 -35 
165 -144 
-147 -177 
-91 -98 
-124 -187 
-99 -130 
3 5 
-84 102 
123 184 
-102 94 
-193 78 
156 -104 
64 -137 
-163 -29 
-97 37 
161 -54 
-112 -131 
181 -44 
-197 -32 
-196 -77 
-30 -39 
-155 97 
94 -80 
141 153 
19 31 
162 -118 
11 -7 
48 -84 
-195 147 
137 -188 
85 176 
-93 -144 
126 -174 
-50 -44 
-9 -20 
-165 -68 
6 7 
167 139 
-166 55 
-2 -104 
-159 -128 
26 66 
74 -92 
40 187 
35 55 
153 -133 
75 -194 
-116 89 
71 -85 
52 -17 
177 -122 
-142 114 
24 -59 
-102 91 
63 -199 
-48 180 
151 -45 
-169 -68 
-163 180 
-95 102 
-73 50 
136 -53 
-30 -150 
-112 -44 
-27 -43 
4 170 
-163 32 
45 114 
-17 192 
-11 114 
-71 162 
184 0 
118 -113 
130 -126 
160 77 
-138 139 
87 -56 
68 82 
-32 -135 
136 179 
-191 -157 
-106 -169 
102 -195 
171 188 
46 160 
194 -81 
172 -179 
-159 -75 
23 42 
162 -134 
-85 -149 
52 -105 
22 -118 
48 -127 
122 163 
50 111 
179 60 
-13 183 
-99 94 
106 39 
-172 -63 
-7 -176 
66 -82 
196 -85 
82 -155 
155 99 
115 -174 
-64 -138 
-94 -97 
37 -40 
57 93 
-55 31 
-74 122 
109 -189 
87 -27 
115 -121 
100 87 
78 -144 
-17 -67 
-16 24 
191 -132 
54 -70 
98 -92 
162 136 
-128 17 
-30 84 
-50 156 
114 9 
-111 -160 
-177 68 
-12 24 
-98 70 
-90 156 
174 -86 
64 178 
24 -32 
10 197 
141 -115 
-85 189 
157 69 
-166 -158 
173 -97 
21 157 
192 55 
137 -139 
33 -95 
-4 155 
156 12 
10 -69 
-180 101 
-123 131 
-78 -4 
-37 98 
-192 139 
-55 -5 
6 -122 
-190 -115 
-158 72 
-33 -128 
33 -131 
-13 86 
122 155 
-145 -87 
-168 -7 
-129 31 
-4 165 
-139 44 
-23 -24 
-156 -83 
70 169 
163 195 
-37 116 
8 97 
80 35 
-146 -120 
51 48 
-138 134 
190 29 
89 124 
83 -63 
71 128 
37 186 
1 153 
51 -134 
-95 56 
-105 -20 
182 36 
-115 174 
126 -150 
-69 132 
43 29 
71 -31 
-117 -95 
120 -67 
-133 -83 
84 -7 
169 51 
-64 -20 
27 -191 
-168 -77 
49 -155 
-118 116 
-7 -166 
-58 -98 
-167 -166 
175 187 
-172 103 
137 -53 
-149 86 
-120 -119 
-197 10 
59 0 
-186 12 
-164 -182 
-193 -42 
-89 -158 
147 -147 
-95 -77 
-76 97 
-26 -191 
168 143 
90 43 
119 -116 
10 23 
22 -99 
-166 70 
10 -194 
-199 -130 
38 -138 
22 31 
-151 42 
-187 180 
-184 -4 
167 85 
-115 -86 
-134 160 
189 -37 
-117 160 
-13 160 
-152 98 
-36 -58 
177 19 
-149 -162 
-168 -143 
-174 -38 
-55 -157 
-70 90 
-166 -25 
109 -99 
4 -125 
57 -59 
175 -87 
-5 -133 
-36 68 
-121 -74 
193 -21 
51 39 
146 138 
-107 -128 
189 -2 
90 96 
127 30 
-145 -162 
-115 104 
-105 83 
-85 98 
198 98 
-121 133 
-113 -121 
-151 -94 
196 -40 
-17 -65 
160 -54 
143 115 
-188 37 
-145 185 
-11 -117 
76 -157 
-182 195 
46 -143 
59 -170 
-116 63 
131 99 
-15 -96 
-51 177 
-191 -3 
171 -35 
-145 -50 
1 -139 
111 -8 
-22 -114 
165 123 
148 -162 
-191 -13 
164 129 
9 -141 
74 -104 
-188 177 
-89 -43 
168 -166 
113 97 
-37 136 
-19 -121 
156 -83 
195 89 
128 69 
-34 -15 
87 148 
36 114 
101 52 
-162 -156 
-140 -163 
109 14 
154 -99 
88 -109 
179 -70 
137 61 
-160 134 
-75 -160 
-66 -168 
-129 -144 
-22 -34 
-115 97 
159 108 
161 104 
-37 -139 
-31 3 
134 158 
-117 -48 
182 -125 
183 -132 
189 -35 
140 62 
-163 113 
81 101 
-49 76 
-181 26 
140 13 
162 -178 
-133 64 
32 159 
108 -17 
12 91 
181 91 
-21 187 
97 40 
-105 -124 
-175 136 
2 -64 
62 -173 
172 58 
-148 115 
140 -92 
-59 -80 
-137 128 
-141 181 
-49 -102 
-51 -171 
-108 -51 
175 -31 
76 173 
-104 168 
166 -73 
80 -165 
-10 -116 
148 -4 
-170 -103 
4 84 
-24 0 
-155 172 
117 -175 
-114 -97 
-139 -21 
-174 49 
35 70 
-103 33 
-155 -33 
170 -200 
-186 89 
121 -94 
138 66 
60 -54 
74 61 
-199 129 
180 60 
-86 -116 
-167 73 
194 -110 
-187 28 
-148 -79 
78 126 
24 -177 
73 -52 
2 -156 
107 -165 
146 124 
-135 27 
-84 -185 
187 -25 
-81 29 
-179 165 
64 -191 
-172 -8 
47 -106 
-165 -64 
-54 -127 
199 -186 
100 -166 
147 101 
21 -40 
-162 5 
-29 170 
174 -186 
125 -87 
21 112 
88 -25 
134 71 
12 -184 
70 68 
58 50 
-169 -82 
-67 158 
81 -82 
-171 31 
163 80 
152 153 
9 -86 
76 108 
103 -200 
-187 -121 
43 -122 
170 92 
-70 142 
186 96 
-36 -27 
-162 158 
192 -117 
73 84 
-61 56 
122 -123 
48 19 
-200 -61 
-128 -148 
95 -112 
120 91 
-178 -168 
-185 -87 
49 -49 
129 -154 
141 -17 
-62 36 
100 129 
-169 99 
-113 15 
-110 -155 
-180 -160 
-120 147 
-39 -7 
65 11 
-26 -89 
177 -200 
-25 -4 
-3 -70 
-126 -167 
-30 78 
35 -87 
125 -75 
-103 75 
-170 157 
-56 -191 
195 7 
-18 192 
51 -162 
-127 9 
98 140 
-92 85 
-65 160 
62 -186 
52 -199 
-25 -133 
-165 114 
-99 50 
-107 56 
-22 67 
-181 -194 
-104 -22 
-20 80 
97 109 
185 -66 
30 66 
-74 -42 
84 -25 
82 -74 
12 100 
-8 36 
-198 112 
-198 -146 
-115 31 
-109 -87 
-155 -100 
187 147 
-149 -8 
-93 -82 
124 48 
-59 19 
156 -61 
-187 -85 
57 -43 
-102 -42 
193 -90 
-119 -173 
151 -41 
-40 31 
-12 103 
11 146 
141 -141 
-177 -26 
-126 -48 
44 -67 
-77 51 
34 -10 
136 -76 
-114 1 
15 -22 
151 -112 
-60 90 
-178 -36 
-18 -9 
192 -79 
-122 183 
184 -51 
62 154 
-191 -130 
-174 116 
11 193 
-62 44 
-161 -44 
110 -48 
-155 -190 
-35 168 
129 -10 
32 115 
-55 44 
111 -155 
-63 163 
26 -140 
-112 -10 
120 -56 
-53 -190 
167 83 
-187 141 
46 128 
102 38 
59 150 
-177 93 
142 169 
62 -181 
-12 158 
183 163 
-83 45 
-191 -38 
121 23 
57 14 
-135 130 
-90 141 
-114 -160 
42 -159 
-198 169 
-72 162 
168 49 
86 155 
175 -123 
134 122 
23 -61 
63 -113 
-191 165 
198 103 
184 -168 
-2 -55 
-63 110 
105 -9 
-195 104 
-182 33 
44 42 
58 172 
22 145 
-186 -66 
-32 4 
-92 -196 
-25 110 
148 30 
-24 111 
-109 -30 
-106 132 
35 104 
-5 58 
-168 185 
-51 142 
29 88 
-55 181 
162 98 
92 19 
144 -58 
120 106 
187 84 
13 -184 
-34 18 
-72 -144 
148 117 
-167 -57 
-84 -174 
-22 177 
166 169 
-164 -49 
-188 27 
164 57 
-99 116 
145 -167 
-98 -65 
53 180 
-148 -135 
59 -97 
-16 -157 
35 -34 
160 185 
-178 29 
-11 150 
71 196 
-59 -109 
-169 98 
157 -92 
-197 -193 
184 182 
-80 -181 
-48 -122 
102 -124 
39 -147 
-98 36 
103 36 
-61 192 
58 99 
-65 -145 
47 -178 
163 26 
-61 -132 
8 -157 
-110 42 
147 145 
18 108 
18 -177 
-27 110 
92 -153 
-97 -58 
-26 12 
-40 -8 
111 -157 
-173 -110 
63 183 
-21 116 
108 32 
11 -1 
-153 -198 
-196 -125 
98 49 
71 61 
18 80 
-122 -70 
25 -147 
13 170 
191 67 
-54 -60 
141 -45 
99 -195 
-55 -138 
-104 140 
35 -163 
65 80 
154 47 
114 90 
31 -196 
163 185 
173 16 
168 113 
96 123 
-29 -124 
-116 99 
115 162 
109 82 
158 -52 
7 1 
20 -99 
137 -172 
-71 -154 
181 -46 
-154 -126 
-166 -162 
-38 13 
-21 -195 
-192 -106 
-19 -123 
-42 2 
199 -49 
-38 -48 
187 -158 
-175 197 
-35 61 
-80 -180 
-64 -75 
-13 87 
-33 36 
169 125 
-93 -170 
-115 -122 
-8 13 
-13 1 
-9 -162 
-159 -162 
-138 -46 
-50 106 
-162 -48 
-21 -58 
-51 -118 
90 138 
107 143 
10 -195 
-138 -175 
-71 -190 
166 -151 
-112 190 
70 185 
-155 190 
119 -37 
46 -126 
102 -67 
15 175 
93 193 
-76 -27 
179 -195 
45 160 
13 172 
-71 137 
60 -14 
-114 153 
-110 -129 
70 -99 
57 196 
152 52 
93 -111 
140 169 
93 -129 
-68 100 
-127 -146 
-79 170 
-96 -55 
-135 -20 
-84 135 
-150 35 
16 105 
-55 -189 
196 -26 
37 -27 
-72 136 
168 -25 
116 -132 
-75 -48 
145 74 
-21 171 
-32 -133 
45 -102 
67 -156 
32 128 
-154 -62 
152 -17 
119 75 
146 81 
189 -91 
29 -142 
129 124 
-169 -95 
112 107 
-177 -166 
-10 -87 
49 -68 
38 196 
56 -128 
-98 -177 
93 103 
53 -20 
-90 -154 
-9 -151 
-164 -59 
-169 -90 
9 -156 
198 133 
-172 -29 
128 -81 
-141 -74 
-84 91 
-24 145 
-129 0 
157 -149 
-88 -57 
-68 47 
-172 -96 
-149 41 
-25 -168 
-181 -197 
-129 170 
-166 -83 
27 -173 
53 165 
68 133 
11 61 
159 151 
-114 10 
125 -108 
132 -16 
182 112 
-150 -107 
-55 145 
96 -150 
-72 113 
-187 -172 
-73 -182 
127 -63 
-14 -24 
46 168 
-141 -65 
172 -82 
-84 -157 
165 159 
-199 69 
107 -16 
185 176 
166 -124 
140 -173 
50 -56 
-75 -162 
46 -96 
-139 -150 
-27 199 
109 24 
185 71 
-51 -143 
-86 -47 
-157 41 
-170 49 
27 74 
146 54 
-165 -9 
128 -86 
79 -114 
134 -200 
-93 -16 
-163 186 
106 156 
-85 25 
14 57 
-118 197 
180 -21 
23 39 
-64 -197 
72 152 
-110 -125 
-60 -195 
75 -46 
28 27 
17 38 
124 -94 
82 1 
-86 -182 
-4 11 
99 69 
-10 -74 
-117 -94 
-87 -137 
160 -64 
162 187 
-175 21 
-101 -67 
122 81 
139 196 
10 -60 
-73 -157 
-159 -199 
-128 110 
197 -164 
-36 183 
-133 -64 
36 58 
-89 97 
30 -172 
-43 171 
-177 -188 
53 -71 
-165 -188 
109 183 
-126 39 
-121 186 
20 -69 
-64 145 
31 -47 
-168 -101 
25 -116 
-61 -184 
70 124 
53 -77 
132 -146 
-42 53 
-81 37 
-58 -67 
117 23 
198 93 
-67 19 
192 -200 
5 -15 
73 -151 
108 -98 
82 -5 
-124 -147 
-67 -161 
-194 -78 
121 -101 
95 -197 
-95 83 
150 161 
-140 -38 
154 185 
-136 -74 
-165 -50 
-184 153 
-49 86 
130 135 
50 -155 
80 106 
37 -91 
-144 -85 
-118 123 
-122 199 
151 173 
8 140 
-106 -119 
171 122 
-193 -160 
-60 -114 
179 -193 
80 -6 
-147 -135 
-30 74 
42 142 
4 197 
-192 172 
-72 122 
125 14 
-178 -195 
136 117 
117 -85 
190 -136 
-42 84 
-182 130 
9 -2 
164 49 
-118 29 
-178 66 
-194 93 
156 189 
-86 -95 
-131 45 
-2 84 
-186 -12 
102 -140 
16 -181 
42 153 
15 -70 
-78 -89 
-150 -162 
-96 62 
87 167 
-7 -148 
138 147 
56 174 
-9 40 
0 192 
-102 121 
-116 43 
-1 -40 
-107 155 
64 -57 
-196 -175 
48 -122 
46 -99 
-186 -52 
-48 -89 
133 60 
28 138 
-47 168 
149 132 
-197 -23 
85 72 
-161 1 
-61 -35 
183 -158 
112 58 
33 19 
163 22 
124 61 
-115 -25 
9 180 
158 63 
-8 -94 
45 -53 
199 -129 
29 10 
-88 -69 
-83 -172 
56 -104 
-8 -137 
83 167 
69 24 
-99 48 
50 -102 
-177 -27 
-58 162 
146 118 
178 162 
25 -62 
-99 174 
13 -148 
190 -20 
-45 -120 
0 60 
15 26 
-9 -60 
75 -32 
-133 173 
-160 -105 
72 22 
-67 -74 
73 19 
111 -47 
161 -172 
-144 37 
135 139 
-4 23 
67 97 
92 -48 
-94 -13 
-75 108 
-92 157 
14 -76 
-160 135 
-87 144 
-163 -3 
-57 147 
181 -102 
32 -188 
-82 108 
135 -57 
-164 -58 
-157 -82 
48 154 
7 107 
178 105 
95 -53 
168 71 
179 26 
134 67 
-25 -174 
-58 -170 
-119 91 
-104 -27 
-83 -169 
47 -73 
-106 134 
185 46 
4 80 
191 103 
-198 -174 
135 -31 
-111 151 
178 -129 
104 15 
63 -86 
-197 112 
182 -129 
-134 50 
-121 -96 
-5 -94 
-16 180 
85 160 
97 -182 
105 -1 
96 69 
98 32 
6 -62 
-39 -71 
-11 -63 
-110 198 
82 -89 
-60 168 
-28 -1 
-67 171 
194 156 
16 139 
150 52 
-72 96 
185 -158 
69 -183 
-70 120 
-72 -141 
-96 58 
0 27 
24 -94 
160 -157 
111 -64 
189 12 
-58 -118 
-108 -75 
-169 116 
-65 -37 
-48 -163 
67 -51 
-172 -52 
-81 -25 
171 124 
196 116 
58 103 
122 7 
-190 123 
-122 -144 
-16 23 
-140 -165 
41 -55 
83 148 
-20 131 
-33 -185 
-104 -159 
17 188 
116 -103 
-68 -182 
19 178 
-200 139 
-9 -16 
-97 -37 
14 199 
119 164 
99 -5 
-78 73 
186 133 
131 -17 
-31 -52 
-83 148 
9 -190 
-28 93 
-6 -59 
-1 146 
92 52 
38 -57 
-7 -179 
80 -169 
-5 -116 
-153 18 
-123 17 
163 58 
15 70 
-80 -88 
-7 60 
167 -193 
-39 194 
30 -159 
93 16 
-167 2 
-23 -134 
-138 -52 
167 -124 
95 -72 
-29 65 
-55 -131 
-71 3 
-80 175 
135 11 
-102 41 
-93 102 
-176 -144 
193 -72 
-47 -144 
192 171 
149 184 
116 31 
7 -65 
-116 -98 
151 172 
44 -122 
22 -20 
115 136 
142 -67 
-102 -181 
38 65 
-67 -174 
-134 -192 
50 87 
-121 -50 
51 56 
196 160 
-63 -188 
182 131 
91 127 
-173 -123 
11 -25 
-8 -152 
42 -89 
-112 101 
-165 68 
-199 6 
57 121 
-162 170 
-94 -69 
-175 -188 
-196 122 
-164 -152 
189 125 
-92 180 
134 38 
-113 -172 
47 -111 
-113 147 
15 144 
-141 154 
-130 188 
-183 35 
195 -47 
-112 -52 
-154 -16 
6 132 
-200 145 
169 -27 
-11 32 
-91 -21 
97 112 
133 -145 
49 168 
-2 35 
119 49 
-183 162 
-68 -105 
-162 -72 
18 -93 
10 53 
170 193 
-80 0 
-88 82 
-60 77 
-141 -51 
-5 -131 
-80 -51 
-138 19 
124 37 
58 -191 
-160 -79 
164 -50 
103 18 
-77 199 
-73 -99 
-85 -166 
144 66 
90 143 
-49 106 
81 -128 
9 -29 
120 151 
195 -182 
-144 191 
120 -79 
111 -93 
-148 -132 
122 66 
31 -199 
158 145 
9 80 
74 177 
-47 -50 
123 -21 
-100 80 
195 -39 
162 138 
0 -71 
-177 -148 
-180 7 
21 -154 
49 -58 
-72 -26 
-141 -140 
143 -155 
-10 175 
-130 -158 
65 -51 
154 -109 
-6 -178 
-2 117 
151 -196 
-174 173 
-117 -14 
16 78 
-127 121 
185 -126 
151 -51 
99 -90 
173 41 
-63 -31 
159 48 
-157 104 
85 22 
-184 -94 
51 138 
-104 108 
-11 60 
-124 -186 
76 176 
45 -199 
0 -180 
-154 -24 
193 80 
185 134 
73 86 
-170 105 
181 21 
3 -24 
87 134 
72 -147 
168 30 
-101 -111 
178 -5 
127 178 
-128 46 
-130 98 
-26 62 
-176 78 
115 184 
-87 -192 
79 126 
172 -66 
-56 -149 
81 164 
-52 -88 
151 -137 
-160 -15 
119 3 
-121 0 
-196 123 
-1 -189 
51 -65 
145 17 
-144 -156 
-60 122 
65 -193 
-54 158 
38 -173 
198 -62 
80 -107 
119 -175 
63 65 
-123 -62 
-185 136 
37 -48 
155 -162 
-185 -72 
-2 -156 
-5 -142 
44 63 
-106 -7 
-157 -74 
144 -52 
-95 156 
191 -34 
-16 60 
-19 -46 
-133 -102 
-145 -98 
-126 -39 
-73 57 
-111 -67 
133 7 
76 -188 
93 63 
-182 -17 
-133 -78 
137 -184 
24 -15 
-49 165 
96 138 
-168 18 
-140 137 
-57 138 
150 -116 
29 -98 
-37 42 
182 -75 
158 -144 
82 169 
126 -94 
-183 -143 
37 108 
-41 157 
-139 -171 
78 -19 
193 -96 
130 0 
157 190 
-54 -114 
101 193 
-173 188 
22 1 
-200 148 
-65 -11 
1 -131 
164 -116 
-13 146 
-65 64 
193 -36 
-8 185 
198 72 
177 -118 
19 71 
-48 -103 
7 49 
108 -110 
62 141 
-18 -126 
-34 -187 
35 -186 
-60 76 
-92 163 
-171 -145 
133 -105 
184 -42 
-189 3 
-199 37 
26 143 
149 9 
86 -98 
64 -97 
-7 -101 
-107 172 
-180 -165 
-65 -28 
110 -101 
180 -85 
181 175 
92 192 
-117 -113 
-172 -121 
-36 164 
109 153 
-28 115 
-155 -142 
143 69 
20 -107 
58 -179 
94 137 
-198 -154 
-162 195 
-155 65 
80 191 
-53 122 
11 -62 
15 -6 
118 31 
-153 -6 
94 -200 
97 31 
-50 23 
67 118 
-176 44 
-87 88 
65 144 
77 -37 
-141 44 
42 -11 
45 -42 
-102 103 
-76 163 
-116 34 
-116 -24 
187 39 
-77 -59 
-91 17 
-90 -186 
-136 176 
129 -144 
-66 -17 
122 -163 
169 2 
-164 -46 
70 161 
-155 32 
-30 119 
-139 128 
-74 -131 
-185 -33 
-3 -150 
-40 84 
192 60 
58 -125 
-1 107 
80 -112 
124 -71 
-176 39 
-41 -75 
-26 -108 
-119 -131 
-115 -183 
-130 191 
199 -101 
184 100 
64 -181 
-110 149 
-156 34 
95 -28 
-103 -11 
-107 169 
-96 -149 
-99 169 
-124 43 
70 150 
-126 76 
92 62 
-181 -92 
-92 1 
-65 -169 
-179 90 
-43 165 
-170 133 
-115 77 
160 -118 
40 65 
52 190 
-71 55 
-126 69 
-113 163 
-35 -21 
-158 31 
102 -16 
-175 109 
-171 131 
-96 136 
175 -68 
182 1 
-67 168 
165 -83 
-68 170 
172 109 
-31 -133 
103 -111 
-152 151 
23 -182 
45 9 
191 -194 
-54 51 
109 -47 
27 72 
129 -160 
-45 -137 
-51 190 
-193 -179 
2 -92 
-154 179 
-116 -146 
-110 27 
42 194 
-109 -24 
188 100 
188 39 
-176 137 
-136 -45 
-65 -129 
111 36 
155 -99 
40 96 
63 34 
30 47 
-62 -120 
30 75 
166 157 
193 -94 
-125 -36 
-173 33 
-161 91 
83 -171 
-133 15 
10 -163 
-56 143 
-148 -75 
121 -22 
-24 -169 
-151 -152 
-56 -53 
137 20 
168 -147 
37 190 
0 22 
10 39 
-28 -145 
59 135 
-125 189 
1 -106 
120 36 
198 48 
131 3 
25 -49 
43 -1 
-185 192 
-27 -130 
-192 53 
169 -144 
127 -199 
-14 -4 
-106 96 
-73 -27 
-81 170 
127 -116 
112 -158 
-18 -61 
180 -187 
-145 -27 
-108 184 
-51 -153 
-73 -77 
-119 84 
-51 -4 
-33 112 
158 -67 
89 -30 
170 191 
-97 59 
131 89 
-80 119 
-51 -63 
-117 76 
176 187 
67 -107 
-164 -16 
122 -162 
115 95 
-116 26 
-108 66 
53 -30 
147 48 
1 169 
156 53 
110 97 
173 -16 
-155 -16 
-49 30 
121 -131 
178 29 
-13 90 
127 170 
-1 -193 
154 -106 
164 -130 
101 176 
-58 69 
153 71 
-80 -75 
53 -106 
-88 46 
73 -50 
2 146 
127 -23 
57 199 
-102 50 
-28 26 
-39 85 
42 47 
78 83 
-194 0 
-159 -78 
110 44 
105 45 
173 -130 
-30 135 
170 -183 
194 1 
-150 25 
168 0 
-138 53 
38 131 
-101 15 
-183 -86 
-94 42 
-135 -174 
-56 -44 
93 55 
31 -87 
-27 31 
7 -173 
-192 3 
18 -30 
0 59 
-70 -46 
-17 -78 
-102 -51 
-190 197 
-9 -158 
-15 145 
138 -44 
-174 133 
-32 184 
-13 -141 
-73 75 
-53 148 
65 156 
71 51 
-161 41 
88 108 
40 100 
141 69 
50 -70 
11 -4 
1 20 
157 76 
43 84 
-109 -166 
9 193 
-96 49 
123 -39 
114 -121 
-104 -68 
87 -32 
-157 -137 
-100 -12 
-73 46 
85 94 
41 -170 
142 186 
63 7 
166 -60 
127 -178 
-181 145 
65 72 
-84 8 
-46 40 
29 -144 
182 77 
-53 -194 
88 -145 
164 -95 
-45 170 
42 72 
-98 -27 
-90 0 
-150 172 
-1 -80 
-78 171 
135 140 
48 196 
-146 23 
-53 89 
-187 75 
-108 -56 
36 -168 
-36 197 
84 -29 
73 174 
-78 25 
166 7 
-82 17 
80 103 
-162 124 
187 94 
79 -111 
45 -127 
66 -198 
183 14 
-193 52 
-114 120 
-89 113 
-178 -131 
92 173 
43 189 
-41 -194 
115 197 
-51 9 
-180 -69 
154 -2 
-50 -145 
-128 -184 
34 -189 
2 59 
186 -199 
123 -140 
-10 -164 
-130 -71 
-166 86 
178 104 
-57 175 
-143 43 
-83 -84 
-39 -168 
-86 60 
93 -173 
28 41 
-132 141 
-170 -172 
-44 121 
16 39 
55 57 
9 -140 
-54 68 
-128 186 
-35 -181 
-101 113 
86 171 
-85 -140 
51 88 
-122 157 
77 196 
150 -39 
135 83 
-145 91 
198 -39 
90 -150 
179 -137 
148 178 
-194 197 
102 -111 
75 -170 
-29 -13 
38 -95 
-154 -38 
-61 -103 
45 99 
-159 -106 
140 25 
171 -183 
153 15 
-150 -175 
-17 166 
-196 52 
89 -165 
-199 126 
25 -52 
8 -51 
-51 196 
25 -193 
-164 -17 
-46 135 
-80 90 
-71 72 
-78 65 
67 172 
6 -33 
199 139 
124 191 
83 -21 
-58 140 
-199 -5 
182 -93 
-112 -12 
-145 107 
-31 -42 
46 10 
152 60 
-64 -7 
199 -2 
131 118 
123 -29 
-162 -111 
-185 -40 
-193 177 
17 19 
-200 -183 
-188 111 
157 33 
-187 -59 
118 134 
122 22 
-63 177 
-131 -110 
82 -61 
-15 178 
-53 -117 
59 -125 
-40 181 
195 191 
172 -169 
153 -190 
-86 -14 
97 122 
133 -68 
-49 -34 
-19 -190 
-3 22 
-60 88 
-88 115 
38 -40 
-134 -3 
-186 -1 
65 142 
-34 -43 
33 -167 
-72 -97 
28 112 
141 -19 
-150 -157 
-95 71 
75 135 
186 -177 
118 -192 
-23 44 
124 12 
-116 134 
-23 176 
41 -15 
-190 -177 
174 124 
11 62 
126 1 
-17 -98 
-164 -119 
188 -29 
124 20 
192 93 
-7 -136 
103 27 
-30 -198 
86 58 
169 -185 
-96 22 
23 -128 
-167 -170 
136 -66 
-91 -33 
-54 135 
-131 42 
-28 -121 
123 163 
120 -103 
-130 -175 
157 194 
-27 159 
182 14 
-79 -28 
-184 -13 
95 -126 
-21 158 
75 186 
147 -4 
142 -86 
-32 -168 
-14 -73 
158 46 
1 -120 
37 -94 
133 -132 
180 -44 
-116 -39 
-83 -197 
183 178 
115 50 
-101 137 
5 154 
115 166 
153 193 
93 -109 
4 115 
120 82 
184 -69 
97 -66 
43 -183 
108 190 
-57 158 
-166 -113 
-108 41 
185 -102 
-4 74 
-147 -164 
157 -26 
-93 -160 
-89 150 
23 -39 
-84 104 
60 -111 
-148 29 
44 -161 
134 13 
-32 -188 
-46 -151 
76 119 
143 181 
47 194 
-43 15 
-77 185 
162 -195 
-31 -170 
-40 77 
69 -106 
-71 -92 
-52 -55 
-178 -87 
53 -13 
-82 -120 
175 -115 
5 23 
-73 -16 
4 -108 
183 109 
133 68 
-166 -51 
196 23 
-152 -195 
-70 -126 
-191 192 
-136 103 
-191 150 
122 115 
-60 -193 
-63 -178 
-113 -117 
-69 -87 
-12 -64 
162 -88 
-101 153 
-121 -16 
-58 137 
-107 45 
-188 -80 
-17 -54 
169 -186 
140 -85 
124 -3 
-28 -112 
79 -138 
35 89 
-142 92 
-83 -90 
95 87 
10 -105 
-98 118 
-145 -178 
-99 89 
-4 134 
82 -91 
151 140 
119 47 
-18 183 
3 -178 
38 -62 
48 35 
113 166 
42 -176 
-42 23 
175 -93 
182 18 
-71 -13 
141 166 
22 -181 
153 78 
155 -127 
11 -187 
-155 -70 
-165 -12 
55 -7 
152 -58 
24 55 
-22 -130 
-157 192 
187 193 
154 -134 
-71 -7 
-121 -119 
-28 192 
120 -196 
170 27 
108 -114 
-42 -106 
-22 7 
-102 170 
-173 157 
-63 -163 
-81 80 
68 -146 
112 85 
75 18 
31 22 
113 194 
160 151 
-157 -50 
-14 -28 
-141 -112 
112 34 
116 40 
16 167 
-100 75 
7 -114 
-120 197 
-9 -191 
-113 0 
153 -89 
-23 -25 
64 -123 
-106 127 
-194 175 
173 183 
-191 28 
-191 -168 
-10 127 
2 -172 
47 61 
-14 -101 
-84 -149 
-197 -59 
-193 -76 
-185 -86 
-24 117 
161 -162 
-92 -181 
-72 -158 
-58 -190 
-194 136 
-33 64 
-146 109 
155 -161 
-115 4 
-159 143 
-71 189 
-115 160 
104 183 
196 -72 
-60 -22 
104 187 
31 -110 
-134 -80 
-68 166 
194 -98 
-178 -112 
195 22 
-103 -18 
114 -182 
-78 -41 
-53 -159 
115 123 
-104 -18 
36 28 
94 39 
187 8 
40 -92 
-185 42 
-143 28 
-19 -75 
-114 -62 
-154 -59 
-4 166 
-16 -21 
-137 188 
170 -114 
115 9 
-39 -37 
-112 32 
-154 -44 
82 -138 
-151 -41 
-125 -173 
31 -11 
4 40 
70 -60 
-77 64 
-64 10 
21 146 
-68 12 
-90 -25 
177 -124 
-20 -43 
156 115 
-54 -17 
182 6 
-193 -47 
-161 -159 
-76 -163 
-112 48 
107 168 
185 89 
164 -115 
166 109 
104 -24 
94 30 
22 9 
17 74 
101 8 
-109 -11 
86 -152 
-162 135 
-45 55 
-89 135 
-106 -64 
-24 122 
80 -90 
147 188 
177 -15 
-92 64 
-138 41 
-81 -16 
-15 -196 
145 -141 
-131 -129 
151 -40 
126 68 
-50 -30 
-24 186 
125 -147 
0 57 
111 77 
-101 -35 
-48 -3 
170 30 
132 13 
-157 -195 
101 61 
-12 170 
113 134 
-134 -48 
83 166 
-158 -34 
-66 -171 
-122 -174 
-53 -142 
-109 -172 
-27 166 
28 -109 
90 89 
143 -108 
-193 38 
-135 5 
76 116 
-114 115 
-43 -175 
122 144 
-66 147 
-21 86 
133 -196 
-131 113 
33 -25 
138 -119 
-147 108 
-49 -165 
99 -175 
-83 12 
194 -68 
-169 -27 
-25 86 
-133 -187 
65 151 
137 -153 
28 -167 
-126 61 
128 -181 
-108 103 
-68 26 
-42 -27 
17 -31 
115 151 
-105 56 
-125 -200 
-39 129 
-69 173 
46 18 
-144 110 
-74 58 
-115 68 
118 -189 
-63 185 
-154 68 
132 -58 
158 84 
115 106 
66 -168 
4 -141 
86 -174 
177 -24 
-9 -100 
-17 57 
45 180 
62 -51 
-142 27 
62 193 
156 -139 
-60 -66 
-95 84 
-55 115 
-77 192 
143 -110 
-155 -139 
76 -34 
-38 -40 
-44 34 
48 130 
137 -29 
-56 178 
159 -86 
-137 -6 
-52 156 
73 -133 
-86 -140 
-166 124 
132 40 
65 -84 
17 -170 
-21 -86 
104 63 
-194 162 
137 80 
-76 38 
43 79 
70 157 
-181 -12 
9 -159 
-12 76 
-75 51 
77 -119 
-168 159 
74 113 
174 139 
-74 158 
-118 143 
184 -68 
-193 -156 
88 -3 
159 -70 
-149 1 
128 23 
-82 -52 
67 91 
-167 -148 
195 192 
83 -172 
30 126 
101 -132 
-125 -126 
102 -177 
43 74 
123 149 
85 100 
-77 -122 
111 152 
-8 -190 
128 165 
28 86 
13 165 
-139 -137 
-64 -79 
84 38 
-177 183 
-94 154 
151 -50 
-131 29 
-57 -19 
186 -41 
85 86 
-136 -163 
130 174 
-189 122 
118 -27 
197 136 
75 104 
-11 198 
113 -146 
93 78 
181 103 
-103 173 
-25 -85 
-16 -81 
-108 -46 
-103 115 
49 165 
-132 -99 
-25 84 
158 -15 
171 -77 
-102 186 
-70 65 
132 124 
-179 -133 
-155 -24 
-94 9 
-25 -53 
-119 18 
192 -172 
71 109 
145 93 
-93 118 
-127 -122 
-35 186 
-129 193 
107 -78 
135 29 
156 -162 
-172 -86 
-125 -93 
104 -11 
127 195 
7 -73 
-106 -200 
-44 -1 
142 -9 
177 129 
-160 163 
68 69 
-200 77 
-71 -52 
-26 -69 
80 -193 
-37 26 
125 16 
-101 63 
-46 -189 
-2 -165 
-159 10 
8 -175 
122 -196 
-1 123 
10 -130 
-153 -154 
-13 -199 
-54 -46 
115 169 
-92 59 
55 189 
-95 136 
-89 -113 
189 105 
1 180 
0 86 
87 -87 
-75 97 
105 -93 
-134 166 
93 -29 
137 43 
-34 -113 
23 -125 
-32 189 
-41 -182 
-17 22 
-50 -103 
-102 -46 
197 79 
12 -29 
-39 93 
-37 150 
125 -5 
-161 -138 
106 194 
-8 89 
21 -13 
-72 1 
163 112 
133 90 
-54 130 
-35 99 
1 155 
-170 -149 
124 -72 
129 33 
50 27 
47 125 
-154 177 
-133 96 
114 139 
-128 -131 
80 153 
-171 26 
26 48 
-198 -130 
-193 103 
168 -16 
-34 -6 
154 49 
-47 -24 
173 -167 
8 -16 
-108 78 
-9 26 
-135 -124 
152 11 
-39 2 
178 175 
-52 -140 
174 148 
83 183 
166 -4 
-88 -141 
42 -126 
155 -118 
92 10 
-86 183 
-128 29 
-157 0 
34 -9 
84 109 
103 -120 
190 -78 
-23 103 
-169 -134 
-172 -64 
98 152 
97 -168 
12 2 
-162 139 
-142 -47 
-7 -131 
-130 35 
40 53 
133 -11 
-6 -141 
-3 40 
90 70 
-36 74 
-93 175 
-4 -51 
162 182 
151 -181 
-58 193 
130 122 
-25 -117 
-110 -134 
154 121 
-143 49 
-17 -20 
-151 -97 
20 -3 
126 156 
111 112 
-101 -112 
42 159 
-182 -43 
65 24 
139 118 
85 155 
86 140 
141 -192 
-145 194 
-134 -169 
16 -146 
-20 35 
-56 -140 
131 48 
11 32 
-15 183 
160 -49 
195 -40 
-39 63 
-141 77 
-189 4 
-4 168 
-112 -200 
193 84 
-171 -17 
-143 189 
-40 -24 
35 -153 
-64 106 
151 180 
-22 101 
83 137 
-199 164 
-72 56 
-186 -16 
53 32 
186 54 
-50 -52 
-57 42 
-76 8 
61 -34 
-193 -190 
23 171 
-93 -167 
149 42 
-50 -88 
-142 88 
-94 117 
-182 -169 
-185 6 
66 61 
-173 112 
42 -114 
122 161 
68 125 
108 88 
136 4 
184 99 
129 -89 
68 -177 
-173 -1 
53 -25 
-146 -155 
64 131 
55 194 
-73 92 
95 -90 
-43 -87 
-177 189 
-43 -166 
147 -43 
182 -151 
-49 -117 
-27 -64 
-200 179 
-67 -101 
30 166 
182 -199 
-182 -148 
49 -30 
-96 65 
-86 25 
-110 89 
-113 -154 
-134 19 
97 69 
87 26 
-163 167 
-150 138 
87 188 
-196 -38 
156 -113 
-54 94 
-14 -71 
-103 -179 
-23 -66 
-94 -18 
90 11 
8 -166 
-90 -38 
-22 117 
140 5 
-153 -158 
94 -63 
56 172 
31 -68 
-61 -178 
60 99 
22 24 
111 120 
-56 -150 
199 -104 
71 -100 
-66 -20 
-21 80 
128 -109 
193 -142 
-156 4 
16 -52 
65 190 
48 -97 
-79 -128 
166 -8 
-91 -136 
-174 -10 
-96 185 
-153 -101 
-128 137 
151 6 
-60 -20 
-136 74 
-147 -34 
155 87 
-80 -140 
-144 -104 
-28 125 
190 -164 
-97 -155 
-149 191 
-169 5 
172 -75 
-193 140 
-28 18 
-167 -42 
-15 6 
-53 174 
66 -126 
27 175 
-20 171 
-115 -14 
-162 -132 
-189 -28 
87 -51 
98 7 
173 57 
20 -176 
-96 -17 
197 -191 
-93 179 
95 -5 
-177 134 
-76 170 
0 118 
111 164 
-1 182 
-40 -10 
191 -16 
-158 -10 
90 9 
86 -36 
-58 83 
-49 -52 
127 -186 
-146 188 
-67 -97 
71 -162 
193 139 
-179 -114 
126 39 
-121 -164 
44 105 
-137 -163 
183 -68 
60 -36 
8 -23 
155 56 
-150 1 
4 194 
-82 -128 
80 -135 
-13 -116 
-176 -81 
124 -11 
162 -13 
-182 -142 
98 -51 
7 -48 
57 -106 
128 -199 
-198 -192 
-187 62 
-50 120 
139 -76 
107 108 
-189 -117 
-55 -2 
61 168 
137 -182 
12 155 
-52 -191 
173 -35 
45 56 
-18 -93 
195 24 
135 156 
-156 -100 
164 -34 
193 -69 
198 157 
-45 3 
-49 -97 
-17 86 
124 104 
183 -54 
197 138 
199 99 
78 66 
155 -56 
193 95 
-10 -19 
104 180 
-97 -86 
104 -188 
171 126 
-127 92 
-180 179 
151 196 
195 -183 
-13 -108 
-52 11 
-170 -162 
-43 53 
-12 -143 
-77 16 
-140 199 
-46 -61 
196 -114 
171 24 
-66 -181 
-94 3 
19 -34 
76 -141 
59 188 
157 -77 
-30 26 
64 74 
-146 -147 
-15 -195 
89 -131 
196 -25 
166 194 
67 -179 
31 28 
99 40 
-27 143 
-140 -81 
-15 105 
-18 25 
-132 -74 
-66 179 
147 90 
119 -163 
-186 -8 
73 -122 
135 -118 
-86 -39 
-40 19 
157 160 
192 -134 
183 -35 
184 -185 
-37 157 
-109 8 
165 -166 
73 -182 
-165 9 
182 104 
179 185 
-91 21 
-42 -200 
-139 31 
-187 162 
112 18 
158 -127 
3 154 
-93 -197 
105 65 
36 181 
176 -29 
45 119 
116 43 
-164 -15 
90 -161 
3 -111 
-14 94 
-191 145 
5 -185 
-113 -141 
-43 -27 
-4 125 
-108 90 
-151 -23 
-122 -181 
192 197 
10 -56 
-96 82 
141 84 
-35 87 
22 -116 
1 137 
-32 -112 
157 61 
-60 24 
-198 -49 
-132 120 
53 104 
176 72 
96 -107 
-42 61 
-15 155 
145 3 
42 88 
-174 134 
162 171 
-179 30 
197 -11 
-9 36 
30 155 
-127 -39 
89 66 
-116 197 
119 179 
-39 -44 
-2 -71 
21 -159 
77 93 
19 -7 
-71 -75 
198 160 
-3 -47 
99 180 
-5 5 
192 -109 
75 192 
187 17 
-139 -107 
61 36 
71 135 
-33 -56 
-184 -85 
120 -87 
-93 22 
36 136 
-92 -46 
-68 35 
-63 25 
-145 -143 
39 12 
55 166 
-128 103 
-34 69 
-74 -62 
19 24 
-124 -184 
-105 143 
-86 -10 
1 -75 
-127 -104 
178 101 
186 146 
192 -73 
-12 -171 
19 -196 
-106 -48 
104 86 
-200 106 
-45 -31 
154 155 
-175 42 
-79 135 
-82 138 
83 -187 
127 -88 
-142 144 
199 -130 
139 30 
-83 43 
-4 79 
-121 107 
59 -68 
197 -96 
-194 86 
42 158 
68 160 
-66 -180 
192 -23 
-62 57 
-40 189 
43 149 
141 173 
-84 191 
-196 -123 
-185 12 
-36 37 
131 -3 
58 -111 
-119 -36 
115 36 
-89 141 
138 43 
-113 21 
-26 -153 
-191 -89 
38 -25 
38 -68 
119 13 
90 -51 
169 -126 
189 -139 
89 -76 
66 -117 
-101 117 
179 -40 
-172 -5 
-118 64 
-90 139 
-63 -85 
-63 126 
105 99 
-7 12 
64 -38 
-91 -104 
165 -33 
-120 121 
125 169 
-59 -173 
24 -131 
79 93 
11 44 
22 -136 
-105 191 
-155 -170 
127 -174 
65 135 
76 -83 
35 -106 
-57 -167 
-26 -197 
-90 -13 
-79 -98 
82 -22 
116 -96 
58 -114 
-134 -12 
-11 -79 
13 75 
52 77 
158 196 
67 50 
6 -70 
-136 -134 
104 76 
24 -112 
193 -131 
35 129 
30 13 
161 140 
193 115 
151 -158 
-123 -114 
109 67 
-189 59 
-2 194 
196 61 
-200 -109 
-171 185 
-160 -173 
167 -138 
51 182 
137 30 
155 94 
56 57 
137 -112 
39 -123 
-108 77 
-104 84 
100 148 
176 -196 
-73 -109 
166 168 
-83 -89 
-58 -18 
-196 -116 
168 20 
-152 -11 
-93 -42 
162 72 
-189 -119 
165 27 
19 -85 
87 -9 
-106 67 
-27 83 
-77 -196 
-41 -155 
-126 -35 
-177 -63 
-33 71 
118 58 
-33 -41 
-194 -18 
77 -171 
196 122 
99 -190 
158 96 
156 135 
59 -8 
116 -71 
-3 -91 
-43 106 
44 -112 
115 -115 
-25 -161 
-108 -68 
170 -70 
-95 99 
145 120 
68 -35 
-129 -45 
47 -20 
103 -121 
-186 71 
-167 144 
93 -72 
77 -136 
178 183 
-52 -108 
40 -163 
58 -49 
-182 -119 
199 125 
-30 -132 
-110 4 
-137 -148 
186 -142 
197 74 
49 -116 
49 -191 
87 -167 
0 37 
-20 -13 
21 190 
110 -26 
21 179 
-14 -52 
-101 199 
179 75 
-114 171 
145 -124 
-1 108 
-32 181 
-64 182 
151 -30 
-127 183 
-160 -192 
39 -164 
-53 78 
-11 40 
-5 135 
71 193 
136 -29 
42 84 
177 188 
-165 171 
-143 -141 
134 61 
-104 180 
155 -130 
78 -163 
-24 -8 
-44 -17 
165 140 
-39 -94 
-35 -3 
30 99 
34 20 
-194 -186 
-85 -112 
-168 -32 
-175 -159 
47 -71 
-44 152 
-154 -171 
119 -149 
161 -111 
159 -197 
-76 -106 
82 -94 
-141 177 
-32 185 
-166 -68 
8 -102 
-133 169 
1 191 
-9 -122 
-43 33 
-134 137 
-44 -153 
-72 -181 
-32 -93 
152 -20 
-170 154 
61 69 
109 133 
106 -151 
162 -172 
-76 91 
-185 -158 
-192 124 
191 35 
-3 -4 
-194 75 
-145 -186 
-93 -98 
-185 -172 
-16 -41 
160 192 
-140 119 
127 -35 
-145 -165 
96 -59 
114 -113 
-4 73 
-148 191 
-44 -9 
-4 172 
-60 126 
-34 103 
8 72 
-11 -119 
101 83 
84 -128 
-146 -59 
-178 172 
173 122 
68 53 
-131 174 
195 -17 
116 -6 
122 43 
-107 -180 
-146 -165 
169 -120 
-116 -140 
179 -197 
26 195 
37 1 
-58 27 
-111 169 
-141 149 
-160 92 
-166 -34 
-104 -161 
-199 15 
-174 -175 
72 -149 
-103 -136 
94 116 
146 23 
-29 15 
-132 149 
-106 -86 
-135 38 
49 192 
81 104 
152 -194 
-14 -105 
76 -199 
20 118 
115 155 
119 -104 
-91 178 
182 67 
175 -169 
-169 -25 
-156 -186 
174 -178 
155 105 
-192 29 
126 -77 
199 17 
-143 108 
-107 -98 
180 54 
154 -179 
-138 3 
155 -42 
-57 -132 
-132 167 
196 146 
-125 99 
-38 165 
-51 181 
-34 146 
153 82 
72 -167 
-184 196 
-153 116 
-171 -166 
117 131 
195 145 
-105 85 
134 173 
56 -195 
156 -166 
-88 -20 
-142 152 
133 54 
-45 164 
134 -29 
33 -154 
-82 -190 
5 174 
98 106 
-197 -2 
44 -96 
-27 29 
-161 148 
-18 125 
109 -92 
-199 -39 
146 156 
-21 -102 
21 75 
-136 -7 
-33 198 
87 -62 
79 120 
50 -163 
-173 -196 
170 -194 
-156 -138 
160 -126 
62 -5 
-50 98 
-105 -122 
-68 108 
-131 158 
-50 -8 
-61 -153 
-109 31 
-136 -22 
-9 -81 
100 59 
101 -6 
-152 -5 
8 -82 
-134 131 
103 92 
-53 -21 
-86 -45 
4 144 
39 -51 
21 -58 
102 56 
66 -110 
-59 -15 
-128 49 
-118 -29 
155 -152 
15 -61 
2 -158 
-104 -167 
-19 5 
-61 76 
12 33 
66 46 
167 187 
-54 -130 
76 -4 
-131 -80 
-140 -183 
-121 -97 
111 40 
8 -87 
-99 -78 
129 150 
-61 19 
-87 118 
19 -97 
96 104 
-56 147 
-100 95 
-17 20 
-151 -145 
-193 -165 
187 -41 
-58 42 
46 2 
-85 -192 
108 -49 
114 38 
-52 126 
95 -176 
-188 93 
-48 -162 
-50 19 
-40 43 
130 191 
-46 -115 
-118 111 
-4 -171 
-128 50 
104 -89 
79 94 
-167 64 
-3 79 
-4 10 
-165 -151 
-83 124 
155 -181 
-24 164 
169 -187 
79 69 
-126 193 
80 107 
113 -182 
-73 -170 
-25 -75 
-108 117 
11 42 
17 -146 
158 141 
75 176 
86 75 
-117 86 
80 -143 
-51 133 
-54 76 
9 72 
-124 -72 
97 29 
-156 -25 
-77 76 
-185 -194 
-8 27 
170 177 
43 -32 
175 150 
-127 57 
20 14 
151 14 
45 40 
-153 -129 
-86 -171 
-178 -14 
-42 87 
131 -195 
145 -189 
100 49 
-73 2 
75 5 
41 144 
-92 142 
-114 -126 
6 -173 
105 177 
19 -75 
19 -83 
-60 95 
143 80 
99 -123 
75 -119 
-83 144 
9 -144 
-139 -18 
123 125 
-84 58 
-188 44 
-118 182 
-32 -63 
-108 -132 
115 96 
-63 -80 
-34 -56 
-87 -52 
-103 145 
-60 197 
50 -24 
25 165 
6 -133 
90 -189 
113 130 
-141 38 
153 8 
-100 163 
145 162 
113 -162 
120 109 
-11 166 
-136 124 
-32 121 
165 -126 
-133 81 
170 36 
78 141 
-9 72 
-145 18 
-150 -135 
-44 154 
-118 76 
-99 -140 
65 -190 
20 -49 
-66 63 
41 45 
-124 121 
-168 -86 
144 -1 
-59 25 
101 -103 
-124 19 
-181 -105 
134 129 
75 164 
194 18 
-17 88 
42 -137 
-20 25 
-84 190 
170 64 
44 -108 
-151 -92 
-79 152 
-200 -78 
-85 171 
-104 110 
140 101 
128 37 
109 147 
111 -102 
-53 -10 
-70 -110 
-25 -152 
-107 -143 
86 -111 
-128 -123 
-108 75 
-159 -140 
157 -74 
-49 94 
-144 139 
81 54 
-197 87 
98 -119 
55 0 
90 -46 
6 -17 
-52 -178 
-77 58 
4 -159 
5 107 
-134 -177 
123 -30 
-30 -52 
124 -142 
53 43 
79 -199 
68 -165 
-32 178 
170 -119 
-17 -102 
-69 130 
117 -80 
-183 -94 
51 38 
-81 95 
27 37 
-50 107 
134 196 
-144 148 
-90 173 
43 173 
74 24 
166 55 
-33 -112 
95 13 
36 -192 
-157 -26 
27 -166 
-11 -122 
76 72 
136 -91 
53 -63 
135 178 
25 186 
-180 -36 
114 -139 
30 -136 
127 189 
-79 9 
-49 67 
-161 -136 
-5 -46 
194 -59 
-18 57 
95 -14 
-52 56 
98 -151 
96 90 
92 84 
23 -79 
-42 -84 
157 99 
58 118 
109 -2 
-4 169 
-70 161 
38 151 
116 -62 
-161 -94 
122 -64 
-139 -60 
135 -28 
132 -179 
-194 8 
66 -155 
-150 144 
-198 -19 
162 -41 
-29 -121 
-47 -40 
-4 -55 
-131 -164 
93 -100 
131 37 
150 -173 
17 10 
-109 -70 
-36 126 
-171 -176 
103 -67 
59 -126 
163 179 
66 -60 
-59 -66 
-188 145 
170 57 
193 -176 
-45 150 
-79 161 
-152 -143 
38 -47 
-103 31 
-16 -58 
-10 -170 
-3 178 
118 99 
119 43 
50 143 
-182 84 
-69 41 
-181 -116 
23 164 
-146 -34 
18 35 
171 140 
143 101 
94 25 
15 -44 
-73 -132 
-168 -27 
-100 -188 
171 23 
73 -121 
-62 -155 
160 149 
117 187 
196 51 
158 147 
-185 155 
-27 142 
-136 -171 
17 -128 
-179 -27 
-138 -150 
69 -95 
160 -15 
158 7 
112 117 
-17 91 
133 78 
183 -93 
121 -144 
175 129 
117 -47 
182 53 
-31 4 
-50 -85 
-28 -146 
59 -196 
-64 -27 
-122 -39 
38 -22 
88 191 
-185 112 
-24 -72 
-9 -102 
-82 -138 
130 199 
126 9 
-150 124 
101 -120 
131 -169 
-143 -115 
111 -150 
30 128 
80 178 
-67 125 
88 -57 
87 77 
-146 -186 
192 -57 
20 120 
27 154 
-171 -115 
164 69 
-52 -118 
45 -62 
118 -138 
175 -74 
-80 -85 
174 193 
83 -26 
-188 -36 
152 -113 
175 53 
-69 -11 
-115 -96 
-42 129 
-198 -35 
-138 -37 
-10 183 
-61 72 
163 -132 
-173 32 
-88 67 
199 77 
-175 -17 
39 -26 
103 -39 
2 -27 
126 -11 
182 -18 
150 173 
150 -73 
-186 -21 
-132 18 
-159 -191 
-6 30 
-176 -162 
58 -116 
88 -175 
49 -9 
-118 -49 
94 64 
24 -173 
98 -162 
-166 49 
-25 81 
42 -175 
12 187 
-124 111 
-41 93 
97 -176 
-118 -184 
-41 -122 
62 -94 
-31 -161 
-17 -90 
171 46 
131 -90 
1 -6 
163 -28 
-88 -151 
-20 86 
-112 7 
63 137 
188 54 
-108 -192 
32 -7 
-95 -101 
-105 23 
-47 28 
90 112 
-25 -120 
107 -59 
-130 81 
-73 -119 
160 -81 
-107 119 
-111 -57 
-64 -66 
-14 25 
195 -200 
-135 139 
-185 177 
89 40 
180 105 
-108 -168 
171 180 
-162 194 
-57 149 
88 50 
176 -98 
-114 176 
-178 142 
-58 102 
4 12 
103 104 
-41 33 
8 11 
28 37 
-85 81 
-97 -156 
-93 -131 
-46 -158 
-14 163 
104 -185 
31 67 
-73 -116 
-62 -3 
-155 -62 
54 -124 
85 -125 
-151 -45 
42 2 
-171 -179 
-56 64 
90 -186 
137 -7 
48 -87 
-159 57 
-21 -67 
193 -99 
32 154 
-153 -5 
-128 -14 
84 -99 
-114 -101 
66 131 
184 -110 
73 16 
-196 -131 
99 -177 
96 142 
21 52 
84 -71 
79 -92 
-193 64 
90 12 
24 -87 
-32 -83 
-62 86 
33 46 
186 121 
67 -5 
-187 -185 
-64 -108 
-60 -164 
121 -103 
-158 40 
37 143 
-23 -38 
164 -186 
-58 -195 
-125 33 
-149 121 
-186 177 
-43 -118 
132 107 
57 -191 
-154 -56 
9 169 
-75 88 
-177 184 
-26 149 
-4 40 
113 79 
42 151 
91 150 
163 -178 
-139 152 
16 -21 
107 66 
-88 -22 
-78 -63 
-43 122 
-23 -58 
61 153 
189 158 
108 -167 
150 101 
-137 -124 
-147 115 
11 189 
-5 69 
180 192 
-30 105 
9 123 
-89 140 
137 94 
64 189 
-54 101 
-90 76 
124 -165 
-55 136 
45 -101 
-105 -136 
147 41 
-197 -106 
-129 -194 
146 -186 
179 -52 
-19 149 
-195 135 
-60 -28 
174 -25 
40 -103 
-72 125 
170 -137 
-174 61 
41 193 
-53 15 
58 162 
29 63 
198 -22 
-4 64 
184 67 
-75 148 
-177 199 
150 165 
-144 -7 
18 -44 
-148 -52 
-139 40 
59 104 
-53 -61 
-193 115 
-149 -21 
62 -11 
182 -11 
-126 0 
21 -187 
78 -70 
-10 22 
81 -44 
-24 5 
32 68 
-166 25 
191 13 
58 92 
191 -61 
173 124 
2 138 
109 -169 
-126 -170 
50 97 
-51 -53 
-157 190 
-176 120 
-174 20 
125 53 
176 -6 
-186 -197 
116 -123 
-135 107 
-117 186 
172 -6 
165 -185 
-160 13 
116 29 
146 -9 
-176 -149 
-92 152 
-113 -177 
-185 91 
175 -60 
32 23 
33 62 
-38 -77 
199 -151 
98 -83 
115 99 
-106 17 
-37 51 
198 178 
-55 3 
-72 -184 
116 103 
53 -113 
43 75 
-177 -56 
-14 -138 
70 -64 
-188 -25 
-169 169 
36 191 
-179 41 
-119 -123 
74 -64 
-90 28 
-89 -137 
-40 -69 
-98 -146 
-155 163 
35 40 
96 61 
154 194 
68 -75 
179 172 
178 -20 
113 89 
119 -139 
160 165 
124 -135 
125 59 
20 113 
18 24 
-159 46 
134 81 
27 43 
-135 -70 
191 -195 
-135 178 
-189 -139 
161 67 
176 173 
41 -48 
78 150 
-174 137 
149 104 
-157 184 
-9 171 
76 154 
83 74 
-9 -107 
148 -134 
151 -22 
189 -168 
-6 129 
-31 20 
-2 137 
92 -82 
-98 -116 
-200 -106 
-163 -82 
65 -83 
77 -58 
1 -121 
-53 -170 
109 47 
5 -91 
-57 168 
174 -196 
110 38 
-73 -167 
-58 -20 
-176 126 
-45 29 
107 -158 
155 -174 
56 139 
166 19 
13 40 
120 147 
-172 -151 
-167 180 
194 13 
-13 33 
-155 28 
186 104 
136 158 
12 71 
114 93 
-8 142 
-111 -115 
-71 161 
-93 -157 
-103 12 
166 -50 
-191 -91 
50 4 
-28 29 
-70 -152 
-168 -98 
159 55 
-187 21 
-143 36 
-28 -126 
149 -199 
-60 190 
-25 13 
-26 41 
66 -160 
90 -30 
-159 105 
-88 187 
-171 -64 
192 -187 
-128 85 
167 -27 
80 -113 
-116 -5 
-119 -53 
10 91 
156 -30 
0 43 
169 -83 
104 107 
-200 38 
-1 80 
199 55 
4 47 
-185 -111 
115 33 
-137 -33 
-135 -60 
-147 130 
82 84 
-105 -194 
103 -17 
-101 -144 
-74 2 
56 170 
186 -9 
-104 -90 
103 166 
-133 -147 
-168 -133 
53 -99 
-130 125 
-155 189 
63 -102 
15 153 
-44 91 
-21 -116 
-118 -182 
-178 162 
140 194 
36 76 
84 -171 
16 190 
54 58 
-176 134 
38 -126 
-167 192 
-29 196 
87 171 
-92 -17 
-185 -195 
-39 -56 
-138 26 
92 149 
-49 -153 
-48 159 
-67 191 
-192 -3 
4 104 
-97 127 
22 120 
-105 82 
-57 -46 
196 -62 
122 -2 
30 -44 
-48 21 
-182 -97 
-28 21 
-16 162 
136 19 
-110 140 
-160 -66 
175 -183 
-195 -131 
-80 104 
-133 -140 
29 152 
-197 -200 
167 -154 
88 -126 
-69 149 
13 -91 
-31 -40 
150 171 
-131 145 
-147 -29 
-157 -113 
130 -140 
-183 155 
62 174 
-85 197 
173 -197 
72 144 
113 16 
-138 -200 
97 27 
23 68 
-153 -44 
83 120 
-82 -20 
92 49 
158 53 
155 106 
-194 5 
62 -67 
39 -186 
74 163 
-86 133 
132 180 
19 -44 
185 177 
-194 -99 
150 193 
180 -41 
-95 85 
56 -53 
5 -194 
181 -131 
154 94 
166 -101 
-79 64 
-121 89 
38 78 
-40 -29 
-57 45 
11 -53 
68 196 
-42 34 
-188 135 
-84 -17 
-43 -189 
-72 -145 
-39 145 
-36 158 
-14 162 
-81 179 
165 149 
-92 181 
-76 -124 
-130 -106 
146 40 
-28 -151 
193 86 
-28 190 
38 77 
88 -13 
20 135 
77 -48 
102 1 
167 -40 
30 179 
164 -32 
-83 62 
-7 141 
-169 -23 
-128 -6 
-196 -34 
-94 100 
46 -22 
-109 -92 
95 122 
172 188 
-116 162 
45 -27 
-39 159 
90 115 
158 -26 
76 164 
177 -53 
-184 142 
44 -75 
192 117 
190 -7 
-101 -137 
31 -39 
-63 156 
178 -80 
-42 -28 
81 -18 
186 -95 
-166 152 
-38 198 
170 127 
-80 -179 
-18 -6 
53 -8 
-153 -167 
-148 -120 
-58 -5 
-53 3 
-127 -83 
-164 53 
-55 126 
27 -93 
-46 150 
-41 -156 
104 -40 
199 181 
-162 17 
29 -47 
-165 -140 
152 44 
20 76 
142 -56 
114 106 
-152 84 
60 -26 
69 114 
53 35 
-97 -167 
-108 -172 
137 76 
-1 -138 
-62 -149 
-179 99 
93 95 
27 -51 
-187 -113 
8 -183 
86 -153 
110 78 
-79 185 
118 165 
-35 -196 
94 -72 
-169 90 
-139 -36 
-145 150 
159 3 
-157 -37 
162 42 
90 135 
-25 37 
155 -183 
-25 -7 
124 151 
-131 190 
158 -62 
112 192 
61 -101 
-2 102 
-130 -122 
-185 -184 
125 -198 
-82 -67 
86 -105 
-111 76 
176 56 
-118 59 
-190 -56 
-177 -113 
179 -129 
-152 91 
-105 127 
49 106 
158 120 
-163 -81 
7 171 
14 144 
100 150 
7 99 
-159 -28 
-103 89 
-100 -183 
131 -58 
-17 37 
-31 -155 
90 -33 
9 -123 
32 -25 
47 -146 
-3 -166 
-47 174 
-150 -2 
21 41 
-158 -4 
-188 84 
-166 183 
53 -54 
-151 -22 
-75 -41 
185 -170 
72 168 
54 -61 
-138 -137 
-2 32 
49 19 
-184 149 
-128 -65 
-9 20 
175 -29 
33 -127 
-183 -20 
83 160 
47 159 
-37 106 
-115 -110 
125 55 
26 -130 
198 -65 
44 108 
-183 -193 
-103 162 
151 149 
-130 -195 
24 -140 
-113 99 
89 69 
20 47 
-126 -197 
-86 -120 
199 -114 
3 15 
86 77 
-83 129 
-122 -183 
-14 10 
180 -166 
55 132 
-136 7 
23 62 
-52 146 
-44 -30 
-125 26 
57 -3 
129 -88 
-135 -190 
12 186 
162 -5 
139 -94 
198 -198 
-12 -134 
41 -150 
132 38 
-32 45 
-96 -45 
-91 66 
-3 -58 
-192 -38 
-36 -24 
23 48 
-192 -89 
195 144 
150 -13 
198 114 
108 -32 
127 196 
158 116 
105 -78 
-73 15 
-172 175 
-44 172 
111 140 
105 165 
-54 -28 
35 -89 
92 179 
-36 148 
-163 -161 
-20 -169 
-64 -133 
-185 -77 
32 -186 
40 -76 
92 32 
129 -95 
74 -177 
116 42 
-92 -1 
-67 115 
-63 -87 
129 -46 
143 12 
191 77 
80 -179 
14 60 
76 83 
126 42 
-96 -188 
194 154 
199 -195 
16 -177 
-66 51 
-146 27 
101 91 
147 65 
-81 198 
-103 95 
-54 -37 
109 53 
-36 66 
-199 -137 
181 -140 
55 -82 
188 61 
22 -143 
133 159 
-16 79 
53 -57 
143 -94 
-180 -42 
56 -129 
73 35 
-66 -185 
145 -29 
-129 158 
-165 194 
131 -110 
159 121 
-90 122 
141 -29 
168 -44 
-179 111 
-122 119 
26 -113 
-126 23 
162 -185 
-170 -54 
-198 143 
-31 40 
79 -62 
-62 77 
131 -77 
-40 15 
-18 -104 
95 -164 
-107 197 
77 -191 
-45 178 
160 117 
-141 13 
-128 163 
-118 -77 
33 -152 
25 176 
23 24 
-102 -14 
-176 -119 
11 195 
-58 49 
94 -13 
188 180 
80 197 
-99 124 
-195 197 
-57 -185 
-156 131 
-63 190 
-17 142 
113 -42 
-70 -171 
-106 -76 
25 -187 
159 -91 
79 113 
-32 29 
67 -199 
-6 166 
-145 -183 
87 179 
-151 67 
-91 -166 
100 24 
-134 61 
180 -146 
-47 -182 
131 -45 
-154 194 
-115 -114 
-143 -100 
-107 -88 
191 -56 
193 87 
-162 130 
9 -24 
145 -108 
148 151 
22 126 
151 192 
71 -157 
-196 13 
199 103 
-167 7 
119 51 
-197 129 
38 76 
-19 -48 
-181 -157 
-80 156 
82 -55 
161 146 
131 -186 
-117 -3 
-174 172 
-49 -166 
84 -174 
-74 89 
-162 7 
31 195 
162 -191 
-140 -128 
79 -65 
-25 -86 
36 -116 
166 -100 
-76 -14 
199 184 
-79 12 
34 -157 
39 184 
-195 -44 
54 -75 
-122 -142 
-142 -91 
-161 -178 
98 143 
-13 -177 
-2 -172 
197 73 
25 87 
180 123 
131 -200 
-125 169 
107 -29 
-187 184 
110 -158 
-187 154 
-13 121 
-49 194 
-69 127 
174 -100 
-196 137 
94 119 
179 40 
116 67 
-152 -149 
10 -19 
103 105 
-72 85 
-1 -5 
184 153 
-199 -29 
175 -113 
-15 -176 
57 -162 
-74 54 
130 -101 
-2 160 
127 -169 
29 101 
149 -115 
-50 -90 
163 99 
-92 -80 
142 129 
-139 -19 
-76 -47 
18 181 
-79 56 
-52 -199 
76 54 
13 -47 
106 169 
-159 -8 
38 -73 
-63 -120 
-147 -11 
-15 36 
-117 90 
-51 156 
22 196 
113 -154 
-193 -9 
-158 60 
0 147 
-153 158 
-148 -102 
-38 134 
-137 -144 
3 -183 
-75 -64 
128 -88 
-119 -56 
22 156 
107 115 
176 -182 
199 82 
120 157 
-72 -195 
44 130 
152 -171 
142 82 
116 73 
194 119 
119 -24 
69 -146 
26 46 
-9 119 
176 -126 
117 185 
-78 -198 
-57 33 
177 -185 
39 -146 
40 125 
-124 -37 
193 54 
133 -186 
-196 134 
-37 196 
28 51 
-4 122 
-196 128 
109 163 
-109 -157 
40 -182 
116 133 
151 83 
177 -170 
-102 56 
141 49 
52 199 
-146 170 
180 -43 
-144 169 
10 160 
-14 -122 
123 -35 
-69 -108 
139 13 
-174 175 
-108 139 
183 128 
193 -55 
84 -145 
-144 156 
-91 38 
-119 -47 
162 2 
61 107 
-149 -161 
67 161 
-51 -69 
6 -89 
-180 15 
-36 99 
101 114 
-90 135 
67 -40 
-45 16 
80 150 
142 26 
137 -187 
-46 -29 
32 82 
77 54 
-182 -51 
-31 134 
-94 -154 
15 30 
-109 -49 
78 -3 
174 31 
-157 -29 
-74 116 
90 86 
171 -85 
98 17 
-18 -186 
-99 133 
-40 188 
167 -136 
76 -53 
-38 70 
-134 -29 
-156 193 
69 46 
182 80 
124 144 
-156 69 
-57 117 
-67 99 
170 -179 
190 -166 
-5 -33 
-153 -98 
-81 -163 
-46 33 
108 169 
-44 -125 
30 -7 
96 11 
-107 152 
-125 148 
-165 -71 
4 23 
163 -168 
-46 -103 
106 -170 
78 -155 
185 1 
-108 49 
