0 -69 
-189 128 
134 -186 
44 -170 
186 -152 
-96 -181 
98 21 
91 -166 
130 42 
-92 179 
-60 16 
-83 -27 
-163 -175 
-84 23 
37 88 
167 161 
-197 126 
-121 195 
-96 -13 
-107 101 
77 172 
-41 51 
-23 198 
-136 87 
-187 79 
41 -145 
83 -170 
199 9 
64 122 
135 7 
-160 167 
-79 157 
31 189 
-71 168 
32 43 
166 170 
-74 15 
-53 168 
10 154 
72 -150 
62 -118 
-151 5 
7 71 
122 -8 
-22 117 
-92 166 
-135 18 
127 10 
-118 5 
-115 172 
140 124 
123 -70 
-133 87 
169 -30 
-64 154 
-64 -187 
-26 -68 
195 -128 
-79 -188 
-19 190 
-48 -45 
-3 82 
-106 158 
27 -53 
-108 -184 
-55 -27 
-138 135 
198 85 
10 -115 
-111 100 
-194 -130 
162 79 
-105 79 
85 -30 
-116 132 
-193 183 
-158 -32 
146 -85 
-46 45 
-45 -192 
112 -89 
97 148 
11 -141 
45 -73 
115 30 
176 -185 
31 7 
-185 113 
-72 163 
-123 156 
168 -76 
185 -8 
-114 -200 
-25 -153 
-12 114 
-153 -122 
73 -120 
-69 -154 
-77 117 
-161 153 
-143 -37 
0 173 
-154 68 
-5 -49 
147 153 
7 -52 
76 -196 
192 188 
-55 86 
80 -45 
-130 -192 
141 76 
71 -60 
-66 -115 
117 -17 
-108 -6 
113 160 
-10 -83 
-148 -27 
28 105 
-50 191 
-11 -160 
-175 -194 
25 -20 
71 61 
-29 -109 
90 120 
-30 -161 
-49 -177 
-121 56 
92 51 
-136 60 
35 -108 
-24 18 
150 -185 
-90 -54 
-7 -113 
23 172 
-136 -19 
76 -83 
-89 198 
33 96 
-194 -90 
169 182 
132 157 
23 -149 
-15 73 
88 4 
114 -72 
-74 150 
-107 192 
-105 54 
154 -21 
75 -105 
-87 -45 
199 171 
-93 105 
-30 -89 
-189 -11 
77 -174 
48 -170 
174 -101 
151 188 
180 197 
24 120 
-79 -21 
-40 -177 
-169 -114 
115 37 
-79 125 
-123 -6 
-98 -111 
177 72 
-99 69 
76 152 
-111 68 
86 164 
192 -29 
87 7 
195 193 
-59 90 
2 103 
-139 103 
-108 66 
-147 -156 
-88 170 
-128 -86 
-3 10 
-59 57 
36 -112 
197 -45 
178 -45 
-157 -142 
-105 -79 
-161 -155 
-143 60 
47 -133 
-72 129 
183 113 
25 199 
-91 -191 
-55 187 
59 -90 
119 170 
50 -28 
121 19 
176 -31 
86 -73 
18 108 
12 -71 
137 -87 
8 58 
-97 89 
-57 173 
-151 -47 
-110 -42 
-167 -4 
177 -188 
-79 183 
-179 -173 
164 12 
-174 -6 
106 110 
128 143 
-40 92 
-30 80 
-127 -103 
175 154 
-175 193 
43 75 
-26 -117 
-21 38 
-109 154 
-7 -112 
-14 135 
-188 -115 
82 -114 
-17 -30 
-94 108 
-28 -138 
34 -198 
0 -184 
71 101 
-156 -87 
-186 78 
-131 -63 
119 -46 
172 23 
-162 -147 
158 164 
-13 -126 
-196 86 
-185 -72 
164 122 
-126 -192 
34 139 
-162 -142 
-38 58 
128 82 
111 83 
-41 175 
-18 -57 
-165 -59 
73 -72 
30 -190 
-170 -129 
-94 -26 
-142 102 
-39 117 
-19 159 
-60 -88 
-152 59 
-68 -182 
-77 -11 
-69 89 
-36 -142 
51 -141 
198 -191 
-101 111 
-180 -138 
42 -120 
-55 -182 
62 123 
54 160 
40 -37 
-160 24 
88 160 
124 -107 
128 75 
-78 53 
-160 86 
-56 -66 
-23 -62 
133 -198 
98 -98 
-1 -41 
110 1 
131 99 
80 75 
-49 122 
97 92 
183 95 
-129 -39 
13 180 
-111 -34 
-93 177 
11 199 
-103 186 
94 108 
84 -147 
188 -32 
-59 111 
145 166 
60 139 
-104 184 
-82 13 
-143 136 
-163 158 
-29 136 
-163 -143 
189 -101 
63 155 
178 -159 
115 -167 
-134 -98 
-51 -32 
-48 -17 
112 -35 
157 101 
192 130 
126 175 
-26 -15 
33 143 
29 -35 
-74 87 
99 17 
129 -30 
-64 127 
31 109 
188 38 
68 -49 
184 5 
112 -192 
182 -130 
-104 21 
114 163 
-159 101 
63 62 
-15 -148 
23 65 
-142 -83 
-77 61 
-125 140 
146 -126 
-71 -112 
-70 196 
-135 181 
150 -147 
163 13 
-161 -184 
-181 99 
-90 94 
159 -154 
103 -39 
23 -76 
-24 -180 
75 129 
-97 122 
98 65 
-47 169 
51 8 
157 39 
16 -14 
-198 -188 
25 -200 
116 140 
-132 2 
42 154 
198 -131 
-112 50 
66 -47 
133 -49 
-45 164 
-3 185 
-195 139 
193 105 
53 30 
-163 -100 
-71 -164 
75 26 
125 114 
-2 -48 
183 -44 
-142 -114 
189 43 
0 -98 
-100 -133 
-70 129 
157 -41 
46 199 
83 -7 
-3 39 
-11 -82 
44 175 
159 68 
105 127 
28 -188 
-1 -67 
22 79 
-54 -121 
42 110 
-109 -35 
-22 33 
22 -96 
71 -41 
-149 -190 
29 -36 
-2 -177 
143 -184 
106 -19 
197 182 
-38 72 
-123 113 
-183 -189 
-61 -105 
-82 24 
-96 -26 
166 -104 
-50 -132 
-15 -83 
-118 -9 
115 118 
123 36 
78 148 
11 4 
-5 3 
-22 -54 
70 156 
-13 -181 
-79 -116 
50 169 
-111 -162 
-63 -113 
-98 176 
-21 -129 
194 145 
181 -158 
-182 104 
-129 -155 
-166 -164 
-170 -13 
165 54 
-60 -91 
54 145 
-107 -139 
156 -78 
-174 -27 
-12 92 
-129 -16 
-61 -83 
-162 -107 
-45 -28 
71 -148 
-180 20 
-17 97 
-22 129 
-137 -155 
135 134 
0 124 
-109 -125 
-144 47 
168 49 
-19 51 
72 -30 
-73 106 
-112 89 
-72 -176 
177 -83 
-31 35 
140 -7 
161 -127 
145 91 
115 2 
70 153 
31 -42 
-7 2 
50 -29 
93 -188 
-39 132 
-12 -59 
47 106 
148 -168 
-55 88 
-156 62 
-133 -175 
80 -20 
-156 15 
-106 -161 
-107 -4 
112 128 
70 39 
-181 -176 
-97 162 
132 104 
55 -60 
113 -46 
189 -38 
-151 63 
-169 152 
-131 119 
-117 195 
38 -146 
193 -65 
118 139 
-2 -68 
-13 108 
32 -169 
-138 188 
-24 -96 
-150 -102 
172 -63 
-37 81 
149 192 
-76 -144 
89 166 
-177 -181 
54 80 
83 -57 
168 16 
-128 53 
83 -166 
-177 -6 
-62 -74 
-165 -118 
-22 -158 
87 -92 
196 -133 
-197 -90 
-100 148 
98 105 
-83 -168 
-198 -161 
108 111 
-31 105 
-109 -165 
-68 -140 
-51 52 
1 33 
-62 18 
42 68 
-28 30 
74 88 
-32 127 
-187 -83 
92 46 
-23 -19 
65 164 
-95 97 
-39 -92 
-146 -193 
-40 -148 
-63 25 
78 -110 
182 88 
-172 166 
-112 33 
106 150 
133 21 
116 1 
-61 -180 
-164 -166 
153 -126 
-149 25 
180 -190 
-24 -145 
0 9 
18 -29 
-125 124 
-24 -126 
-16 157 
-192 135 
-180 78 
155 -32 
181 97 
-120 126 
-138 -94 
-104 -131 
-112 162 
-109 145 
-165 -42 
-162 -120 
-133 -163 
117 27 
83 15 
89 -131 
13 160 
171 -114 
-129 199 
-94 57 
161 5 
151 -157 
107 -149 
-23 -60 
-174 -175 
38 -141 
-167 -76 
-43 152 
-179 27 
38 144 
-78 192 
61 -125 
-68 -137 
-47 100 
189 149 
55 -68 
52 117 
105 1 
-74 30 
143 -83 
-95 106 
122 66 
166 156 
172 -91 
77 -95 
162 -148 
62 106 
187 174 
135 -97 
-100 -183 
104 -50 
71 -176 
73 -81 
0 -25 
42 -96 
-197 -34 
-173 -125 
83 -63 
179 -193 
-74 168 
-101 47 
146 175 
146 170 
23 134 
70 5 
-107 119 
70 66 
124 -57 
-141 172 
-163 -167 
132 -54 
-103 67 
193 29 
32 -15 
-20 -79 
-70 -91 
-28 -147 
-18 29 
155 -42 
-56 85 
-43 69 
119 -90 
142 -58 
-130 63 
-109 5 
-138 14 
45 -141 
-25 48 
-59 61 
66 27 
-78 196 
174 187 
-116 -183 
-17 149 
137 168 
66 -131 
101 -39 
-175 93 
127 -123 
51 -77 
53 -165 
52 -171 
37 64 
104 182 
173 103 
96 -98 
-48 -141 
151 -53 
142 44 
-126 148 
102 13 
53 60 
-79 51 
-50 182 
107 -113 
-38 157 
-45 3 
-15 -61 
119 70 
-157 -150 
144 133 
55 -146 
75 -11 
-184 -94 
82 19 
142 -103 
-43 -70 
90 -32 
156 176 
69 -16 
-96 -103 
171 -24 
-30 185 
-52 6 
-156 170 
-48 -128 
-48 141 
102 60 
28 89 
83 -171 
146 -94 
-92 -89 
-118 197 
-14 189 
-189 143 
42 157 
-113 -172 
164 -136 
-116 -32 
-107 166 
93 162 
14 16 
-153 102 
34 162 
84 -62 
-165 -171 
-174 -126 
-6 -188 
52 -102 
136 67 
120 19 
108 85 
97 78 
113 196 
-111 -5 
164 84 
-173 50 
-37 165 
-41 178 
160 111 
-179 -154 
25 -41 
168 -15 
-108 -153 
69 -137 
149 -64 
74 47 
-37 -190 
-51 56 
61 145 
-79 -47 
122 -42 
-76 170 
104 -195 
-197 -51 
-26 37 
109 36 
179 29 
16 -5 
-1 165 
-27 25 
-61 40 
55 -72 
-149 -80 
169 80 
110 99 
162 50 
-37 -164 
195 -14 
170 -56 
-87 -98 
-185 -93 
77 -144 
58 18 
185 105 
58 -134 
52 -137 
150 38 
-105 43 
-86 -162 
-20 -167 
33 193 
-146 120 
50 -187 
87 -128 
14 58 
106 81 
70 98 
-38 -108 
-197 -134 
-154 118 
153 134 
157 -42 
135 -39 
-183 173 
-130 17 
191 -84 
55 122 
-111 -136 
-89 -55 
139 -38 
-24 195 
-46 73 
41 -79 
-92 9 
-81 -134 
-29 45 
137 76 
74 0 
-114 5 
147 -57 
113 1 
-141 -18 
175 -72 
-22 13 
-47 -101 
127 -53 
21 -145 
104 -101 
-149 -165 
95 -105 
4 107 
-163 -194 
-69 -124 
192 -102 
-189 -78 
-69 194 
-113 -76 
16 -21 
-194 -24 
-171 -82 
110 193 
-10 139 
-129 -1 
115 -42 
-107 -173 
-137 84 
-6 36 
34 123 
196 -174 
-162 106 
110 73 
44 109 
-107 29 
19 -54 
-90 -53 
27 167 
-117 -12 
138 -37 
130 83 
172 -145 
38 199 
65 -92 
7 81 
-198 -35 
8 70 
102 89 
29 -174 
-54 17 
56 79 
194 -101 
34 -26 
13 -174 
-165 -176 
102 31 
-164 -155 
142 -129 
87 50 
125 68 
109 106 
-183 -164 
-71 38 
-87 131 
-192 168 
-5 -135 
83 23 
58 41 
-172 34 
156 -121 
31 61 
94 118 
-161 -129 
111 -87 
-190 69 
-89 -54 
27 -150 
-50 -28 
69 -159 
-149 45 
194 -163 
45 -71 
-160 -151 
-175 136 
-52 186 
-19 58 
150 -129 
-199 70 
172 -192 
-36 -66 
18 -191 
-53 117 
166 41 
99 -137 
-128 -56 
-81 -32 
92 -104 
-44 88 
16 85 
-108 167 
111 -58 
17 165 
-171 187 
76 -12 
-193 154 
-41 44 
149 -45 
-35 132 
130 -132 
-195 -118 
-183 187 
-15 113 
-147 93 
123 38 
23 -170 
-101 55 
-170 -199 
197 -192 
-108 166 
-179 69 
20 79 
100 35 
25 -75 
-1 -17 
29 -110 
4 -154 
175 -57 
121 34 
67 -44 
148 103 
189 46 
160 136 
-41 183 
-177 48 
-71 183 
-101 122 
-11 146 
-105 -60 
66 187 
-115 -15 
180 64 
84 -55 
-28 -81 
-51 198 
-156 -103 
13 33 
-87 96 
-97 113 
-175 189 
-37 -197 
-37 -146 
-28 -18 
-45 -139 
188 109 
-153 -26 
-101 -43 
98 -146 
-117 -10 
-77 176 
-161 59 
-104 -89 
12 -138 
151 153 
-65 110 
-148 -5 
28 15 
37 -86 
-74 -124 
-162 -21 
146 -112 
-50 171 
-93 73 
48 -29 
-141 150 
95 -63 
-120 -85 
123 128 
39 121 
-124 29 
175 -112 
105 -87 
-100 -20 
-75 -135 
-128 122 
-186 -63 
-106 162 
-125 -49 
-94 -20 
-158 146 
80 153 
65 -28 
-39 -147 
103 107 
140 29 
-33 186 
122 172 
54 -76 
150 -189 
116 95 
129 -172 
-90 -80 
-45 -14 
-47 125 
38 -175 
-110 191 
108 24 
137 192 
-64 -6 
-72 183 
-26 -131 
-53 81 
-191 -181 
-185 -83 
-139 -160 
-4 31 
49 4 
-64 44 
-167 155 
15 -182 
-177 135 
-46 65 
96 -39 
67 66 
-43 -42 
154 -43 
172 167 
-194 -21 
25 -159 
-3 14 
-36 -157 
37 19 
48 46 
29 26 
96 -56 
102 153 
10 -33 
195 3 
-26 -16 
-179 122 
31 -74 
-47 -75 
-152 0 
108 -150 
-74 57 
104 112 
-28 -46 
-77 103 
183 89 
174 -119 
-75 35 
-119 -128 
-179 129 
128 141 
9 188 
89 116 
26 -163 
64 -47 
-132 -109 
108 -166 
-108 -120 
183 -141 
18 -158 
137 165 
11 144 
-174 -96 
-156 -78 
-141 15 
187 -153 
86 -184 
141 -39 
-59 32 
47 -33 
189 24 
173 166 
-125 143 
15 -2 
46 174 
161 -165 
198 180 
-26 177 
-155 -171 
-131 139 
-34 -51 
19 -182 
-56 104 
-105 158 
-58 150 
192 171 
-134 -94 
71 -76 
12 -121 
-24 137 
36 142 
18 -54 
179 -127 
-42 -151 
-106 -186 
-96 182 
162 98 
-199 22 
-131 -81 
-106 -129 
69 54 
49 66 
-59 -166 
-198 -145 
72 4 
107 148 
-185 161 
148 149 
-67 -94 
3 91 
85 -81 
-9 0 
116 148 
83 76 
-189 -98 
117 42 
-48 10 
8 -77 
-6 172 
51 41 
123 161 
164 -3 
110 -161 
-53 0 
-83 114 
-20 -78 
83 -40 
-24 180 
165 190 
-25 -73 
192 18 
80 33 
-94 156 
-110 -164 
-65 -200 
71 122 
16 158 
144 103 
41 6 
129 140 
33 -116 
-194 108 
-111 15 
2 22 
-119 -138 
140 114 
-123 183 
-104 -35 
80 -200 
124 95 
-117 21 
-126 -182 
-123 -51 
-152 156 
106 0 
86 24 
-71 -192 
-58 108 
-3 150 
-97 -198 
-114 -149 
-17 150 
-159 195 
-123 -26 
135 48 
11 151 
-97 -51 
-24 22 
-109 -195 
173 160 
104 2 
-88 114 
150 48 
19 27 
-68 -155 
104 61 
-45 -118 
-45 -58 
-114 107 
-161 -154 
-55 -166 
-54 129 
-57 112 
58 -156 
-132 -7 
176 106 
-1 172 
12 -183 
79 23 
3 -118 
80 50 
129 -170 
128 151 
70 -116 
-124 61 
-118 167 
-123 115 
183 -200 
131 -91 
-73 11 
43 -11 
101 172 
-32 -170 
70 -127 
-4 21 
-100 7 
-78 153 
169 3 
-73 29 
-62 153 
-187 -4 
71 188 
-128 -45 
-42 160 
121 -150 
-159 -134 
68 -129 
-24 -115 
-124 -98 
195 34 
-64 -156 
-25 74 
38 133 
195 105 
-44 97 
16 -176 
187 148 
111 163 
194 -61 
157 53 
-31 45 
-3 -92 
119 -140 
-124 84 
103 147 
-73 39 
199 -79 
9 116 
-10 -123 
-105 -89 
-174 184 
108 29 
82 18 
-174 145 
-85 21 
-133 32 
-20 -44 
-163 0 
-66 -175 
93 45 
-97 -120 
148 65 
176 -116 
194 45 
95 93 
136 170 
-76 35 
-119 14 
-6 105 
-180 67 
11 25 
69 -36 
-13 138 
-163 35 
139 -16 
-66 63 
158 -138 
109 -30 
163 -43 
-141 -96 
-109 -142 
166 -71 
69 -130 
-168 114 
113 19 
71 -63 
-178 -12 
163 -85 
-167 -9 
-170 -78 
137 158 
-130 -78 
-17 -159 
150 -35 
-109 -190 
96 61 
68 72 
-117 -150 
-189 -45 
-15 25 
-118 81 
35 61 
-158 54 
185 -25 
47 -119 
13 123 
-94 73 
-148 -84 
152 79 
24 99 
-165 4 
73 196 
73 158 
-144 -154 
-73 118 
126 -41 
106 29 
174 63 
-92 66 
87 -161 
31 122 
-173 -183 
2 -1 
-95 63 
1 106 
199 -149 
-87 46 
-111 -57 
125 0 
-52 -176 
-18 164 
-186 -194 
71 117 
102 -191 
198 149 
-9 182 
66 -43 
12 111 
197 42 
-191 -56 
184 -42 
-62 102 
192 24 
107 45 
159 117 
-64 62 
-87 -81 
-148 183 
96 104 
195 -149 
131 43 
167 122 
-68 5 
-73 -75 
-83 24 
-184 13 
-116 -122 
-156 122 
-73 196 
70 65 
-115 26 
-104 14 
185 62 
-106 -153 
126 147 
-152 1 
153 8 
-180 144 
-33 -183 
23 87 
13 77 
75 15 
4 81 
6 77 
139 -67 
164 102 
-103 193 
-186 192 
14 -130 
-188 171 
-95 39 
35 52 
-107 185 
40 74 
0 -192 
-6 95 
-52 70 
-112 139 
38 64 
190 38 
54 87 
-37 39 
-79 -135 
112 -39 
-171 -151 
-199 1 
173 126 
45 5 
193 -142 
127 68 
-42 -185 
-125 -92 
-27 -47 
80 133 
82 42 
-136 8 
75 90 
-141 34 
-158 -59 
120 -159 
-149 139 
-83 125 
46 75 
-57 65 
166 -75 
59 -23 
-194 -176 
-179 -102 
74 25 
183 19 
-86 -173 
-122 -177 
43 146 
-5 -118 
-165 65 
86 96 
-58 -9 
58 146 
-28 -188 
-99 78 
-174 174 
99 -188 
-70 34 
-45 -99 
-105 -59 
-45 -152 
-136 -59 
135 -80 
190 -147 
15 37 
30 187 
-163 -18 
-158 65 
181 146 
-141 35 
-136 130 
-167 68 
116 -70 
-72 78 
-149 127 
159 189 
149 -169 
-145 22 
-124 -31 
40 -165 
85 -69 
62 176 
162 10 
2 -146 
-169 -178 
78 135 
-11 9 
-162 35 
98 55 
-85 -138 
73 148 
-63 -170 
-149 -29 
85 -68 
24 -149 
-7 167 
-192 -179 
190 -30 
-132 -192 
99 57 
-142 140 
130 143 
-102 57 
119 148 
41 -36 
-47 -37 
59 112 
186 -49 
27 -189 
185 -153 
98 125 
-86 103 
102 14 
-123 127 
-19 -82 
117 63 
132 29 
-106 96 
-189 -194 
199 30 
174 -35 
176 82 
133 -179 
114 50 
-102 -152 
-88 138 
190 95 
58 130 
-11 137 
73 -197 
51 117 
-185 -79 
45 -44 
17 12 
28 70 
177 58 
59 40 
43 -6 
29 178 
-69 5 
115 -90 
108 34 
101 -56 
157 -103 
-72 -25 
-19 73 
13 -193 
-64 -76 
126 134 
-134 41 
191 81 
99 -152 
114 120 
-106 -152 
-119 194 
-124 6 
-63 106 
108 -186 
99 76 
-186 -78 
-191 108 
7 -81 
167 1 
-120 21 
-67 184 
172 121 
62 26 
-78 -100 
40 -53 
35 57 
117 -181 
-187 -79 
30 169 
-125 96 
-102 44 
90 -157 
156 65 
125 2 
147 -133 
142 111 
79 153 
-186 -8 
-167 -60 
-1 54 
-192 -132 
34 -168 
144 -23 
0 -92 
-163 73 
-131 -23 
-71 127 
-168 61 
13 -61 
-33 58 
132 30 
72 -141 
-41 -166 
-4 -154 
-65 -85 
177 99 
-183 -156 
-1 131 
-87 38 
-158 37 
32 0 
-94 123 
-85 -145 
-91 -190 
-30 -133 
-40 33 
-101 181 
33 -171 
-112 28 
-189 -116 
168 3 
-128 137 
-35 196 
-23 -150 
18 -70 
175 -107 
-81 100 
160 132 
82 -173 
165 -53 
-77 152 
-111 38 
-76 -185 
150 23 
70 -9 
-123 -111 
-18 186 
-150 -92 
74 109 
37 21 
-128 -48 
46 112 
51 12 
-95 30 
28 -161 
144 8 
65 89 
-159 184 
121 159 
-67 -33 
66 99 
151 128 
136 -149 
-192 95 
-105 -83 
40 77 
93 100 
-169 -4 
-42 152 
74 5 
145 119 
43 179 
-178 29 
179 -4 
139 -118 
41 -60 
-57 152 
-59 122 
-40 124 
115 125 
-56 4 
67 -82 
-53 -175 
-9 -76 
116 -142 
93 109 
108 107 
-2 -58 
78 82 
-183 69 
-21 96 
-120 49 
-30 -56 
77 37 
-136 192 
65 4 
119 77 
179 92 
132 -130 
47 88 
-59 -165 
-32 -111 
150 123 
172 -181 
-31 18 
46 -10 
7 -30 
114 18 
-110 -58 
-184 -197 
-41 -30 
-43 95 
25 -113 
-118 109 
109 160 
176 129 
-97 107 
-112 111 
43 -111 
-118 -88 
1 119 
107 98 
179 18 
167 114 
-199 42 
-75 47 
-159 -90 
21 -181 
-155 132 
139 -62 
-173 -155 
121 135 
-94 172 
32 136 
-130 41 
-173 18 
101 112 
-199 71 
-106 171 
100 -66 
103 -143 
24 148 
-90 -132 
-86 84 
-69 -171 
-145 -139 
150 -174 
-115 49 
-124 -109 
-188 76 
112 -44 
-114 -132 
127 -170 
110 60 
169 0 
33 -192 
-94 -2 
-115 -186 
80 -100 
-107 -76 
-193 -26 
-34 -73 
-159 -166 
3 109 
54 -197 
48 -85 
-19 -116 
198 16 
152 95 
72 94 
47 -150 
-187 -123 
-82 -169 
-170 127 
198 185 
111 107 
-68 199 
-164 12 
-115 -56 
-5 -82 
29 -155 
20 105 
177 195 
-67 -126 
82 -125 
177 122 
-30 -157 
-176 -159 
190 -193 
-61 110 
176 -81 
-134 184 
152 -127 
-31 6 
65 21 
-31 116 
-117 43 
101 135 
97 155 
120 11 
66 -149 
146 -189 
-22 -117 
127 147 
120 17 
64 152 
-183 -124 
175 -91 
116 -183 
-47 189 
47 -115 
29 98 
-139 -80 
-147 -40 
192 -45 
194 77 
20 -97 
-191 79 
105 -114 
169 -183 
160 -45 
-17 -186 
53 127 
-96 -148 
90 0 
187 59 
31 105 
132 -67 
126 -120 
-192 -105 
-77 76 
88 113 
148 -87 
12 -157 
56 -86 
21 119 
111 -77 
185 -122 
107 130 
-143 178 
186 -67 
-36 81 
-53 172 
-36 136 
155 -36 
183 -178 
90 -126 
40 -7 
76 -140 
21 -87 
-117 -1 
195 -12 
-88 -173 
101 103 
112 -25 
182 100 
-21 14 
199 118 
68 120 
-85 -123 
-127 -23 
111 -124 
11 0 
-165 -65 
195 -161 
-124 -168 
-15 -16 
9 35 
102 113 
-177 -15 
-59 -83 
19 -106 
161 190 
-196 160 
-35 -62 
-161 91 
130 161 
-156 97 
73 -80 
190 125 
-145 -42 
-189 186 
-64 195 
175 -135 
152 -63 
160 -112 
-53 -144 
-77 -183 
-59 56 
-172 -80 
-187 -167 
-169 -32 
-87 -42 
-160 -191 
174 143 
8 -120 
-30 66 
80 140 
5 46 
67 -86 
74 -155 
134 176 
-48 -118 
-142 112 
-44 107 
127 25 
-111 -17 
51 -66 
113 9 
-166 145 
91 -40 
-135 -95 
194 9 
-115 32 
-132 17 
97 -84 
112 23 
151 -142 
-38 91 
-97 -168 
-150 161 
-21 -173 
-127 -161 
-82 14 
140 84 
-31 -172 
-107 -2 
-156 -90 
-21 106 
-16 115 
-172 127 
190 -123 
135 21 
35 115 
-176 124 
127 47 
110 30 
-132 -187 
-144 50 
46 119 
-61 66 
-159 53 
-60 159 
66 41 
-119 141 
-20 -117 
-44 29 
-35 164 
-15 139 
139 147 
52 3 
163 -177 
53 -108 
-51 113 
49 -55 
-53 146 
196 74 
-42 -11 
-124 78 
28 -153 
126 55 
-46 -64 
168 -7 
21 88 
-38 123 
-194 174 
179 103 
181 -165 
23 28 
-73 154 
-123 196 
40 82 
37 165 
-34 49 
87 3 
-174 91 
-138 -23 
-146 -199 
165 82 
-21 -45 
115 113 
76 -188 
45 27 
157 -87 
159 -117 
37 -72 
-195 39 
-36 183 
-129 46 
68 -33 
-21 22 
-8 41 
-155 188 
-75 -30 
-67 171 
-169 -98 
-67 -134 
70 181 
-102 -104 
-28 -108 
23 -130 
106 164 
-173 -48 
61 72 
-34 71 
136 -12 
35 176 
42 178 
-86 165 
5 26 
138 -160 
104 110 
135 -172 
114 -160 
183 105 
194 -141 
-85 190 
117 -24 
95 -69 
153 80 
-98 121 
1 -95 
-54 181 
181 -123 
87 -183 
190 150 
18 88 
-90 -97 
-81 -176 
-6 -26 
92 -111 
64 -74 
167 -22 
190 141 
-156 18 
147 -166 
-43 -75 
166 -91 
147 9 
-171 186 
-129 183 
-16 84 
-114 -145 
-114 -172 
-193 -35 
-42 109 
27 -88 
-27 12 
20 -89 
78 -145 
163 -147 
134 143 
-20 -70 
-178 169 
-71 -76 
-22 -114 
-143 123 
153 7 
3 -149 
-187 -20 
51 45 
-196 69 
-121 3 
-44 -131 
144 -134 
-128 54 
57 142 
48 34 
-195 -160 
2 -90 
-4 -164 
-38 149 
-100 -36 
14 87 
-8 182 
-72 19 
192 117 
-121 -85 
-44 -152 
-130 162 
96 169 
31 -68 
-140 -129 
-50 -62 
3 -81 
46 -125 
-27 -118 
127 110 
155 -103 
-26 104 
-95 109 
-169 14 
-111 -116 
170 92 
34 -111 
-163 71 
151 -126 
-45 -56 
-136 29 
69 -38 
73 -161 
-18 179 
-91 -195 
-167 131 
-161 110 
112 -51 
-43 -48 
-109 124 
90 153 
95 -127 
-41 186 
121 -46 
-55 -57 
32 76 
70 -104 
-71 101 
166 -145 
84 -25 
122 -136 
165 -175 
71 -77 
150 -87 
36 27 
162 -63 
-188 64 
-73 144 
-21 -9 
192 194 
93 71 
63 88 
159 65 
193 102 
134 183 
195 -162 
-63 -129 
-190 52 
-195 129 
35 14 
-52 -8 
-39 133 
-106 -50 
-194 -188 
-191 -81 
44 35 
-127 -70 
-13 -59 
-178 -162 
-129 -70 
43 -144 
-151 -111 
-25 -26 
-158 50 
108 -170 
-160 -154 
92 117 
-176 20 
-53 137 
45 30 
-13 -45 
106 92 
86 -6 
168 -195 
-116 41 
145 -107 
-139 -10 
198 -49 
104 -127 
-112 -172 
116 119 
-99 23 
61 127 
95 -16 
144 81 
-18 -194 
-146 -110 
141 77 
-132 -66 
52 94 
45 120 
78 -19 
60 136 
-198 -80 
-188 -32 
-27 -17 
-176 -27 
97 -158 
179 190 
-48 27 
3 -100 
-155 -43 
69 -92 
99 -116 
10 -123 
-65 171 
-24 112 
-181 169 
49 -42 
146 -2 
107 44 
-9 5 
28 118 
-115 -120 
-4 168 
170 119 
151 70 
-155 -152 
-127 109 
-103 121 
-165 -159 
-20 -21 
-92 -109 
187 75 
22 15 
119 -12 
76 -30 
77 125 
30 -80 
-176 -183 
135 -153 
130 28 
-22 19 
156 194 
157 31 
137 -120 
-166 -24 
-8 -106 
151 -18 
-26 149 
52 -160 
-77 127 
27 -62 
-27 -45 
-95 -21 
-44 159 
-88 -108 
-183 83 
64 121 
169 -105 
-172 -123 
99 -117 
105 47 
-119 -145 
-90 123 
125 -103 
-158 153 
51 -15 
119 27 
-68 82 
69 27 
-83 -169 
-172 77 
-171 114 
170 -40 
-116 22 
-163 -97 
134 186 
-44 -68 
-174 74 
25 14 
137 -196 
-21 79 
158 137 
14 -115 
-23 22 
-83 -53 
-162 -46 
20 108 
178 196 
93 -181 
23 -124 
-66 -146 
-88 117 
11 130 
-165 100 
187 -151 
-155 -83 
-63 69 
149 62 
-81 -76 
175 10 
-163 78 
54 192 
-14 83 
13 -168 
1 -37 
-189 -172 
63 -81 
-90 135 
-106 -47 
-89 -158 
158 -84 
189 167 
-152 64 
-169 -20 
-118 -75 
-134 66 
-140 -3 
168 -60 
-33 145 
-35 -120 
56 -150 
78 -90 
-55 41 
-2 141 
-179 -44 
-146 -104 
191 113 
-113 159 
-63 -2 
-27 128 
49 183 
-188 130 
100 -136 
-13 -186 
-58 116 
-153 -56 
-49 64 
58 -101 
-4 -166 
112 118 
-175 -167 
-16 -187 
157 80 
168 -42 
152 187 
7 -192 
141 -69 
-106 159 
53 28 
130 121 
21 90 
126 125 
65 -77 
172 150 
59 75 
4 -49 
-103 -198 
-33 -114 
-155 -153 
-13 -35 
171 28 
112 -43 
-108 -3 
-197 144 
-195 -150 
-147 -101 
2 100 
177 83 
188 29 
-148 41 
10 -167 
115 174 
166 91 
157 -112 
-175 -108 
-152 -129 
-24 169 
-171 15 
-22 170 
-107 -98 
143 3 
-99 -166 
187 1 
116 152 
-53 -71 
157 -169 
125 53 
-24 197 
-40 -193 
141 -162 
129 -88 
-182 161 
171 84 
111 -97 
-21 -197 
24 -140 
-147 73 
-107 194 
-187 -190 
-40 63 
66 -158 
-31 -38 
143 93 
-89 -37 
11 189 
63 122 
-143 17 
-153 130 
-65 176 
-86 99 
-119 179 
107 151 
-149 -119 
-43 -35 
139 -14 
59 -162 
-144 -18 
-106 27 
135 34 
38 -176 
-6 34 
-4 90 
-60 -27 
162 -6 
-88 -117 
34 -191 
-170 75 
-38 -74 
-184 -49 
122 -67 
-154 -77 
178 69 
-125 128 
10 186 
-155 -40 
134 196 
84 136 
75 171 
142 -53 
-10 40 
-6 176 
-167 179 
65 -127 
86 6 
-49 72 
175 -110 
-139 57 
-17 62 
17 161 
-37 -52 
-84 -181 
197 -124 
139 69 
-12 -50 
78 -94 
-100 -113 
-146 83 
98 -53 
-25 -148 
14 -15 
-176 60 
139 -76 
116 184 
-134 174 
61 164 
-72 -155 
95 -193 
53 38 
60 181 
106 -86 
57 -148 
132 76 
-152 -24 
50 111 
-121 62 
6 110 
46 -79 
38 -57 
-129 4 
111 -130 
186 -200 
128 -80 
180 75 
-88 -161 
-131 41 
-148 -180 
188 79 
151 -29 
53 -40 
16 129 
-73 176 
-121 47 
46 136 
65 29 
52 -25 
122 118 
4 104 
3 26 
-184 -56 
17 190 
134 168 
68 -3 
92 54 
-198 66 
16 -45 
190 -72 
-65 163 
-55 42 
-16 -13 
-149 189 
-29 129 
0 -115 
83 184 
165 -19 
-58 -92 
-120 -24 
-11 20 
-137 137 
-174 -77 
59 -55 
10 192 
-161 104 
-161 129 
129 33 
11 46 
146 -44 
-8 152 
20 -179 
-8 154 
153 -42 
-68 -63 
99 122 
121 148 
-3 -191 
-199 -117 
-182 -165 
-109 -116 
-131 83 
-192 71 
-103 154 
25 -89 
-37 -66 
-15 -157 
-125 37 
-83 -154 
-63 114 
-99 185 
-137 -147 
-122 -101 
-34 -62 
2 89 
23 1 
129 -148 
37 -149 
-82 135 
-130 -93 
-126 -142 
18 -190 
199 -91 
158 -115 
-142 175 
-119 196 
6 -124 
196 64 
163 70 
122 111 
-136 129 
-198 -149 
173 61 
-155 -7 
-145 -34 
-114 -124 
-183 -30 
112 -67 
67 136 
95 64 
160 120 
57 136 
-12 -123 
152 -37 
-85 47 
-162 111 
192 184 
-119 -189 
-12 -33 
-87 178 
174 47 
44 -30 
118 -146 
75 -44 
-52 55 
174 193 
-24 41 
160 -6 
-78 20 
101 -13 
-118 62 
-44 -22 
156 -197 
-134 15 
54 64 
123 94 
112 -78 
-32 -35 
49 -174 
68 -46 
-54 97 
32 112 
-25 63 
-175 52 
68 162 
-152 183 
-75 198 
-111 125 
113 141 
-119 -83 
-84 97 
174 -106 
-175 85 
-135 -82 
-51 -177 
-26 116 
-37 118 
79 11 
176 62 
-37 -57 
47 65 
142 -50 
38 -22 
-182 -31 
145 -78 
76 137 
161 -187 
58 -106 
-13 -108 
-141 42 
-198 -12 
154 -67 
2 191 
-77 186 
30 4 
58 -89 
127 -70 
50 117 
166 -43 
-176 -24 
43 7 
-145 -165 
114 170 
167 -85 
-176 161 
122 100 
36 -196 
-73 -145 
-161 -11 
-165 50 
-150 135 
47 -41 
187 124 
-190 184 
-79 151 
143 -47 
-164 -81 
46 13 
139 -190 
103 -84 
-48 -65 
-155 -104 
-195 -47 
174 -150 
159 -170 
153 150 
-94 182 
-100 177 
49 159 
38 176 
-125 76 
-68 -199 
-151 171 
-168 -28 
8 114 
-149 -183 
-139 156 
-192 -2 
155 -61 
134 -84 
141 -86 
-21 -145 
-168 176 
39 -61 
44 -195 
65 106 
186 55 
163 132 
97 -126 
12 -180 
80 55 
-37 71 
-130 -34 
-59 127 
106 -111 
-16 -70 
130 136 
-195 95 
-198 75 
163 171 
-89 -185 
192 -137 
-60 33 
82 -69 
-183 63 
-160 81 
-162 101 
-52 -188 
-55 -184 
113 42 
-80 111 
-82 154 
-165 -87 
195 78 
-57 -66 
105 -18 
-126 -155 
-113 -74 
-147 -160 
-110 -190 
-110 -17 
-190 153 
-128 -94 
114 103 
164 79 
-106 -6 
-130 133 
174 173 
-97 8 
199 68 
188 -73 
159 -66 
20 -155 
80 -4 
-77 105 
45 75 
-141 -129 
61 -153 
173 62 
86 -38 
-125 -84 
126 186 
-104 -5 
43 90 
-20 10 
16 -135 
131 -5 
20 116 
-153 10 
11 -38 
-73 -49 
33 171 
170 -55 
-88 -4 
-4 -141 
40 53 
-36 96 
141 -193 
173 -65 
22 43 
11 104 
-4 -87 
21 -146 
137 -73 
39 0 
32 -163 
-88 -81 
-150 111 
56 -139 
-198 192 
177 95 
-114 -130 
195 -141 
196 -105 
169 8 
66 -115 
147 -106 
177 -179 
40 -173 
192 -95 
84 187 
-96 -189 
-58 55 
-121 120 
-159 154 
27 -99 
0 4 
66 78 
-148 -43 
-46 48 
-110 -55 
-184 -165 
-157 -71 
157 140 
68 116 
-11 119 
-35 3 
-76 -183 
91 -172 
-54 -139 
11 -58 
-25 88 
195 -19 
40 143 
144 116 
67 -19 
-175 -71 
90 -134 
-197 -172 
132 185 
153 -64 
-12 190 
-2 107 
-51 -82 
180 -102 
151 48 
159 26 
128 -40 
-27 -181 
-41 -4 
189 134 
-118 -71 
95 -146 
-77 -85 
-23 -147 
-105 -161 
-26 168 
21 -35 
165 121 
117 181 
-122 159 
110 65 
130 -149 
-127 187 
-182 100 
-116 -171 
-138 -14 
-81 -34 
93 -178 
1 193 
-81 -185 
73 -67 
155 -2 
84 -59 
2 -98 
-35 -34 
88 -118 
2 60 
46 -92 
123 -12 
148 -186 
-31 62 
99 49 
-140 -19 
80 -160 
56 188 
116 59 
-96 113 
21 -190 
13 99 
-166 -130 
166 -107 
-23 -177 
130 27 
-88 41 
-188 -67 
-51 102 
-103 -71 
-41 142 
-103 -154 
-133 178 
-136 108 
-185 -3 
27 -128 
-148 -194 
-162 7 
81 -166 
114 85 
6 -14 
-19 163 
-149 -46 
42 123 
-16 163 
-78 -199 
49 20 
-62 128 
69 -64 
110 152 
-38 -60 
128 103 
-160 121 
-23 -114 
-64 -120 
100 -12 
86 192 
-137 60 
63 -193 
24 -135 
-63 179 
-9 169 
189 6 
163 129 
-147 34 
-107 146 
169 -163 
-91 53 
107 77 
133 111 
96 37 
97 -61 
74 -33 
28 -19 
-78 164 
-83 -126 
134 -199 
128 -127 
34 93 
-167 -119 
47 -162 
-85 -99 
-1 92 
-48 -19 
-8 129 
-6 4 
-51 193 
-166 157 
154 85 
142 -163 
-49 -166 
-16 -127 
16 144 
-98 32 
-25 -82 
-64 136 
-176 -63 
-81 157 
13 -76 
94 -96 
151 199 
-82 29 
-62 158 
-62 199 
-35 -26 
-99 120 
154 108 
-168 -34 
-101 -87 
87 -69 
183 144 
131 -96 
-68 -132 
149 152 
46 -50 
189 37 
-13 -129 
56 -66 
-68 -111 
2 -70 
101 -180 
-77 147 
-19 56 
-183 -153 
-122 46 
-148 110 
-113 -91 
20 -124 
-56 -185 
20 -132 
-49 146 
19 76 
-46 166 
-26 105 
189 -178 
74 -15 
-168 -187 
-130 182 
73 166 
32 -53 
29 153 
-125 -7 
150 -13 
147 161 
-124 -65 
144 123 
177 156 
-18 106 
147 -117 
94 164 
-55 5 
-148 82 
92 36 
167 -7 
75 151 
-20 65 
192 169 
99 113 
9 26 
144 -197 
193 7 
-61 88 
185 -100 
183 -12 
56 -126 
-149 -79 
-22 -39 
131 69 
47 19 
178 -92 
9 189 
-90 126 
0 103 
165 -78 
2 8 
194 -185 
17 51 
6 95 
-121 -70 
122 -103 
164 -173 
-113 99 
-83 160 
127 163 
-151 0 
-174 46 
-135 16 
165 -24 
157 15 
-104 -143 
42 44 
104 -75 
58 154 
-125 106 
-171 30 
-140 -105 
124 13 
-137 -107 
131 22 
158 -87 
27 45 
170 -57 
-184 192 
-132 -104 
-116 -132 
19 -69 
-95 149 
-29 -37 
-192 79 
132 5 
-55 -188 
-181 139 
156 -159 
-181 74 
63 -121 
-66 101 
122 -169 
97 144 
90 -78 
5 98 
-63 -33 
9 -11 
69 -18 
-136 13 
-32 -61 
-46 63 
-136 71 
63 108 
-196 81 
150 137 
-42 -70 
58 164 
6 -116 
-51 50 
-35 185 
-100 47 
38 116 
129 30 
-190 178 
24 -86 
-43 176 
-88 -23 
-105 -71 
-88 -114 
12 144 
-81 186 
-174 44 
55 -103 
145 26 
-28 144 
155 53 
-172 -127 
143 -61 
163 -126 
140 -98 
-75 179 
-198 -67 
-150 182 
39 95 
-14 -149 
-166 153 
86 133 
-87 -32 
150 -118 
61 165 
-19 113 
86 1 
101 99 
124 4 
48 5 
92 -151 
-185 188 
77 -120 
-200 44 
-109 -163 
91 26 
124 -20 
113 145 
134 -2 
129 192 
-102 193 
-191 -77 
-81 -107 
109 24 
189 -99 
-16 -51 
4 93 
-32 -148 
199 -81 
-5 48 
127 80 
19 -186 
-181 184 
-120 116 
191 -73 
-64 49 
13 110 
49 -112 
179 141 
-161 -182 
185 75 
-26 -28 
-57 157 
104 144 
-44 -147 
-136 162 
-61 26 
189 -45 
94 2 
-169 -119 
-133 111 
-41 -143 
158 169 
41 -140 
-1 -185 
108 -83 
85 185 
132 165 
-185 -36 
-132 -72 
94 -166 
6 -20 
82 -128 
-96 -164 
138 -140 
188 -22 
32 85 
14 -129 
-41 -107 
141 -98 
162 46 
193 -178 
89 29 
-188 -106 
55 10 
145 -171 
189 -107 
-62 52 
183 11 
-45 178 
138 39 
92 -155 
-144 174 
-184 39 
193 -153 
-84 -140 
-2 79 
47 -49 
69 -65 
-200 -199 
113 119 
120 -98 
71 -52 
-166 160 
75 107 
-11 -133 
41 114 
-190 -81 
-1 -89 
-152 -6 
151 -122 
158 -13 
31 52 
-58 90 
-126 166 
71 30 
-1 -9 
-41 -75 
8 -185 
79 120 
-45 -156 
186 -51 
106 -110 
8 -159 
88 -137 
-179 -24 
-176 166 
-176 -137 
-60 138 
-195 -194 
-62 -152 
80 91 
-152 -157 
-131 87 
14 -181 
-56 97 
-198 34 
46 85 
76 -47 
-81 -87 
61 186 
140 -84 
-132 187 
79 29 
-66 108 
9 18 
-110 183 
-36 76 
-117 7 
53 188 
188 159 
-43 116 
43 -174 
-187 192 
125 -91 
175 194 
-123 -70 
-143 -48 
-31 -56 
40 -115 
64 24 
93 -104 
-72 -53 
120 -58 
-4 106 
-30 106 
181 -11 
14 -14 
-61 -169 
-174 134 
154 -171 
-111 66 
120 53 
-171 77 
-189 99 
-153 78 
-122 190 
-69 158 
192 195 
-103 102 
-139 -107 
-8 -117 
148 73 
144 -166 
-85 114 
-66 -64 
56 181 
-94 141 
-98 69 
1 -10 
120 -88 
-4 25 
-198 -93 
49 -57 
199 66 
40 -99 
7 167 
-199 -177 
-8 156 
-158 186 
-171 -90 
-19 -21 
-124 197 
155 178 
65 25 
-48 -71 
-110 103 
5 -142 
115 -33 
-56 192 
-174 63 
156 44 
92 -136 
-101 173 
-196 -75 
-88 139 
157 144 
-19 -177 
127 179 
98 33 
120 -14 
151 -168 
-124 -111 
-45 73 
-134 -87 
-143 -4 
-150 55 
35 11 
95 -172 
-118 -33 
51 151 
-57 63 
34 94 
-15 86 
-57 37 
40 -192 
-32 70 
86 -58 
198 -58 
97 -179 
-195 0 
-67 100 
-120 -39 
-173 -176 
-114 53 
-87 -113 
126 73 
160 -101 
166 0 
-82 172 
-77 -137 
-163 39 
-107 -56 
6 -11 
74 -179 
-60 -40 
-96 -155 
154 54 
183 -119 
120 165 
54 -5 
-46 -1 
-88 33 
-113 -157 
-4 36 
-93 -98 
-96 -167 
73 -124 
-52 153 
-51 -59 
-162 -163 
-144 -10 
-98 -105 
-132 32 
137 -174 
-14 -61 
-99 70 
34 104 
73 -172 
9 -152 
72 35 
-30 181 
-20 48 
161 -77 
65 -12 
29 121 
99 -170 
-152 90 
-112 45 
189 116 
175 -39 
-5 -65 
-34 -120 
-108 125 
136 -112 
36 -10 
4 110 
-73 68 
-113 1 
133 157 
-141 168 
144 -186 
46 -181 
3 40 
157 50 
-163 -159 
-30 23 
-95 -64 
-22 48 
-20 -42 
-49 196 
-172 -75 
-59 1 
-148 59 
-146 -189 
-15 34 
58 189 
-170 -30 
66 92 
133 -116 
74 -124 
-12 152 
157 -128 
-123 185 
-19 65 
131 -6 
-61 184 
-85 19 
186 173 
-58 102 
-125 109 
124 -8 
-57 54 
-102 -95 
60 41 
-86 -33 
-141 119 
-115 -60 
58 159 
132 -127 
51 22 
-109 -124 
-38 104 
-66 -75 
-124 -116 
40 -113 
98 14 
-3 -197 
106 -21 
-9 -139 
42 14 
105 29 
142 -67 
108 74 
-18 104 
-110 40 
-39 31 
-174 -44 
-21 -14 
-120 171 
106 -2 
3 79 
195 -50 
18 -107 
151 30 
76 11 
-114 88 
8 -80 
-23 73 
-57 -55 
107 7 
93 69 
-30 96 
-99 182 
159 7 
-121 -188 
4 73 
-57 -151 
188 -54 
-61 -157 
-141 157 
86 5 
46 56 
197 -29 
93 -192 
-137 -127 
-14 163 
-148 9 
182 56 
96 15 
11 -197 
9 -149 
76 120 
-177 175 
-180 -145 
-60 23 
-54 -114 
-137 177 
46 72 
25 -102 
113 57 
152 -158 
18 -41 
-54 -59 
-78 -109 
18 124 
-134 14 
-57 -44 
-180 -88 
-123 60 
45 -20 
-46 -181 
64 -191 
125 -70 
43 8 
-73 -56 
-193 -180 
165 -85 
-177 71 
-84 -3 
-161 114 
2 -58 
42 55 
78 102 
-186 95 
-153 170 
149 110 
114 46 
179 -126 
184 -164 
59 149 
-118 13 
-93 -13 
171 -156 
-89 10 
-33 189 
-91 3 
-68 192 
-113 126 
43 -150 
140 -10 
-83 -89 
161 39 
145 -187 
-107 -106 
118 -124 
-97 -113 
-192 99 
13 -181 
2 -163 
192 73 
95 -18 
-126 27 
-33 -146 
120 175 
-131 -18 
80 196 
77 -12 
119 95 
2 75 
109 175 
60 -99 
22 95 
90 144 
59 -32 
-89 108 
124 -22 
72 -191 
43 -98 
-112 -71 
-29 -21 
-166 -62 
160 -194 
57 -164 
-188 -52 
-144 -61 
-136 -182 
-68 186 
113 107 
181 24 
196 -31 
-149 -59 
-44 116 
56 -59 
-139 127 
-55 132 
-62 131 
102 19 
-133 -196 
-117 -42 
35 39 
-78 -130 
140 173 
-32 170 
-138 19 
184 -54 
-132 -185 
40 166 
-55 -108 
-71 -150 
-123 88 
117 -72 
126 -175 
151 -30 
36 125 
-80 37 
-140 12 
113 55 
-21 -151 
162 -150 
-70 -128 
123 7 
-126 10 
156 120 
197 -123 
-121 -77 
-179 189 
53 -153 
-37 -155 
-117 -69 
-167 156 
32 -160 
197 134 
131 119 
-195 111 
-146 -87 
-68 -85 
-48 5 
-28 147 
29 -46 
39 -170 
82 111 
-115 -136 
78 -183 
-114 16 
105 -138 
-94 157 
-165 13 
179 -6 
139 53 
-133 53 
-77 64 
-116 12 
-108 -138 
122 136 
179 192 
37 18 
-125 3 
18 -38 
-139 -135 
6 -22 
166 94 
-1 65 
-171 -63 
-53 55 
137 77 
150 -28 
-124 176 
18 28 
2 21 
62 119 
-167 80 
158 -39 
-87 -78 
191 69 
-65 -73 
193 39 
149 -88 
-134 178 
3 -23 
-122 50 
-124 69 
154 168 
129 84 
-127 -49 
34 -127 
127 162 
31 -65 
111 -5 
-179 185 
15 64 
-146 76 
101 170 
182 175 
53 54 
142 91 
-185 104 
81 64 
145 121 
-101 -182 
-82 -148 
-126 67 
-95 162 
-87 -99 
-31 31 
86 38 
-76 -55 
-199 -54 
31 -128 
-3 24 
-71 41 
16 178 
-189 -156 
-114 -91 
-140 29 
-164 -198 
-52 -18 
-189 40 
-40 -112 
17 -107 
77 -195 
45 -5 
36 -194 
71 -200 
-115 150 
76 89 
112 13 
20 -118 
79 177 
-111 63 
11 82 
-127 4 
-132 114 
3 -169 
133 -79 
6 -190 
-171 122 
-199 -52 
-107 -10 
80 128 
-64 179 
146 -184 
55 -70 
-115 -164 
-175 -195 
175 147 
67 -23 
76 -105 
96 55 
14 -78 
-66 -148 
-168 56 
86 -195 
-128 126 
183 -117 
-188 -129 
-182 91 
-77 27 
151 20 
69 -182 
137 96 
-140 133 
-62 -157 
38 19 
-90 30 
-129 130 
24 -6 
171 126 
122 -93 
-17 50 
-96 -108 
124 123 
-18 -144 
-132 12 
-51 92 
175 99 
-173 -43 
37 -138 
-4 118 
-142 100 
12 -11 
111 45 
44 -3 
154 -123 
187 91 
38 -89 
78 69 
98 -191 
186 -55 
-190 86 
27 186 
-12 104 
-118 -37 
-137 -126 
16 104 
-5 38 
134 -169 
-140 11 
-35 -165 
24 188 
165 199 
-182 20 
58 74 
34 58 
171 -69 
81 175 
50 -74 
-89 -122 
-62 72 
-156 -74 
51 -126 
131 98 
19 48 
68 18 
-126 78 
-198 3 
-153 27 
-77 96 
-140 147 
-155 -181 
-40 12 
55 81 
133 63 
-107 41 
150 164 
36 -83 
-9 -50 
81 96 
-121 -173 
196 13 
103 -180 
-43 -181 
110 2 
191 -2 
95 161 
192 155 
120 -133 
115 -197 
-81 154 
-164 -40 
-92 29 
181 -3 
100 -14 
180 108 
183 -192 
-95 65 
-24 167 
-153 -157 
-150 71 
120 60 
14 113 
158 -198 
147 -165 
102 140 
64 34 
34 78 
58 -62 
176 167 
-23 111 
163 1 
-106 44 
74 69 
17 -120 
-106 -8 
190 23 
-149 -93 
97 16 
-48 168 
107 43 
-42 132 
-96 76 
75 96 
-27 -76 
-110 -78 
80 26 
51 129 
-128 -93 
164 -68 
135 -60 
-4 -107 
-3 192 
189 -84 
-90 33 
-71 3 
134 -4 
-91 36 
-179 67 
162 -132 
154 42 
170 -174 
-27 15 
-65 -193 
18 117 
-36 4 
-11 36 
-174 66 
114 185 
-195 182 
142 143 
66 77 
-51 186 
-135 -81 
70 -124 
37 41 
166 188 
25 188 
-86 108 
26 51 
114 178 
-162 163 
-162 63 
-197 104 
25 -88 
143 72 
-25 5 
-38 -41 
-111 132 
-81 -10 
194 81 
13 136 
-40 138 
-4 -186 
-76 144 
148 -107 
-167 -143 
124 -156 
142 -55 
38 159 
-84 123 
61 -64 
-147 57 
154 -70 
82 -188 
110 39 
11 -130 
51 17 
-86 -58 
126 146 
145 -103 
-46 -37 
50 150 
-31 101 
180 -10 
167 -62 
-16 4 
-139 -2 
-108 90 
-112 107 
194 -86 
123 -124 
-120 -54 
88 -15 
54 -108 
-85 62 
86 126 
8 -29 
-30 44 
-32 45 
-102 123 
-73 -7 
-188 -190 
-196 129 
192 175 
-47 -199 
-16 -151 
162 -156 
-134 151 
-36 -46 
-14 -5 
91 -68 
-178 -97 
-103 -178 
-164 49 
190 159 
-17 -49 
-9 -77 
183 126 
-121 193 
166 198 
30 7 
-124 -39 
-98 -193 
-174 -35 
-167 44 
-149 -138 
52 -158 
57 4 
27 -129 
1 -140 
109 -64 
-113 -185 
-168 -107 
76 108 
129 -4 
31 73 
-161 -19 
-16 -91 
-125 84 
171 -186 
8 -51 
142 50 
-80 -53 
-51 -64 
-99 -104 
-197 11 
-15 165 
-37 180 
-28 73 
109 194 
-123 -122 
104 125 
-11 -192 
-17 -18 
-88 -35 
147 42 
-181 22 
46 -179 
180 -177 
57 109 
13 161 
-79 -93 
-1 -179 
-155 140 
-105 -193 
-190 81 
-4 126 
25 -110 
138 195 
-199 144 
-106 -165 
13 128 
185 109 
50 123 
-120 -48 
54 -113 
-118 29 
-165 -142 
-8 -141 
161 77 
94 -93 
-51 -7 
183 -20 
-49 -115 
167 -186 
136 -65 
-154 -103 
28 13 
149 157 
-170 -91 
179 121 
-113 -177 
-187 -124 
-121 49 
-49 84 
31 -86 
-115 58 
0 170 
-102 -13 
183 -109 
10 125 
112 38 
127 172 
109 118 
155 116 
170 77 
11 95 
151 86 
-80 -179 
192 -185 
-52 195 
73 76 
-97 -101 
167 -33 
-98 -113 
-152 18 
-87 -152 
46 -118 
-198 -19 
175 -65 
-21 -162 
-199 -93 
-9 47 
-52 140 
15 -67 
78 -133 
-190 8 
6 -113 
-45 -111 
-90 -136 
68 -22 
103 -15 
199 -26 
43 -143 
-32 -52 
-82 176 
-9 24 
-104 93 
158 -121 
44 69 
186 118 
-184 -78 
112 58 
-54 139 
84 156 
77 183 
86 127 
-119 -55 
-139 114 
-189 51 
198 -89 
-111 -87 
-117 4 
-92 21 
97 -153 
-26 -141 
193 77 
-173 177 
107 -44 
-177 -24 
-41 37 
74 131 
47 -74 
161 -174 
47 140 
147 -9 
92 -65 
-31 -64 
80 104 
13 -69 
-20 106 
189 -167 
112 63 
21 168 
-4 -6 
-183 164 
-3 112 
44 -67 
43 -72 
159 -78 
98 159 
194 2 
170 -14 
118 35 
-198 -112 
-25 165 
-148 -172 
-129 -62 
-20 -75 
75 -169 
112 73 
-134 -183 
188 -58 
126 111 
154 -27 
48 -164 
-178 -148 
-151 -172 
115 -142 
129 29 
-100 -28 
-170 45 
35 -144 
-15 97 
182 121 
-150 -181 
76 109 
57 188 
189 -106 
-81 108 
9 -167 
171 8 
-189 160 
-193 -135 
-179 125 
-81 137 
-124 183 
-38 152 
65 -148 
-143 -82 
94 120 
-15 36 
-65 -175 
-107 110 
-107 -71 
37 -163 
-166 -138 
-167 -104 
191 -92 
35 105 
-65 196 
63 -111 
-161 139 
161 -143 
-65 142 
159 41 
-23 54 
-112 -125 
106 136 
-154 6 
-154 130 
-151 11 
141 -123 
-61 -164 
-33 104 
-151 107 
-80 -29 
-55 -44 
-31 -83 
63 192 
-74 -45 
-44 124 
-139 -151 
147 -45 
139 -56 
-121 51 
-123 72 
144 110 
165 143 
157 1 
164 -188 
-89 111 
-37 67 
163 -91 
178 31 
13 145 
172 -2 
159 79 
16 72 
146 -102 
134 -73 
-10 -28 
-155 73 
17 42 
-87 -93 
-166 -68 
-86 -22 
-93 181 
-111 166 
-49 53 
45 71 
167 -17 
-198 162 
-49 -131 
-123 95 
1 -62 
142 -82 
120 152 
99 -82 
-24 129 
-99 93 
-40 -197 
170 13 
107 113 
-1 14 
-55 -158 
-48 -170 
-6 -112 
-6 187 
-97 -35 
20 175 
58 185 
116 86 
-154 173 
-98 137 
140 -118 
83 -167 
-93 115 
102 -173 
-27 -146 
138 -51 
-4 -148 
-159 55 
-78 -124 
193 52 
78 117 
-116 -96 
-126 100 
-143 -116 
-143 -200 
161 -99 
-134 -147 
-103 -176 
-179 1 
-35 -187 
189 -96 
122 77 
147 125 
-60 15 
47 60 
-140 132 
119 -81 
39 154 
-87 197 
128 -171 
-36 -128 
-22 -134 
-110 185 
-85 44 
-108 72 
-164 77 
-64 186 
46 -98 
-129 18 
-61 75 
116 -151 
193 -170 
199 147 
-97 171 
-12 12 
80 -82 
149 60 
-101 165 
-153 87 
109 74 
69 155 
-46 155 
140 -83 
90 108 
180 139 
187 134 
-161 84 
-5 -182 
-138 140 
178 171 
96 115 
111 138 
74 -21 
-27 52 
-39 -25 
-50 -144 
168 -193 
-131 2 
-111 59 
-197 196 
195 156 
183 49 
-119 198 
-150 -90 
14 17 
24 182 
62 -189 
34 -96 
-93 -16 
-71 -126 
-152 -48 
-20 -10 
66 -141 
41 82 
140 80 
-20 136 
-148 147 
-158 183 
187 151 
-129 138 
-195 -49 
38 185 
-129 55 
-155 6 
-189 188 
-191 -158 
-176 -119 
-39 -123 
-173 95 
-139 91 
134 -91 
-84 -78 
-176 80 
154 19 
9 158 
148 -48 
132 -153 
91 -26 
73 195 
-123 168 
115 51 
-91 -78 
143 97 
47 43 
-136 -64 
139 -151 
-104 167 
26 154 
184 199 
159 88 
164 1 
106 -105 
-143 191 
-28 -41 
-134 -63 
-169 118 
-102 187 
-17 -34 
-38 -89 
170 -199 
-41 -162 
-111 164 
-151 -95 
55 -30 
98 107 
102 -92 
180 111 
111 -49 
133 29 
-11 32 
38 -167 
-147 31 
4 5 
151 88 
-22 182 
-187 145 
-196 -130 
-13 -25 
150 0 
21 -97 
28 24 
152 179 
-145 117 
-112 -87 
-71 -129 
158 45 
38 -55 
3 -158 
-78 23 
-132 95 
77 61 
137 -3 
8 26 
-82 -2 
33 135 
41 -102 
-106 -166 
5 6 
-142 92 
133 -110 
-144 -16 
-51 -9 
-142 17 
150 83 
-64 130 
55 162 
14 -186 
45 -93 
-14 183 
182 71 
121 -54 
-76 191 
24 65 
-198 70 
-33 -3 
79 71 
24 -178 
-54 -11 
163 -110 
-194 79 
-78 120 
96 34 
194 1 
53 27 
-29 -4 
-32 93 
-61 -152 
-99 168 
-72 -51 
40 -3 
-81 106 
80 123 
-186 -98 
199 46 
-134 70 
149 199 
115 89 
42 161 
-200 -54 
-133 19 
-43 86 
-6 -56 
107 46 
-75 -39 
27 -1 
-88 144 
-29 -68 
72 14 
77 -10 
-122 -77 
20 27 
8 195 
-142 23 
102 -156 
-194 -166 
-123 -149 
162 -131 
-113 3 
-59 9 
-1 -71 
72 43 
-151 -33 
119 192 
-145 103 
-180 -36 
-20 -60 
93 142 
150 26 
-24 -71 
50 23 
-134 -22 
63 124 
-181 -86 
-25 -67 
10 -112 
-159 -34 
-5 68 
156 186 
-161 -199 
193 -73 
-187 -29 
82 -96 
106 -135 
114 100 
19 164 
62 -162 
-179 121 
-186 -39 
134 188 
-46 90 
-32 23 
130 -14 
-132 130 
-55 116 
32 -104 
-68 -43 
-67 -152 
193 108 
63 -131 
-192 172 
-168 70 
183 93 
0 -24 
105 -108 
45 -24 
61 -9 
-33 50 
-117 -19 
109 -137 
52 -71 
-72 83 
12 -15 
6 41 
134 62 
121 -177 
-192 -175 
-192 -195 
-68 46 
129 197 
138 180 
72 81 
11 172 
170 160 
141 6 
102 -154 
-103 88 
19 174 
-103 -158 
73 56 
188 99 
-24 -63 
165 -183 
59 -131 
-196 -170 
-65 -138 
151 14 
123 -105 
-153 93 
63 -48 
-83 19 
-189 -62 
-104 2 
-185 -50 
-40 60 
-160 77 
-3 183 
132 -192 
-36 147 
-15 -62 
90 -197 
-101 156 
-167 162 
-23 -156 
144 135 
-42 192 
40 -67 
89 165 
150 17 
-130 73 
78 -184 
96 -172 
130 33 
-190 163 
-19 105 
-86 141 
-166 10 
-59 114 
-2 178 
-16 89 
-176 -190 
-175 66 
-57 -36 
-11 -61 
178 85 
125 -119 
4 117 
173 32 
174 -112 
-101 -189 
158 -94 
62 172 
-123 -158 
-141 -13 
198 131 
122 -143 
162 -190 
-14 -103 
-142 -137 
24 -142 
62 -169 
-161 -151 
-191 95 
75 -187 
96 -87 
-18 -114 
-20 185 
9 -74 
178 -95 
76 -96 
22 11 
-100 -149 
-80 -138 
-13 -92 
-180 -168 
-125 -18 
-62 21 
-183 52 
43 -86 
110 189 
-133 -156 
-54 -76 
197 -67 
110 122 
-150 133 
-193 137 
-79 34 
-119 -173 
-124 113 
129 98 
34 -152 
-167 154 
104 31 
107 -42 
84 137 
-191 39 
-42 -120 
-183 -20 
-39 90 
-34 -161 
185 -145 
155 192 
-99 -100 
-36 -45 
-34 -78 
-189 21 
84 85 
-20 -111 
-104 53 
125 -121 
21 -189 
18 -50 
3 -132 
71 133 
119 122 
-16 -115 
174 -104 
140 90 
-88 166 
11 -21 
-67 175 
45 32 
58 -108 
171 132 
42 -171 
-156 -135 
-120 -7 
-9 191 
-174 -1 
-60 -58 
173 -170 
22 21 
-74 -84 
-113 50 
15 -121 
-112 -114 
-116 -81 
66 1 
69 -184 
38 113 
-76 -165 
161 -192 
-152 -175 
46 -58 
-184 152 
82 -191 
21 11 
38 195 
34 57 
56 86 
34 -140 
-92 151 
194 -21 
48 159 
135 -87 
-109 35 
67 150 
21 142 
105 123 
-47 -21 
-149 195 
-104 -47 
110 169 
-134 -43 
46 30 
-165 26 
94 78 
65 -18 
-77 -3 
-157 9 
124 141 
40 157 
57 88 
27 38 
56 -33 
-143 -128 
81 74 
-175 -33 
44 144 
161 -200 
-27 -51 
180 38 
173 35 
-82 -45 
-108 -176 
8 37 
-188 -99 
144 28 
164 143 
56 126 
-192 -196 
112 -174 
-135 123 
118 157 
155 110 
162 84 
31 -113 
185 -116 
-98 29 
116 -84 
181 -126 
185 97 
78 38 
34 -122 
72 168 
78 -117 
-50 -86 
-87 -57 
-100 126 
98 -105 
-162 34 
-176 31 
-116 -186 
198 -174 
190 -103 
53 -86 
90 21 
120 -97 
-17 -14 
76 -125 
-200 96 
196 101 
-68 76 
-134 -111 
-139 -51 
-127 -130 
-181 76 
122 128 
114 175 
73 91 
-186 -123 
-86 64 
-23 -178 
39 -114 
-98 -34 
118 153 
113 140 
-6 169 
-45 -166 
-77 86 
127 50 
107 -16 
-80 -99 
-153 -182 
17 -60 
10 -98 
-114 -169 
99 -61 
-12 -20 
-24 -199 
-14 -151 
-128 146 
187 110 
-90 -52 
10 2 
-58 125 
-57 45 
-135 -101 
89 -100 
103 -52 
151 117 
-75 -74 
90 -79 
-107 -1 
114 -66 
53 -111 
-125 57 
54 81 
-136 -89 
94 119 
29 95 
-159 -109 
-125 188 
-32 -54 
-164 -56 
43 -82 
171 88 
28 -84 
-92 -102 
-97 198 
164 -62 
-89 37 
-124 130 
-49 -119 
-191 -197 
-43 7 
-54 174 
-74 -173 
176 -105 
156 152 
-91 171 
117 -182 
100 143 
-21 -62 
96 -112 
147 -25 
124 -199 
47 7 
150 34 
-140 127 
97 -14 
-153 -16 
36 -1 
-122 -87 
-34 -15 
167 25 
55 -137 
29 100 
38 -132 
110 19 
138 133 
67 99 
114 136 
49 -47 
193 -90 
77 198 
-38 78 
-173 -200 
199 135 
-160 51 
-99 153 
194 68 
83 -176 
100 109 
-145 -25 
19 -19 
-84 -59 
-98 -14 
-155 127 
80 -172 
-99 -93 
-27 22 
170 -196 
-32 64 
124 -174 
156 -145 
-80 42 
-128 -141 
-170 -132 
-176 164 
-62 -6 
50 155 
83 72 
63 165 
189 -43 
129 125 
79 -5 
97 -124 
-174 -192 
-109 -15 
195 153 
-59 142 
-7 -181 
-160 -85 
154 137 
185 174 
-171 -44 
58 -21 
-128 -40 
-150 -18 
189 80 
57 -97 
-168 -81 
-151 -99 
-83 196 
17 76 
180 1 
-176 -144 
97 -19 
177 -69 
-113 34 
125 109 
-181 164 
-175 25 
10 -56 
0 -42 
24 -170 
4 -197 
-43 125 
80 -14 
-182 -174 
-91 -163 
98 176 
103 -57 
7 124 
63 -113 
49 131 
-180 175 
-21 130 
-27 151 
122 -68 
119 -178 
182 -93 
142 30 
109 164 
-158 -23 
170 -169 
105 108 
150 -12 
149 -166 
-189 153 
-71 160 
-144 -60 
-157 -115 
64 160 
-3 38 
-106 -5 
111 -128 
80 -154 
157 -186 
-176 -195 
184 82 
-62 -116 
-193 -182 
198 148 
181 -108 
75 124 
184 108 
-189 137 
93 20 
198 155 
-130 86 
-49 -1 
-44 -102 
110 186 
10 78 
158 15 
-36 152 
66 33 
-193 19 
55 -184 
-136 141 
-93 60 
-37 -153 
-153 -125 
-101 -58 
16 -136 
116 96 
162 -3 
-111 176 
20 -41 
43 -53 
40 -16 
-108 -126 
59 -117 
-58 -117 
174 -139 
-37 130 
-87 -88 
-49 162 
136 -107 
-188 110 
38 -16 
-167 1 
86 11 
-127 -41 
75 -114 
3 67 
175 -183 
166 108 
181 195 
-137 -172 
117 -81 
21 -9 
-145 -86 
-33 154 
151 103 
-115 -198 
155 57 
118 -46 
-97 -95 
146 -139 
-45 -64 
22 -31 
-119 -28 
36 -58 
-129 164 
-38 -151 
38 51 
119 -119 
-127 63 
7 -42 
61 -27 
-158 179 
-180 -101 
-134 77 
-161 -17 
-59 -125 
193 116 
-188 59 
-63 -39 
85 -137 
131 -93 
-65 92 
-80 -144 
132 -57 
-187 34 
132 145 
-176 93 
151 -164 
131 -153 
25 10 
125 -104 
21 -64 
-199 13 
89 110 
-160 -144 
92 159 
-101 148 
-142 -190 
21 10 
-135 -155 
-169 150 
-90 -199 
34 -131 
-70 -28 
168 33 
-200 -29 
-81 -113 
-43 144 
-192 126 
43 151 
194 98 
143 -102 
-130 139 
77 158 
-115 116 
-109 -49 
72 -47 
-147 -137 
-187 -24 
-169 -86 
75 -89 
82 -146 
-161 29 
-110 -97 
135 9 
-194 135 
-56 65 
-48 119 
-140 24 
90 -133 
1 -66 
-97 -173 
165 -14 
80 189 
46 99 
147 105 
-68 190 
-171 -1 
190 165 
25 132 
76 183 
-141 143 
-170 -148 
47 -179 
178 50 
14 70 
-66 74 
-25 -19 
-152 -4 
-111 51 
89 -48 
-34 -171 
163 -21 
-149 -76 
69 -78 
139 -58 
95 -88 
-98 154 
138 194 
-34 148 
120 -104 
4 50 
-84 96 
129 -24 
120 -11 
165 -146 
-118 -16 
-63 26 
21 -128 
33 -152 
66 4 
-147 129 
174 -61 
166 -127 
-156 36 
81 -27 
-164 -104 
-71 -163 
133 -121 
12 60 
156 18 
195 -184 
8 96 
-182 -8 
-115 -146 
30 -15 
192 -57 
-73 -188 
-10 151 
-2 75 
-147 97 
101 70 
26 29 
70 -5 
132 -138 
0 -63 
87 187 
-38 -84 
-84 -71 
189 176 
180 50 
-64 199 
167 147 
187 47 
74 -131 
21 -12 
42 107 
66 -70 
157 126 
176 -149 
69 30 
-104 196 
152 162 
-74 -22 
74 33 
-122 -20 
68 173 
-120 -175 
172 -37 
-11 -116 
181 -43 
77 22 
-51 111 
45 145 
107 -15 
155 -162 
-151 -127 
-172 -165 
145 185 
-37 188 
-41 8 
91 -7 
110 157 
-11 -7 
124 41 
-184 21 
-60 170 
-15 11 
184 42 
66 62 
157 27 
-189 81 
-141 -42 
-70 183 
-185 94 
-8 179 
-33 -97 
87 -154 
-34 118 
-119 -153 
18 -154 
177 -158 
-83 -164 
126 -126 
-159 -7 
84 3 
-137 -39 
-152 8 
-63 -4 
-139 -34 
-89 94 
139 -192 
142 -183 
183 -57 
153 -97 
141 -89 
-102 180 
-77 -112 
-169 -3 
-52 -48 
3 163 
-195 52 
-9 156 
-15 -198 
-39 194 
64 179 
-178 150 
56 78 
57 168 
-178 55 
-11 1 
6 74 
4 -173 
79 122 
70 -64 
60 -191 
148 155 
-170 174 
-117 -64 
-17 -155 
-48 137 
114 -185 
-29 132 
178 -39 
-13 -150 
19 75 
-61 85 
64 -148 
-99 18 
192 72 
-4 87 
118 -145 
-89 -11 
13 -53 
36 88 
-186 -45 
-153 -154 
169 -129 
-199 145 
88 -24 
1 80 
-133 -107 
172 -80 
-87 -75 
-63 -17 
113 -12 
-88 158 
13 169 
-185 -182 
-42 79 
-124 115 
-169 -179 
6 -105 
151 -187 
-81 180 
-164 71 
152 -192 
27 -6 
-61 22 
-98 91 
37 -13 
51 49 
83 51 
151 -121 
-127 -16 
-109 180 
-78 150 
23 67 
-120 -74 
182 -163 
59 136 
173 56 
112 -173 
-34 -42 
4 -54 
-84 24 
-132 -111 
12 146 
-88 -75 
-64 -89 
197 163 
132 -157 
-90 153 
-29 -152 
122 176 
-114 90 
40 14 
112 51 
58 75 
-148 -121 
49 92 
177 179 
-142 155 
85 56 
-176 -156 
1 114 
147 199 
73 -18 
78 -176 
101 -9 
-109 -131 
-39 -178 
-22 78 
132 15 
-115 65 
17 -16 
-9 154 
-23 125 
-162 -22 
-85 -116 
-49 140 
-46 -58 
120 -85 
64 -124 
-113 51 
-34 -200 
-57 160 
19 -20 
62 -172 
-176 -75 
-177 78 
141 93 
-151 -54 
4 -63 
40 -83 
-167 84 
-152 -22 
157 76 
-194 -147 
-72 118 
57 165 
-198 -97 
-164 -184 
-158 68 
-31 127 
129 11 
11 116 
-165 44 
102 -80 
-54 -130 
-195 65 
-127 103 
-129 -99 
21 44 
-55 11 
83 -43 
26 30 
185 -164 
-119 -42 
105 5 
-171 -97 
112 119 
-198 43 
-153 -70 
151 -12 
145 171 
84 9 
105 60 
199 -134 
135 -26 
124 -195 
-151 62 
-76 43 
44 -5 
98 195 
-70 -104 
150 144 
6 30 
71 -20 
-154 59 
-108 91 
173 -131 
-149 174 
-15 -44 
186 176 
13 -11 
-152 -94 
17 46 
-1 -37 
39 94 
48 -110 
50 133 
-34 48 
77 -54 
195 178 
1 -111 
-52 -179 
-26 174 
85 -174 
157 91 
198 122 
144 -184 
36 -81 
20 -49 
5 55 
-47 -117 
-47 -97 
166 -76 
25 134 
170 -179 
-23 178 
150 -111 
-118 -38 
73 -175 
-116 78 
98 -60 
32 -147 
141 138 
-61 -3 
-61 -191 
92 162 
-51 -79 
-50 68 
-152 -13 
169 7 
20 95 
108 -148 
117 -144 
-166 -117 
70 169 
-11 -12 
20 7 
-148 -128 
18 -149 
-115 -5 
160 165 
-93 -68 
-193 163 
-185 -7 
37 100 
-170 52 
-18 -98 
-185 -140 
101 -19 
117 194 
33 -163 
102 155 
18 112 
199 70 
122 101 
-179 193 
178 -150 
-41 3 
-71 83 
23 131 
-10 84 
-63 192 
-184 163 
-195 155 
-51 -195 
-45 175 
45 -70 
-124 -137 
-54 -66 
-139 -104 
-40 -29 
48 -144 
-179 198 
188 125 
50 -132 
-106 128 
63 -27 
158 194 
-34 27 
-13 -33 
-61 -86 
12 -109 
-100 193 
-71 16 
32 131 
-113 -151 
-168 -9 
82 -194 
115 192 
-11 23 
-6 -164 
158 -20 
-61 140 
-58 87 
144 17 
20 142 
-96 -174 
132 -40 
42 -111 
-72 143 
-70 -158 
-177 -120 
127 -87 
-157 -123 
9 -65 
-83 -7 
-45 -60 
59 139 
-166 -149 
-194 121 
92 67 
166 -18 
104 -196 
-173 126 
149 138 
-96 -116 
-96 31 
160 -168 
58 172 
-14 -90 
-88 172 
66 -137 
-82 104 
153 137 
-32 -86 
178 150 
26 -9 
140 192 
109 -54 
55 -58 
-189 14 
-139 58 
-24 163 
-47 103 
-127 185 
118 13 
-160 25 
-163 1 
-102 122 
195 26 
-61 74 
59 24 
5 -71 
-189 141 
-147 104 
-63 -51 
-128 145 
-86 -56 
-64 -78 
-38 18 
-185 74 
-199 -26 
-92 199 
-94 -199 
173 110 
84 -38 
-41 -49 
-139 189 
-186 -167 
-126 173 
184 37 
-103 152 
133 16 
-186 59 
126 -32 
97 -170 
100 72 
62 -38 
-89 -44 
-26 -185 
22 32 
-10 99 
113 -25 
-83 -113 
-57 -107 
-179 -108 
85 21 
-177 -113 
65 -84 
44 -112 
88 -127 
-165 -104 
167 -169 
-23 -180 
97 130 
64 114 
66 -26 
-135 76 
-9 -21 
144 168 
108 -200 
-62 -14 
144 71 
-74 -111 
77 -17 
-184 51 
119 -27 
165 146 
-68 137 
81 183 
-198 -164 
-20 -131 
-53 -161 
-185 110 
-164 -42 
-191 -163 
-128 -185 
159 32 
-27 37 
1 43 
175 -25 
-188 152 
86 136 
-178 72 
189 79 
-50 32 
101 63 
-20 -82 
-35 193 
27 -41 
-88 94 
162 73 
-196 121 
-33 68 
121 -151 
38 197 
55 38 
33 -138 
186 -8 
-14 -196 
-21 -193 
-79 155 
-179 -183 
-152 -54 
144 163 
37 -70 
-10 -103 
50 -101 
129 -23 
92 173 
-23 84 
-68 -156 
59 -60 
85 91 
112 122 
150 -137 
58 136 
-84 -69 
44 176 
170 115 
-132 99 
-153 145 
-104 60 
-82 -15 
27 -140 
161 -83 
-44 -151 
-198 -121 
139 -174 
-79 -194 
-83 -161 
-49 106 
126 -58 
117 20 
86 -37 
-75 135 
194 135 
-94 180 
57 -32 
116 -181 
-71 -33 
117 -175 
-68 69 
196 68 
153 -44 
42 -126 
-110 -137 
-37 61 
-6 23 
40 8 
-164 -137 
143 2 
-125 -32 
-39 -131 
-6 -147 
-46 138 
105 -197 
79 117 
29 150 
84 181 
-43 100 
65 115 
145 114 
-73 64 
22 56 
76 22 
-43 151 
0 58 
-24 -60 
-122 -188 
-45 35 
178 198 
-185 168 
46 -81 
147 -50 
-147 138 
-154 123 
199 -120 
152 -92 
-150 -26 
191 -196 
67 -37 
124 -31 
-134 104 
176 63 
-97 4 
-14 151 
-13 95 
-195 -20 
197 -69 
16 86 
113 -1 
-165 124 
-116 59 
56 -133 
3 191 
-57 68 
-191 -194 
-110 36 
103 -197 
-194 151 
109 148 
100 -164 
-110 -37 
-19 -4 
-144 24 
-136 102 
-52 124 
-81 91 
147 -135 
-19 -180 
133 177 
-127 23 
152 -82 
-134 109 
133 41 
-195 57 
-43 3 
125 99 
-105 111 
-164 -187 
-14 -115 
-179 -35 
62 31 
120 112 
43 -149 
-96 101 
-76 -61 
-102 53 
-16 102 
-27 -98 
-154 112 
0 48 
116 81 
135 155 
191 -166 
-13 -113 
50 -18 
157 -6 
162 -92 
72 -34 
-196 -133 
32 58 
41 -189 
39 22 
-141 -107 
-125 -126 
-95 -99 
182 21 
-78 -73 
-172 197 
-174 -196 
160 -87 
64 104 
-142 40 
-199 38 
-186 -53 
91 -108 
-147 -50 
-138 -190 
88 -156 
174 2 
-49 -182 
-107 43 
-49 178 
47 -196 
179 128 
-190 7 
-92 -2 
-114 -115 
-8 174 
-76 -125 
-50 149 
49 -151 
197 0 
-140 75 
-25 -182 
106 16 
-176 187 
4 -179 
-163 -136 
191 133 
11 180 
1 145 
-155 173 
195 -73 
-109 135 
10 52 
36 -132 
161 -119 
112 107 
-100 -70 
-173 128 
178 -26 
-31 94 
125 179 
-195 -84 
170 36 
-89 126 
41 -26 
89 85 
169 145 
-89 -130 
-186 -184 
152 -104 
-112 138 
-29 -166 
-129 6 
6 -83 
182 40 
-151 -41 
-150 -20 
-88 34 
176 54 
135 24 
-121 -60 
-63 158 
29 -22 
-192 -176 
-139 171 
-174 149 
-195 37 
133 42 
138 24 
-151 -89 
-187 11 
7 -26 
52 -95 
-84 -180 
84 166 
174 -66 
28 -105 
-34 -126 
34 198 
-198 -41 
-26 54 
-187 69 
-159 141 
-140 87 
-196 127 
197 -198 
-78 101 
-35 -85 
144 108 
120 -28 
-54 -8 
187 85 
148 123 
-118 -6 
114 -183 
-141 187 
-31 -151 
135 -148 
2 124 
-83 62 
2 -155 
-8 110 
49 26 
116 -130 
-132 110 
8 109 
-138 118 
-58 24 
17 -190 
-191 67 
118 116 
15 -16 
169 -17 
110 0 
1 97 
84 198 
-113 169 
109 82 
151 81 
-125 30 
81 -148 
-130 -176 
182 -10 
-163 -35 
102 26 
-177 -60 
-157 -31 
46 -20 
-87 150 
151 27 
154 185 
-82 -100 
-98 -1 
-115 113 
38 -27 
-50 -81 
-137 19 
-152 -14 
-155 -22 
65 105 
-1 71 
155 -53 
-178 125 
-11 -146 
44 -134 
-139 88 
101 -51 
55 -31 
186 -178 
156 -144 
-54 -12 
79 53 
-173 -116 
9 43 
-80 -13 
-7 -60 
-178 69 
81 135 
-199 -127 
-129 13 
-74 -161 
195 -17 
113 181 
188 -144 
171 -169 
-36 -23 
46 -122 
111 -178 
51 95 
40 -153 
-31 -53 
142 -150 
-162 -77 
-191 -128 
-87 103 
-13 98 
-164 183 
-123 -153 
133 -138 
151 -116 
-128 -133 
-70 -71 
138 -200 
152 139 
135 132 
-149 99 
78 32 
-113 69 
175 -162 
-37 142 
101 -110 
-31 9 
159 125 
-119 137 
-85 -30 
81 -53 
171 -133 
-147 165 
169 153 
39 51 
-83 50 
-184 -35 
-61 -122 
-185 85 
-20 -103 
-87 66 
84 -2 
54 -95 
73 65 
20 6 
-194 -157 
3 -58 
142 196 
-149 55 
-67 -139 
-177 12 
-14 142 
127 66 
-71 -158 
166 -81 
82 -79 
36 -70 
14 132 
-178 30 
-53 65 
-50 173 
-97 193 
-79 98 
-36 90 
161 -20 
43 171 
137 146 
193 -2 
107 -10 
124 136 
77 168 
142 -110 
-180 -100 
99 59 
31 -82 
139 -117 
-80 -23 
-13 -71 
76 77 
-124 68 
186 52 
-157 -94 
-64 -23 
-138 -50 
-9 143 
175 -119 
-3 30 
76 138 
97 64 
-83 -155 
-39 197 
190 -150 
-139 184 
-27 171 
75 61 
-145 128 
-135 32 
-109 -178 
-46 9 
-176 -111 
35 -71 
186 97 
-147 -134 
92 -193 
-40 -121 
-129 -120 
111 19 
165 -59 
52 -59 
-47 -193 
-11 -31 
-196 -63 
121 81 
179 -98 
-22 -169 
-155 136 
-52 -168 
-91 -131 
-2 167 
-188 -134 
-145 -87 
-193 -151 
-53 -198 
-8 -123 
19 -199 
198 105 
-166 74 
-54 -89 
-68 -96 
-145 115 
81 -103 
-140 -6 
192 137 
31 165 
167 -195 
-24 -185 
120 61 
-140 -120 
2 150 
-55 111 
-21 182 
37 135 
158 -146 
-141 195 
132 -8 
-174 51 
168 189 
162 -42 
-75 126 
-37 125 
-172 -47 
14 -121 
32 1 
13 186 
93 -123 
-17 145 
2 42 
73 -65 
83 -76 
128 44 
-153 62 
151 138 
175 -23 
-127 -144 
-103 -20 
-159 -57 
181 65 
-103 111 
102 184 
-139 -22 
23 102 
2 15 
-146 -133 
-57 -17 
189 -136 
81 199 
10 -12 
187 -84 
-194 163 
178 109 
142 55 
-176 22 
10 62 
72 58 
-44 143 
-196 112 
96 -115 
-81 -145 
-94 152 
-131 -161 
-101 -93 
12 22 
99 66 
-10 -136 
163 193 
-62 182 
142 -155 
-179 -87 
197 41 
-142 37 
-19 8 
186 72 
-40 -133 
145 -8 
-105 195 
-96 -176 
58 21 
12 102 
191 65 
-23 47 
116 194 
-5 175 
111 -43 
-9 69 
-128 47 
129 0 
-193 -101 
23 -154 
-182 -180 
199 83 
88 147 
99 -59 
163 159 
-123 8 
-34 -33 
119 -191 
-33 77 
-107 -34 
-139 -69 
-58 142 
-34 -169 
-159 152 
-24 122 
-49 -9 
-58 -67 
173 -11 
-41 -125 
11 -39 
99 -193 
-195 -46 
-120 -84 
-57 -87 
113 -166 
-139 -153 
173 -133 
-15 -146 
148 56 
181 -124 
-26 188 
-175 -122 
178 -110 
-33 187 
-151 -102 
-186 173 
37 -157 
-197 132 
-173 -154 
-39 35 
28 131 
41 -80 
-24 -193 
177 180 
81 32 
75 53 
-131 -76 
-197 190 
-162 169 
158 184 
-36 12 
-36 118 
-6 -198 
79 192 
-197 194 
-45 -91 
-127 -199 
-102 -165 
-2 181 
-160 110 
-6 101 
194 -90 
15 155 
194 10 
-108 -95 
119 24 
-3 137 
-145 25 
185 38 
151 167 
109 -163 
111 133 
-142 127 
42 -101 
-55 127 
95 -187 
117 104 
133 -172 
-112 -143 
65 152 
-5 27 
71 158 
0 25 
-198 -122 
91 11 
-174 -11 
66 29 
79 68 
126 -59 
-130 108 
-36 -88 
133 31 
-170 -175 
64 -35 
180 -38 
-164 -49 
88 -49 
-185 134 
81 162 
39 -66 
67 -102 
104 -52 
188 78 
-72 -154 
80 48 
-43 -124 
58 -168 
116 134 
31 69 
-92 87 
-154 7 
90 197 
-200 -177 
156 -65 
72 139 
155 -113 
-16 37 
37 184 
172 65 
68 -109 
-76 -14 
1 13 
-48 -28 
142 146 
75 29 
-114 -199 
36 -183 
-139 93 
-81 -181 
-65 -177 
-87 -168 
61 -63 
180 94 
190 -16 
-135 102 
157 189 
122 144 
-179 -54 
64 -23 
-170 -189 
-162 -165 
-46 156 
-3 -2 
-18 -80 
39 16 
118 154 
53 113 
27 -89 
110 -54 
58 -161 
85 55 
179 -128 
197 22 
196 -187 
70 8 
-86 11 
91 68 
-1 -174 
-53 182 
64 124 
-110 179 
-3 -44 
-103 168 
55 -170 
44 -86 
51 4 
-55 -3 
-23 144 
138 -161 
70 -79 
-89 -119 
81 -162 
-191 1 
137 -195 
-124 195 
26 -27 
-196 98 
-54 42 
128 83 
-23 -174 
-11 152 
-199 48 
-48 34 
-66 40 
-15 145 
148 40 
-183 178 
67 95 
-69 15 
104 23 
47 -83 
-73 -35 
-58 -132 
41 -174 
-52 112 
-69 -141 
89 -52 
184 166 
-21 -71 
140 -124 
-72 168 
-140 166 
36 -51 
-102 133 
194 -73 
-75 29 
104 47 
-148 -112 
-45 -175 
101 -17 
-35 118 
19 106 
-104 194 
187 48 
128 114 
-165 78 
118 0 
-81 140 
-96 -36 
91 52 
121 51 
95 -19 
-66 89 
-94 173 
9 29 
116 99 
51 -56 
54 119 
143 -135 
-177 43 
61 -166 
-18 137 
-62 196 
165 60 
-174 -139 
-74 25 
-188 186 
108 -91 
12 50 
194 -164 
190 197 
-200 -151 
-35 -136 
-140 -169 
-16 -76 
11 -82 
-74 113 
27 -29 
-155 176 
-200 -190 
-190 146 
169 -83 
-25 -37 
-146 -186 
74 -12 
23 -144 
39 -31 
39 29 
169 92 
-170 -117 
165 -74 
150 84 
-183 -62 
80 -50 
-74 -180 
155 -175 
-112 -129 
-192 -109 
152 -174 
160 -136 
163 33 
-48 -127 
-163 154 
-15 -171 
11 181 
102 152 
-36 28 
-62 167 
-67 83 
94 -46 
-173 172 
-146 165 
-102 43 
-170 -119 
35 150 
114 0 
83 -58 
-124 192 
-195 -122 
56 -192 
131 -135 
-199 -148 
149 -29 
160 177 
-41 -68 
113 194 
140 86 
-156 -123 
51 -32 
83 -136 
65 166 
15 -122 
-1 -28 
198 -148 
180 138 
-19 -163 
45 35 
-172 81 
16 142 
26 -103 
-82 152 
140 82 
-114 -103 
178 -109 
-129 -196 
-136 146 
-28 -1 
-111 194 
-18 144 
179 143 
12 -49 
-193 -88 
-57 -93 
123 -97 
63 -56 
84 -142 
127 -75 
-6 -170 
-125 -78 
-2 130 
-187 -121 
181 58 
-155 -107 
196 -84 
-16 87 
179 150 
124 -167 
-139 -181 
196 -123 
-165 15 
-66 114 
-22 -119 
97 122 
91 185 
-40 69 
-189 68 
-56 51 
-149 -173 
-128 -11 
-164 -146 
-146 151 
-176 44 
-56 195 
17 -155 
160 118 
-116 -106 
121 99 
55 83 
142 -169 
182 96 
-39 149 
165 129 
126 28 
-170 173 
27 -176 
84 -122 
-3 -23 
163 -51 
159 128 
193 -57 
13 199 
-9 138 
-71 -56 
84 -87 
-127 -6 
-184 96 
36 87 
-21 -192 
-185 -168 
-179 -197 
123 -154 
34 147 
-96 126 
-191 -153 
56 -167 
98 -70 
-196 -86 
-90 198 
-69 -164 
180 -67 
198 33 
175 20 
70 -198 
111 -145 
-40 -125 
-197 -86 
-122 164 
-6 -98 
-117 121 
185 44 
-149 187 
-175 112 
101 157 
43 -102 
70 -99 
105 -146 
-167 50 
138 -153 
22 64 
124 -86 
4 -134 
-162 107 
-174 -152 
199 -75 
28 22 
-116 125 
-173 84 
194 -87 
138 86 
67 -104 
-137 -132 
-151 -145 
-84 32 
-91 58 
22 -83 
146 -23 
-135 -22 
48 -57 
162 175 
-81 28 
-158 -181 
-186 144 
153 -76 
38 85 
60 163 
-12 176 
174 -71 
93 -186 
-153 2 
98 -193 
-20 162 
83 -73 
-114 121 
-111 -72 
162 -80 
150 71 
-27 31 
-184 -31 
-76 -150 
100 -60 
65 -2 
43 1 
-141 -20 
172 -5 
8 -167 
86 55 
-153 -91 
-188 -66 
-70 -49 
-106 -172 
-25 -172 
185 -34 
-147 71 
-193 45 
-145 -190 
161 144 
130 58 
154 124 
167 -198 
-188 -76 
-42 -138 
-167 77 
-62 -198 
-149 -109 
-187 152 
-25 21 
109 -83 
-83 -114 
73 78 
153 189 
-13 151 
75 -70 
2 -100 
161 36 
114 138 
-115 8 
15 79 
116 147 
-58 -185 
26 -17 
-190 65 
155 29 
172 185 
60 -188 
-134 158 
-17 5 
-61 19 
-27 -80 
-139 139 
-127 -8 
22 19 
80 -132 
-153 73 
81 -175 
189 89 
46 122 
43 -7 
141 -93 
-75 -94 
-120 108 
-165 -3 
-184 -39 
-116 51 
123 -36 
-121 54 
-59 60 
-130 105 
27 106 
-110 -172 
106 -200 
-108 32 
-46 -95 
118 -123 
-135 -168 
-149 -199 
25 -152 
-172 -179 
184 -200 
199 37 
-1 -54 
-37 168 
-47 -119 
-160 -129 
132 -136 
165 -8 
149 144 
-97 -56 
-118 139 
-81 -179 
138 -35 
-15 -140 
-110 -91 
59 15 
41 -104 
85 114 
59 180 
-159 -140 
-97 158 
189 65 
-31 43 
-43 -164 
-48 146 
-48 -189 
79 -166 
-47 -80 
-45 -138 
166 193 
28 199 
-96 143 
156 -168 
159 -49 
-76 -80 
186 -155 
185 176 
-22 -47 
-22 -2 
19 65 
-183 -195 
79 -148 
-135 20 
169 180 
75 -165 
48 85 
-2 65 
-73 46 
188 -69 
-169 -160 
-33 -59 
42 -187 
-177 159 
11 155 
22 198 
-154 167 
-107 -75 
-199 -150 
20 125 
65 179 
-93 -183 
-70 179 
-23 45 
-146 121 
-42 -46 
-58 94 
-25 152 
7 134 
-139 35 
137 -43 
190 -26 
-62 -154 
144 112 
26 178 
-114 164 
-103 -145 
198 76 
118 -16 
-63 18 
142 113 
-88 -131 
162 196 
100 94 
-140 -84 
-38 -7 
72 132 
95 -177 
-199 -129 
-94 199 
-75 74 
-171 -6 
18 6 
-165 182 
-20 -113 
-70 21 
90 -101 
-121 -129 
157 -185 
-176 184 
192 -109 
-33 -150 
157 77 
167 -56 
97 -159 
118 49 
-143 139 
-31 70 
94 -165 
-51 -88 
60 96 
-11 -23 
103 -94 
-36 -21 
126 142 
154 133 
5 -171 
-164 19 
-154 -20 
-75 59 
-134 29 
-72 146 
-130 33 
-150 82 
86 109 
192 -150 
92 22 
181 149 
-93 -134 
-112 85 
187 74 
-3 79 
124 -33 
-165 152 
184 197 
104 -11 
64 4 
7 90 
-51 -102 
-140 178 
87 63 
-41 -116 
-54 -25 
-96 29 
-1 -172 
-174 -55 
-33 -143 
-30 -183 
30 141 
-181 51 
-188 -29 
-173 120 
25 -178 
118 -43 
61 192 
164 -160 
-171 82 
158 81 
-94 136 
136 169 
4 99 
12 -152 
-140 -32 
-143 -31 
-75 58 
-97 -74 
132 63 
11 -36 
10 88 
-58 32 
170 12 
-55 19 
-145 93 
56 85 
-79 80 
-70 -189 
-56 -159 
111 199 
185 113 
-68 193 
33 114 
114 -109 
58 98 
-147 -153 
100 -77 
114 151 
177 60 
-173 -199 
-55 145 
72 1 
176 -117 
-149 -154 
5 120 
128 -70 
13 -77 
-100 -109 
107 79 
54 -35 
-91 -85 
42 -62 
-28 -58 
139 116 
24 -60 
14 -68 
-195 82 
-78 65 
163 37 
-58 -121 
-111 -25 
-125 138 
-92 -93 
61 49 
46 105 
179 105 
-27 -60 
-100 41 
-194 -4 
136 8 
137 136 
94 5 
128 171 
159 61 
-55 -199 
-50 -22 
-131 -50 
-5 81 
-180 161 
109 192 
46 -31 
56 -148 
-170 -118 
-57 139 
-144 -109 
186 -43 
184 -105 
-161 -38 
-175 -183 
-73 -106 
182 -47 
-191 -50 
163 36 
131 -122 
-134 -140 
80 60 
108 -96 
44 -35 
46 133 
-97 144 
150 58 
164 -61 
-57 -19 
-148 103 
-73 -53 
19 157 
67 -189 
65 53 
62 -98 
108 -100 
167 88 
66 -126 
-20 -160 
-87 -190 
91 -59 
142 164 
-112 127 
-21 25 
33 31 
20 -68 
-79 1 
-185 -64 
-97 -188 
114 -122 
-84 -182 
-138 -31 
-200 -144 
-66 95 
-20 -130 
-124 -200 
0 54 
-149 101 
-114 -15 
76 160 
16 -25 
38 -78 
72 -169 
-90 127 
-36 -44 
-115 78 
165 -184 
-158 160 
12 169 
-164 101 
-200 138 
7 -70 
-144 -160 
-127 -190 
100 -143 
159 38 
194 160 
1 -199 
87 -58 
101 -154 
-149 -48 
129 167 
68 -18 
36 48 
-64 -200 
93 108 
-198 152 
-101 131 
80 130 
171 -105 
182 176 
6 -47 
-56 100 
-194 -28 
30 -18 
198 86 
-18 72 
106 127 
-143 101 
94 62 
91 -162 
-169 34 
-12 29 
-122 -154 
142 -112 
174 -14 
56 -104 
147 -125 
118 -33 
-96 -48 
14 -45 
130 -64 
-141 -150 
109 -39 
22 -19 
-161 -65 
-131 51 
134 179 
24 128 
159 -55 
-128 189 
57 159 
-66 -82 
71 38 
38 92 
57 -81 
-100 34 
56 -69 
-199 196 
199 144 
184 -5 
51 133 
-125 -12 
-92 -44 
-39 -133 
-17 55 
153 186 
47 -123 
-178 90 
9 104 
-89 -114 
-183 -60 
80 -55 
163 164 
105 188 
-78 -32 
-187 -130 
-176 -90 
12 -52 
143 -44 
169 127 
1 45 
-188 183 
-190 -116 
-65 -154 
46 70 
-79 -198 
18 84 
-139 115 
-183 -161 
14 -152 
-66 -169 
-50 -36 
-114 -175 
-41 139 
-143 155 
-97 18 
57 144 
98 154 
156 43 
-114 -90 
-68 -194 
-137 -144 
-148 -10 
30 104 
31 -67 
144 172 
-182 78 
-121 -145 
-12 37 
9 92 
-75 164 
-198 4 
48 -48 
12 193 
-45 -116 
131 127 
-175 178 
172 55 
-60 18 
141 -31 
71 47 
43 -137 
86 -187 
-89 -88 
22 0 
-169 176 
-118 -47 
143 136 
153 -63 
-37 -172 
-150 -21 
126 141 
-196 -120 
-51 -57 
-4 -192 
-11 -57 
96 -124 
-200 95 
60 -52 
132 -49 
-136 163 
52 -63 
-118 -110 
117 75 
197 153 
-129 81 
-64 119 
118 -1 
57 132 
82 96 
-119 55 
-179 -17 
115 -192 
-12 188 
44 -74 
-99 -185 
-61 195 
-174 24 
50 -68 
34 -133 
-99 43 
199 39 
70 -10 
20 -175 
53 125 
44 -155 
134 -100 
80 -162 
113 77 
-195 14 
189 -50 
11 73 
95 131 
6 114 
14 140 
-48 -106 
124 -131 
169 136 
-87 -71 
107 -160 
-181 -78 
-130 -8 
63 -180 
123 -111 
64 153 
-104 120 
-182 -199 
-18 -189 
-19 69 
-154 75 
-120 -44 
-47 107 
35 -156 
30 -14 
87 113 
-142 66 
32 -28 
199 99 
131 -68 
34 -2 
-83 -78 
138 -100 
178 54 
135 -69 
55 107 
173 -161 
-88 70 
-53 88 
-195 -144 
155 -112 
84 58 
-78 137 
108 -36 
31 66 
-26 -36 
106 166 
-127 -51 
103 -117 
78 133 
-52 -119 
72 -172 
-196 9 
-188 150 
-3 25 
-48 -10 
-10 86 
-68 -117 
-190 -154 
-53 185 
121 -174 
-70 30 
5 -124 
65 75 
7 49 
-25 40 
-150 -31 
-79 -24 
163 85 
28 71 
-91 42 
174 -78 
-172 121 
127 32 
-155 191 
-135 46 
28 79 
93 -22 
60 -186 
62 67 
-118 -22 
-25 39 
150 63 
190 -86 
156 -172 
-77 128 
193 60 
133 -50 
139 -82 
170 -16 
-69 -161 
72 -146 
-4 -193 
-69 65 
-137 -24 
-102 71 
-28 101 
-15 23 
-175 -1 
44 91 
169 -151 
38 36 
59 106 
168 66 
-156 32 
-146 -120 
119 -117 
-164 -22 
187 -93 
159 -139 
-180 63 
-83 72 
154 -170 
169 -39 
-96 -21 
-20 29 
-158 -30 
-197 -183 
-29 -113 
12 156 
-28 145 
-130 -6 
49 77 
111 -108 
182 -14 
146 30 
155 -41 
3 159 
121 -16 
51 -167 
0 148 
115 160 
103 57 
-17 -13 
-188 -70 
-35 60 
-31 -132 
-4 177 
68 110 
74 -14 
126 -5 
-181 18 
46 60 
69 -24 
0 -67 
106 60 
-65 -124 
-117 -93 
-98 70 
-7 169 
108 0 
110 -63 
-136 -102 
66 -85 
-22 181 
117 151 
6 117 
-40 177 
197 -83 
191 -49 
91 -147 
191 -11 
73 93 
-41 29 
-79 35 
67 -183 
39 -50 
175 -1 
167 100 
171 -49 
-60 -193 
-72 4 
-69 185 
-63 -55 
44 -149 
165 47 
-95 169 
99 132 
-45 143 
-179 -100 
-146 -68 
-168 64 
-108 -118 
167 -190 
89 172 
106 -174 
-172 -8 
179 136 
69 -187 
64 151 
123 3 
-188 10 
122 -140 
80 199 
-66 -100 
-53 -69 
63 -70 
122 -128 
88 -192 
100 163 
183 16 
-84 -5 
26 2 
-125 190 
69 75 
187 -117 
97 -63 
49 -176 
68 -153 
-138 141 
-19 -186 
76 -80 
-19 -24 
133 -176 
-91 -93 
161 174 
-86 133 
-12 64 
37 -165 
176 0 
68 -166 
-161 -41 
-175 -101 
-28 -86 
-3 118 
-154 -197 
95 -121 
151 -123 
-198 169 
-16 64 
137 -57 
91 135 
-126 26 
148 46 
85 -110 
190 3 
8 -168 
180 107 
93 -133 
-179 166 
-153 7 
-27 -174 
-140 -118 
162 112 
-70 75 
125 155 
43 -69 
146 27 
-37 -47 
-165 198 
68 -114 
-96 89 
-103 190 
-118 46 
-99 29 
-102 83 
-76 -121 
-171 162 
81 -115 
-177 -26 
-79 73 
20 139 
-148 143 
189 -79 
193 -160 
-78 79 
-200 -13 
93 -119 
-112 14 
46 -30 
-65 39 
180 113 
-12 -39 
-100 197 
54 -144 
-43 -137 
111 48 
73 16 
174 136 
-138 -130 
-188 142 
-30 0 
56 -189 
-69 -57 
67 171 
78 -195 
-123 -44 
-97 -197 
109 -98 
56 -145 
178 -9 
18 23 
159 -22 
29 60 
185 52 
-189 74 
-21 -181 
5 121 
67 -165 
-2 -113 
89 -199 
-31 85 
187 141 
81 -14 
66 -104 
-114 -189 
-85 106 
25 197 
-19 -115 
192 -73 
151 -91 
-149 -145 
-77 -117 
53 -167 
-192 122 
2 -134 
181 -6 
-16 -197 
7 -27 
154 75 
-59 -67 
-31 -176 
-5 115 
-2 -117 
-23 -124 
128 124 
72 174 
27 176 
-113 -86 
20 -130 
-41 125 
-127 -50 
-20 44 
150 -171 
-154 -74 
-164 3 
-86 39 
-141 -55 
-152 150 
-18 185 
194 13 
125 142 
107 -99 
76 -127 
-186 191 
-129 116 
-180 -74 
-29 -118 
19 -92 
138 103 
-68 74 
139 57 
78 -160 
120 -1 
92 157 
-154 21 
-40 -92 
16 83 
121 -31 
185 -45 
-92 -165 
-42 -93 
-18 -186 
-187 187 
94 -71 
184 133 
9 -142 
-70 -14 
109 -53 
97 107 
44 189 
-78 -165 
96 -10 
-73 63 
-129 -24 
-141 -58 
142 52 
4 -7 
-167 -51 
-28 -52 
-99 -63 
-47 -65 
38 -162 
91 197 
188 -104 
86 -127 
-123 62 
-152 80 
-197 58 
-135 65 
177 191 
-194 53 
-134 -79 
-167 184 
170 -25 
-41 185 
-41 77 
-30 128 
-123 97 
78 52 
180 119 
29 97 
-82 140 
-194 -155 
-23 11 
16 -178 
-194 55 
78 136 
-26 193 
-52 -70 
131 -86 
123 -10 
-71 -166 
36 122 
108 -85 
-134 -71 
105 69 
-164 45 
-24 -11 
-75 -173 
-68 -41 
-15 -28 
-30 -151 
-75 -76 
93 54 
29 -108 
191 118 
192 -42 
-135 161 
-49 -150 
-51 172 
198 -109 
50 93 
62 173 
-36 88 
28 -98 
-112 -86 
145 180 
157 -77 
175 13 
150 20 
-22 17 
175 -53 
68 -21 
199 -135 
175 43 
-177 144 
15 125 
199 -1 
-40 -126 
-114 -51 
161 132 
50 -119 
-57 198 
119 141 
-179 172 
-75 174 
143 66 
67 97 
-9 -153 
53 -67 
70 -135 
115 132 
-73 -16 
-7 -28 
-94 -4 
-133 168 
20 82 
27 196 
-109 -7 
45 118 
193 109 
-71 -107 
123 -158 
-112 73 
-52 -123 
61 63 
-129 51 
-198 -90 
-4 131 
-150 -188 
124 196 
116 70 
183 170 
142 -181 
-189 184 
-147 -182 
136 36 
-135 155 
-177 112 
-191 -34 
134 -33 
56 55 
32 -157 
83 28 
-167 12 
72 179 
-63 161 
128 -61 
72 115 
-57 -34 
-166 104 
-12 -102 
-191 195 
-158 85 
-168 184 
19 -137 
-32 -133 
-21 -23 
-141 -11 
48 -64 
32 -17 
-175 27 
25 38 
-152 -200 
157 177 
68 33 
-10 42 
43 158 
159 -199 
153 112 
-18 -154 
-78 31 
109 79 
-153 122 
-159 -79 
141 142 
1 128 
6 93 
11 -179 
23 -47 
143 -88 
-155 -147 
72 127 
-94 24 
180 -25 
189 100 
-30 115 
-94 28 
-83 -24 
155 -171 
-36 -63 
-72 16 
48 56 
-168 187 
150 152 
-184 -19 
54 -153 
158 -147 
-144 -110 
132 -4 
-52 87 
-138 64 
69 65 
-82 46 
176 183 
51 72 
160 -190 
-123 -64 
187 -181 
68 184 
-26 77 
187 125 
-103 -112 
-8 112 
55 -67 
159 31 
30 -32 
78 -199 
-114 192 
138 6 
137 56 
83 -124 
13 132 
193 -200 
180 -171 
90 147 
-64 77 
-3 125 
69 18 
147 157 
2 83 
2 -181 
48 90 
-37 -59 
-83 165 
-137 -151 
-198 100 
96 -141 
14 64 
58 -63 
-152 -196 
171 55 
56 -160 
55 -149 
12 197 
-97 123 
170 -104 
-196 66 
-151 196 
75 -195 
169 -65 
149 -107 
-158 102 
-104 142 
-105 -119 
188 -136 
188 -18 
-12 0 
-96 55 
-86 -98 
-46 -196 
-141 66 
-45 -150 
19 -21 
-150 61 
-144 -93 
30 1 
-52 -82 
-153 -187 
-47 11 
-85 175 
-128 -126 
170 -86 
-50 47 
-27 167 
-33 -105 
108 12 
66 -193 
-125 -19 
116 49 
-198 82 
191 100 
-87 -46 
66 -133 
81 -144 
-42 -125 
-143 -76 
-147 -157 
-61 -77 
26 -71 
-185 114 
41 -1 
-2 -59 
152 -23 
173 -125 
-98 37 
150 -184 
12 -27 
134 26 
9 -115 
-60 13 
-55 -48 
101 98 
32 108 
168 7 
145 -142 
53 196 
-130 -96 
190 -119 
-67 126 
196 41 
-116 28 
85 -198 
30 -27 
-87 -183 
20 152 
162 -145 
16 99 
183 -72 
-117 -121 
110 -77 
-196 -143 
-82 -195 
83 -119 
-138 155 
113 -5 
76 -60 
173 -46 
89 157 
-95 3 
-8 32 
117 -179 
-125 -64 
86 -165 
-119 190 
-5 195 
143 101 
-30 -148 
57 -106 
-118 32 
-56 -47 
62 137 
-180 -28 
109 135 
-166 175 
74 -197 
115 55 
-122 12 
64 -176 
-12 -112 
-170 -93 
-10 129 
38 128 
-48 195 
-129 120 
65 81 
119 -150 
195 19 
-24 -152 
-156 85 
-116 142 
-117 146 
2 5 
-11 -145 
109 -24 
67 61 
-132 -165 
141 120 
-86 90 
39 148 
97 116 
17 109 
191 67 
76 134 
165 76 
66 32 
49 -134 
46 34 
-32 83 
88 -64 
132 85 
199 11 
-151 -183 
17 195 
-18 110 
-142 -20 
-60 -119 
21 -63 
64 191 
161 -188 
84 -104 
-141 -101 
187 76 
0 -110 
36 77 
196 -135 
-2 -54 
24 143 
-92 173 
-111 -182 
153 57 
-96 98 
68 140 
-30 -12 
-159 -149 
-109 187 
-127 -35 
176 -39 
-27 168 
-129 -126 
148 78 
-40 -200 
-88 -36 
176 -102 
-180 60 
-83 48 
8 -157 
28 66 
-1 163 
171 -200 
-100 -15 
54 -44 
69 -191 
53 142 
-58 -125 
61 81 
-115 178 
-111 -15 
-36 -4 
82 149 
-78 -131 
-36 -6 
-184 146 
88 43 
61 -200 
-185 -169 
-121 -102 
-30 135 
-52 184 
-131 -31 
-18 64 
122 -168 
53 104 
179 -140 
-6 -25 
-170 193 
186 56 
163 -164 
-50 -68 
122 -172 
-35 36 
44 62 
40 76 
154 -2 
-171 20 
115 -128 
114 61 
-71 -189 
117 9 
-137 -186 
98 -5 
73 10 
147 17 
128 167 
130 155 
-20 -47 
0 -124 
46 197 
176 83 
65 17 
163 34 
-145 -22 
103 61 
133 -96 
-136 -174 
56 -55 
60 -112 
3 152 
128 198 
148 197 
135 84 
94 -106 
99 -41 
198 178 
-191 -79 
181 -80 
-81 81 
165 -153 
55 152 
15 109 
98 -117 
151 113 
29 -148 
81 -10 
-168 -85 
131 -129 
-114 111 
132 124 
54 190 
167 110 
45 -129 
-199 -121 
-192 -188 
96 170 
-169 149 
-147 -52 
-99 90 
-4 69 
-149 -38 
70 -81 
-65 -184 
-176 -22 
-53 135 
-92 42 
71 -114 
189 -104 
140 -169 
-129 43 
75 -37 
-90 -115 
84 -149 
157 -57 
135 188 
148 -54 
112 104 
65 34 
-38 2 
158 6 
163 134 
39 -112 
-84 -123 
95 48 
-42 2 
-84 114 
-22 -152 
-164 69 
-127 143 
-99 -23 
53 -87 
-80 184 
97 -38 
199 189 
-44 80 
-15 33 
168 -46 
140 21 
-124 74 
157 -60 
51 -117 
-63 118 
-135 199 
25 154 
-39 47 
-11 89 
-11 97 
38 125 
181 -97 
-105 -82 
152 -64 
84 161 
75 122 
-181 -173 
111 -104 
8 48 
9 198 
186 163 
-157 -155 
40 79 
-130 192 
-168 137 
86 -15 
111 59 
-194 144 
-194 184 
46 -123 
-93 -12 
-63 -12 
-158 71 
109 -128 
125 -54 
125 16 
-13 33 
148 28 
23 -104 
-94 177 
106 -155 
-59 107 
112 103 
197 -34 
2 -81 
-73 -78 
-26 -174 
-83 102 
-33 -179 
180 -167 
182 -136 
-196 -148 
-149 116 
-120 -107 
135 -195 
-192 55 
97 109 
-197 152 
147 -33 
-148 -9 
181 150 
128 105 
-68 -192 
72 148 
142 67 
28 -14 
-109 -86 
87 -101 
-112 43 
-51 28 
-149 -162 
106 -35 
47 -84 
129 -128 
-183 132 
-159 -42 
-159 104 
-169 108 
127 -68 
23 45 
86 -55 
120 -2 
-3 92 
-88 137 
193 -14 
-41 -22 
-190 128 
57 58 
-105 138 
71 155 
130 -91 
-74 153 
-124 111 
-129 28 
93 121 
-57 -182 
116 -141 
25 -156 
156 -181 
-17 65 
75 67 
-128 143 
-166 -1 
146 -117 
185 146 
21 20 
12 -116 
111 2 
126 110 
-74 72 
-190 164 
-148 -4 
-88 -145 
82 178 
-130 136 
-150 57 
140 -21 
-157 156 
48 94 
-173 -136 
116 -180 
-9 -8 
-168 -155 
-120 -154 
37 43 
138 7 
7 23 
-78 104 
-131 172 
-124 -63 
107 139 
166 -162 
85 -35 
-179 154 
-170 43 
160 -173 
-64 106 
137 -122 
135 -184 
107 -84 
92 -183 
146 -135 
96 -192 
92 -105 
18 -28 
-30 74 
171 43 
9 39 
3 -111 
69 -152 
-181 181 
28 136 
-122 -38 
-104 152 
156 132 
-52 165 
-109 75 
27 -22 
-81 -178 
-25 57 
49 142 
-183 176 
-120 41 
-92 -115 
132 -75 
0 -195 
182 -161 
-182 60 
-29 53 
-195 -172 
-125 103 
-141 23 
-127 -73 
-198 103 
128 -200 
-135 -32 
197 139 
130 -102 
87 64 
198 -154 
170 114 
-160 -24 
-100 80 
-102 -151 
-154 -114 
143 -180 
130 20 
-14 62 
130 -6 
91 -49 
-169 -176 
-166 -111 
19 -142 
-163 58 
-72 -24 
-132 84 
-113 -58 
45 -23 
-158 1 
-44 196 
53 82 
139 -28 
30 -139 
60 32 
-47 67 
39 50 
166 -5 
-95 -182 
157 20 
4 114 
127 160 
126 -86 
-67 121 
102 -166 
-104 -133 
162 -130 
-146 -106 
74 -198 
192 -17 
-155 35 
-183 116 
-22 147 
-12 172 
84 -94 
157 62 
-10 -130 
-90 -40 
-41 -138 
23 -160 
-83 -172 
-131 -183 
155 176 
-40 127 
-149 -82 
8 39 
-126 -129 
56 58 
143 54 
127 108 
-123 159 
105 -82 
171 198 
187 38 
-174 -137 
50 -102 
-199 -13 
168 -132 
55 -76 
28 59 
-27 107 
96 192 
-75 72 
-181 -188 
-30 121 
148 29 
-132 175 
-196 33 
-170 -114 
100 -178 
152 -47 
51 195 
72 123 
193 -101 
128 -14 
84 -137 
105 195 
144 126 
36 99 
113 36 
-171 58 
76 102 
-84 184 
-130 176 
-118 -111 
36 -130 
-190 84 
-56 176 
155 -163 
-90 71 
-6 112 
-170 134 
-125 192 
-73 143 
-151 125 
-108 40 
105 -129 
107 -189 
-164 -68 
186 126 
58 70 
29 102 
-94 62 
145 98 
179 -77 
68 -5 
-139 105 
-51 39 
-136 94 
-139 -3 
170 -186 
72 134 
92 -156 
-8 177 
28 116 
-160 -175 
-150 46 
-40 114 
-139 194 
125 28 
12 19 
77 188 
-169 63 
183 157 
-8 56 
134 28 
57 92 
-153 54 
91 104 
138 165 
-22 104 
72 46 
-32 126 
-68 109 
146 158 
-103 -66 
-12 96 
-22 180 
-58 -151 
-184 28 
-89 184 
-41 140 
174 53 
77 -112 
97 3 
-105 -194 
-51 94 
-150 -1 
148 -200 
153 32 
-31 -139 
-1 -160 
157 36 
141 57 
-54 159 
-34 -197 
49 -111 
-141 83 
98 -103 
-48 121 
36 -34 
197 72 
-74 -67 
-191 99 
-43 -123 
-136 92 
-112 -25 
-9 57 
-134 169 
-59 -19 
139 180 
-161 3 
25 89 
113 166 
-24 11 
42 186 
-38 -100 
-54 -55 
-68 132 
-140 -70 
38 -10 
-166 123 
163 66 
3 -38 
-152 -49 
-45 198 
-24 102 
169 10 
5 146 
63 -46 
-158 26 
-169 197 
24 -56 
167 191 
-48 -8 
-49 197 
-62 -106 
-4 -59 
-159 -176 
-136 -155 
18 1 
7 177 
168 -55 
151 54 
-15 -9 
-45 39 
-66 131 
15 -197 
47 -146 
2 131 
85 -156 
-95 161 
150 116 
-84 161 
47 -18 
95 110 
184 60 
-195 -164 
173 44 
190 36 
-45 -46 
183 44 
31 -54 
-124 42 
97 171 
93 11 
-108 -74 
185 56 
-57 50 
-101 193 
43 -168 
177 -171 
-63 -75 
189 -151 
42 -59 
162 2 
114 -55 
-164 -182 
-65 -50 
-164 181 
-21 -147 
-66 -120 
194 30 
2 -73 
79 4 
-31 -116 
87 -26 
58 -123 
-148 167 
180 -4 
118 91 
139 -9 
-16 -46 
58 27 
-179 170 
195 -22 
-170 93 
-140 56 
171 139 
87 185 
31 64 
190 79 
189 -128 
-195 -12 
-91 -94 
-18 53 
31 177 
40 -103 
-198 -143 
-69 138 
162 99 
162 -176 
189 -160 
191 -158 
95 49 
47 84 
78 93 
174 -120 
178 -49 
-104 61 
14 -125 
-27 -50 
25 117 
186 -41 
55 110 
75 187 
-149 -168 
83 112 
45 -103 
-55 -164 
86 -29 
38 -111 
117 193 
-177 -74 
118 141 
-106 -173 
-80 173 
-49 157 
-130 121 
-135 -73 
-32 184 
-73 -141 
0 -136 
-150 -173 
194 -7 
159 51 
164 38 
-166 -66 
179 -132 
172 -182 
-111 158 
-46 -8 
-70 100 
104 -157 
-148 102 
-126 -60 
-104 143 
141 85 
-27 -117 
128 192 
-183 94 
5 -119 
114 111 
-58 62 
192 -32 
-137 149 
198 15 
16 22 
-106 82 
-75 180 
21 58 
42 121 
154 -119 
-194 -9 
189 -81 
90 82 
-139 -58 
-16 52 
-7 -70 
141 116 
117 -20 
5 3 
-177 -180 
32 -42 
-53 -52 
-2 -169 
126 178 
-128 -54 
153 56 
10 94 
127 100 
127 -17 
-43 32 
125 160 
94 -20 
-25 36 
-136 196 
-193 -19 
-54 138 
-97 -6 
-193 170 
-128 -199 
-146 112 
104 -54 
158 -119 
1 -96 
81 3 
-132 145 
-17 -191 
131 101 
61 -150 
14 197 
171 175 
155 69 
-157 -3 
-60 -145 
-111 -16 
113 -3 
50 -23 
-22 -97 
-141 -50 
21 -156 
-139 23 
58 100 
-38 -72 
-145 -77 
164 -171 
45 -121 
-30 -1 
-170 -161 
56 117 
-109 -82 
91 66 
142 -76 
-11 -195 
59 84 
-180 35 
-109 86 
138 -15 
68 85 
-198 -20 
-126 68 
-115 -127 
86 -49 
146 51 
86 -8 
-104 -105 
195 198 
191 16 
127 161 
87 -105 
-166 -187 
-172 87 
96 38 
176 -80 
-98 129 
163 105 
89 37 
-172 102 
145 12 
-85 -51 
-186 54 
-180 -53 
22 78 
-190 -113 
1 100 
171 -92 
98 -43 
-47 101 
137 55 
109 -73 
-161 -116 
198 -39 
186 -58 
-7 -21 
-143 128 
13 -34 
161 -173 
6 0 
20 65 
-154 -50 
-35 105 
130 124 
4 44 
-43 -163 
-37 68 
182 -88 
-53 -73 
-18 -168 
55 85 
-4 22 
-29 85 
191 -7 
13 153 
-66 141 
112 -103 
-50 152 
-176 -116 
90 -178 
5 -93 
75 103 
-124 -135 
-187 21 
-81 163 
-151 70 
-146 -10 
147 -101 
163 -55 
-73 -168 
-128 67 
-183 60 
114 140 
56 171 
-4 -94 
196 -110 
-124 -33 
34 -116 
-151 -88 
161 178 
114 -162 
191 -60 
157 151 
195 -11 
13 -3 
126 -30 
-68 -171 
59 167 
-197 157 
-4 -171 
135 -98 
-100 115 
-149 -61 
18 92 
-10 -61 
-48 52 
-10 100 
-89 -162 
32 -14 
91 -187 
-17 159 
-136 -93 
155 -105 
-182 94 
-34 -46 
123 -68 
-165 63 
-190 115 
-146 -47 
-61 -181 
-170 137 
-72 151 
19 -164 
163 147 
1 121 
-162 43 
-167 -99 
54 -77 
27 -108 
-113 161 
50 13 
45 -79 
-139 46 
152 12 
-54 149 
170 95 
34 -183 
7 -129 
-22 131 
-45 -77 
-149 -60 
-69 144 
-158 123 
-154 -67 
164 182 
-76 -52 
8 -172 
-12 -70 
38 -104 
77 155 
-47 73 
99 145 
-70 -105 
66 132 
175 -92 
-42 158 
-60 183 
-11 46 
72 -52 
146 70 
-45 149 
-168 -84 
195 -66 
-185 -82 
63 -55 
-34 -101 
107 -144 
-195 -8 
-91 -193 
-136 126 
-147 10 
21 164 
-155 50 
-169 87 
39 150 
-127 47 
30 10 
-56 79 
36 -197 
-89 -193 
97 10 
-97 115 
43 -32 
76 175 
-122 39 
-117 172 
186 17 
163 186 
173 -192 
65 156 
109 80 
-195 137 
-140 51 
-49 172 
106 -195 
24 81 
185 -124 
-88 5 
10 91 
-37 -4 
173 -10 
-169 135 
-69 -94 
-143 -122 
-153 -116 
134 110 
-119 -90 
56 -27 
-71 -62 
47 175 
-75 -133 
28 -164 
84 -73 
-67 -125 
-196 -25 
173 5 
-89 170 
-98 58 
-39 156 
148 37 
-167 -102 
-165 -198 
-89 -167 
11 -149 
-102 -164 
18 -30 
20 -33 
-21 -174 
-138 111 
2 10 
-195 146 
-177 -138 
186 71 
171 -36 
-77 -118 
169 154 
116 157 
-90 -79 
154 -101 
91 -112 
-65 -2 
162 154 
164 14 
168 -194 
-200 90 
107 -67 
-102 4 
78 194 
111 76 
-81 -55 
-28 118 
119 -174 
-38 -173 
131 173 
-100 164 
-108 -127 
-188 149 
170 37 
-55 118 
-68 101 
-179 -78 
-7 147 
3 104 
79 -156 
108 134 
-19 0 
50 -159 
-89 91 
96 -13 
116 -144 
-143 12 
126 87 
199 -65 
37 -18 
103 -123 
87 119 
-56 -113 
197 -7 
-142 170 
182 -132 
-7 158 
79 -83 
137 -75 
10 57 
6 -151 
-70 -36 
159 -189 
-81 -59 
-18 59 
-172 122 
32 -133 
-90 164 
-59 -79 
8 28 
-9 190 
119 -180 
65 70 
-117 -169 
-186 -12 
-84 -31 
-188 -30 
32 63 
63 -144 
14 -180 
-61 91 
189 -95 
95 100 
-39 48 
-99 124 
-46 -75 
119 -132 
161 -121 
-190 55 
-23 69 
63 -128 
-77 166 
-121 -112 
-184 -159 
-144 185 
-96 102 
101 74 
-83 -170 
13 154 
111 49 
-179 70 
-60 10 
91 171 
-93 183 
98 -82 
-181 73 
-37 -189 
-150 -33 
104 -172 
70 50 
128 -166 
-91 71 
-97 7 
56 -196 
133 -64 
-190 167 
196 -30 
-75 191 
82 -27 
-155 -164 
170 181 
71 110 
-200 75 
-171 106 
164 -22 
108 -20 
-167 29 
-4 11 
-47 193 
-68 -90 
194 -104 
73 -35 
-153 143 
-41 -21 
4 79 
164 -79 
-130 -137 
-107 16 
-106 192 
1 86 
72 137 
145 4 
-14 -140 
36 -154 
59 -17 
100 -182 
60 -133 
96 -170 
184 -124 
-72 148 
31 1 
-108 -150 
57 105 
-196 68 
-129 -6 
3 -172 
-16 -158 
162 -105 
-192 49 
-88 -8 
-102 45 
-4 129 
-73 -169 
17 7 
-55 -134 
-63 181 
-56 106 
154 -143 
-22 -9 
77 -42 
158 -200 
-172 -70 
-48 164 
-91 12 
-15 -91 
168 183 
77 154 
-28 -140 
58 -130 
-70 -103 
99 -106 
-49 -109 
-87 126 
175 -7 
179 -156 
-83 -35 
-50 -200 
94 0 
195 95 
-88 45 
-10 -197 
-170 -14 
133 -26 
110 177 
52 -98 
46 41 
101 -144 
61 -164 
-101 14 
-65 -145 
43 -190 
90 -91 
-12 127 
-89 140 
7 -184 
-17 132 
177 -169 
86 -32 
174 -26 
113 40 
-113 192 
-80 -170 
-42 -15 
149 -30 
52 165 
-123 -73 
-99 -134 
-11 58 
-132 -75 
177 -14 
-191 149 
74 -85 
40 -164 
125 -12 
117 -171 
-127 150 
-151 93 
2 -190 
-143 148 
161 -104 
-65 3 
124 75 
-4 -15 
197 -24 
7 147 
-106 164 
-131 -130 
68 -193 
158 36 
-118 -148 
69 -173 
-76 120 
-125 -90 
-67 68 
63 -179 
167 -116 
-151 -139 
-198 -92 
112 84 
19 50 
49 -114 
-111 -115 
146 -175 
97 192 
99 -143 
-42 42 
126 -182 
-9 -17 
-101 -29 
91 35 
117 101 
-60 113 
-8 4 
-29 -66 
0 -49 
37 -189 
162 74 
-34 96 
49 -53 
-82 -152 
159 -17 
-138 9 
120 -23 
-15 -134 
14 -138 
-105 103 
194 -179 
167 67 
-135 -65 
-51 -94 
-14 -66 
-18 -139 
-51 -175 
101 -46 
80 61 
-32 50 
75 -55 
-68 -21 
-84 -118 
-103 -168 
-12 -31 
110 -144 
-32 197 
-98 64 
-182 129 
184 -8 
-39 193 
4 -125 
60 -187 
-97 -166 
72 152 
-150 167 
-178 23 
112 164 
139 -126 
121 -7 
92 88 
-173 -33 
-5 117 
-65 -176 
-194 -139 
135 176 
44 -62 
-190 -16 
-13 -134 
-41 167 
90 83 
66 -185 
-45 -67 
23 157 
186 129 
-190 145 
172 74 
109 108 
-46 171 
72 -7 
-50 -93 
-23 -155 
-24 -120 
135 -96 
-56 -63 
-68 -4 
120 -92 
157 -114 
147 -66 
-66 -144 
-8 83 
148 43 
70 45 
87 -125 
167 -77 
106 71 
191 -165 
-60 112 
-134 4 
71 182 
-163 -96 
170 8 
-149 -47 
-36 -117 
-16 110 
61 -158 
151 -61 
-137 45 
132 -137 
-167 -179 
173 129 
-43 -117 
-168 -63 
52 -33 
45 -150 
161 118 
195 -190 
46 -197 
100 93 
-172 164 
-48 106 
-49 154 
-31 130 
-106 139 
163 -29 
196 19 
-4 64 
147 52 
-198 24 
-44 -121 
122 129 
-77 15 
22 -22 
108 195 
-171 153 
-79 -181 
-60 -25 
53 84 
-194 139 
140 -196 
-165 -200 
-132 161 
192 114 
-127 1 
33 131 
-167 79 
-189 50 
182 -52 
187 71 
-200 -72 
189 -90 
-39 59 
4 27 
86 -20 
190 166 
118 103 
21 -73 
58 86 
180 -78 
147 -15 
74 127 
-69 -84 
54 -196 
174 13 
-150 -3 
57 183 
-36 -139 
-131 10 
36 -98 
71 -48 
-178 -21 
92 -44 
11 127 
-44 -173 
-190 -20 
45 -154 
-161 82 
137 -198 
19 118 
29 -70 
-81 32 
108 -135 
55 190 
-173 -32 
122 179 
-152 -191 
178 199 
1 -162 
65 13 
-127 -136 
21 -167 
109 181 
120 -165 
59 -139 
194 62 
-156 192 
165 -100 
174 65 
-3 -188 
-79 -9 
173 134 
60 -39 
79 -71 
-135 7 
-168 -70 
-23 164 
-75 31 
-11 -173 
147 -158 
-91 -29 
141 14 
-10 -158 
-93 143 
-68 -91 
-119 53 
-39 -53 
-189 111 
-185 -101 
-51 131 
159 -6 
-162 128 
194 -29 
154 120 
12 -77 
-167 -148 
91 0 
-34 -131 
-29 3 
-31 59 
17 56 
55 28 
57 -78 
-8 153 
9 8 
13 131 
-150 21 
83 -159 
187 106 
144 -188 
156 75 
113 -58 
-21 156 
-125 193 
124 56 
-152 -187 
183 -113 
-34 -142 
-197 -160 
-59 27 
24 169 
87 -177 
-164 41 
-130 -53 
141 149 
-54 -179 
-136 135 
196 166 
-146 85 
-37 -113 
-51 -113 
28 -194 
-8 13 
52 38 
-80 41 
57 54 
52 103 
132 8 
177 -186 
-75 118 
-68 59 
32 -80 
-158 -164 
-97 48 
180 96 
174 59 
100 -179 
-100 107 
13 -68 
-2 -172 
60 -23 
-188 -83 
142 -34 
142 -9 
179 -57 
175 35 
85 168 
149 109 
-186 -93 
25 76 
91 -143 
-104 -168 
89 60 
141 97 
111 175 
90 -109 
-179 187 
-21 104 
32 141 
-12 79 
-37 -148 
9 30 
-101 -133 
-69 -109 
70 -138 
-122 -7 
64 37 
-86 24 
-192 76 
-94 154 
91 1 
-112 -184 
157 -32 
28 103 
-185 198 
-93 -72 
-182 81 
126 -33 
-56 -77 
-97 -86 
-183 51 
194 6 
150 135 
-107 -16 
32 -66 
-40 -58 
-48 -131 
-92 61 
-26 -1 
-109 28 
-158 93 
-138 181 
-16 119 
-43 -86 
33 155 
-151 -150 
-88 -31 
-178 -192 
34 -142 
-51 -92 
192 4 
-181 79 
-76 -37 
-40 27 
109 -190 
-113 120 
104 129 
174 95 
-189 -187 
119 182 
66 -159 
12 16 
-106 174 
-47 -123 
-101 163 
-10 89 
18 -39 
-192 -131 
-53 128 
69 -90 
-62 91 
-64 10 
99 163 
-174 -21 
-109 26 
-185 -103 
130 197 
129 -180 
166 53 
-92 128 
100 -59 
-36 44 
-76 130 
16 93 
-91 2 
154 84 
-11 149 
164 6 
-103 -87 
-106 127 
-64 -68 
1 -138 
-109 -5 
194 -47 
-125 -150 
-191 161 
-196 83 
-40 161 
-193 140 
49 -185 
167 11 
146 -193 
20 -36 
41 -88 
68 95 
25 93 
168 80 
-45 107 
-18 -93 
-128 130 
-12 -117 
179 -158 
118 -113 
-150 89 
-175 -64 
113 -144 
-163 76 
-130 27 
42 182 
136 -20 
123 -61 
-196 -110 
37 25 
-136 -60 
-79 -76 
-189 -184 
157 -62 
-71 -44 
106 -183 
-58 -130 
29 25 
-135 169 
-18 36 
143 177 
168 -139 
140 194 
128 -189 
-161 -71 
189 -62 
35 -20 
100 -100 
-37 145 
148 11 
-139 -82 
-20 -49 
-15 8 
-62 3 
152 49 
75 55 
-182 -42 
-182 84 
171 -153 
30 -54 
-16 179 
-15 191 
84 -96 
128 -51 
-162 153 
9 -175 
111 156 
83 12 
189 -16 
-55 -85 
-193 -106 
-111 -88 
-115 114 
62 168 
-186 76 
125 -189 
-164 95 
34 -101 
80 -90 
9 186 
-126 170 
-122 -12 
-82 -62 
-195 -95 
-122 -63 
44 152 
129 16 
102 -28 
74 199 
130 -27 
146 -69 
-149 36 
-28 141 
103 31 
-116 -29 
49 -156 
-118 12 
84 115 
-147 46 
-8 -63 
140 37 
-164 -61 
92 -181 
-180 -144 
10 -51 
-39 130 
55 -44 
175 -68 
-161 -6 
149 -14 
126 -107 
-171 -162 
-15 142 
10 17 
-18 -41 
5 -111 
-171 110 
-148 -173 
-20 43 
155 -58 
-168 148 
-170 158 
133 89 
-169 -125 
51 31 
-145 -146 
-101 21 
-188 -73 
-69 -35 
-122 -115 
-163 -164 
145 -177 
-132 177 
-8 -134 
159 45 
183 145 
-200 -139 
140 -147 
1 26 
-116 -73 
-142 138 
-48 -80 
197 62 
103 -133 
38 16 
166 -22 
-23 133 
-175 185 
8 -31 
109 137 
6 175 
4 149 
-115 -12 
107 3 
22 -170 
-113 -94 
76 -152 
5 100 
64 -88 
-97 131 
173 113 
172 153 
125 173 
-52 -138 
-113 129 
48 109 
-181 -96 
-34 107 
-145 46 
98 49 
136 -38 
-159 -115 
70 18 
-199 179 
149 -133 
127 -131 
-173 -131 
-94 -141 
-157 132 
21 -194 
-14 -163 
-105 -38 
-114 -41 
104 -159 
-60 -116 
-175 111 
-66 149 
-2 115 
2 -170 
-115 18 
47 -36 
126 -127 
176 137 
-4 119 
129 -191 
51 175 
-42 -113 
182 -44 
-71 74 
-36 -173 
45 -166 
-158 -153 
72 -77 
-67 -183 
93 -86 
172 6 
73 -73 
25 19 
-146 52 
-76 30 
160 141 
-21 -194 
-11 25 
168 -63 
126 66 
-188 85 
121 91 
-123 56 
-39 -23 
-104 162 
-125 -58 
185 172 
-23 -51 
152 -150 
-136 53 
37 -105 
-147 -2 
6 -42 
-40 -69 
124 131 
-34 151 
80 62 
-23 -133 
-82 167 
4 -142 
-175 176 
-64 -146 
-55 -117 
-199 174 
-135 1 
25 103 
142 -41 
-134 -164 
-65 -7 
138 154 
-151 194 
150 124 
134 49 
-120 -146 
191 0 
148 -99 
-177 -159 
-134 -160 
-131 -151 
148 -52 
