113 45 
-101 -56 
-39 116 
-182 -107 
91 157 
33 -79 
188 -95 
8 172 
-176 87 
13 -167 
-152 49 
-19 32 
168 -160 
155 -139 
107 192 
-173 -27 
124 49 
168 132 
-103 19 
-61 122 
-33 103 
165 -164 
-177 -17 
146 139 
107 -2 
-68 77 
68 -190 
14 -183 
149 -169 
-107 -49 
18 0 
183 109 
77 -141 
-181 -138 
-79 171 
-193 60 
177 161 
96 59 
-13 51 
-127 -43 
-178 74 
18 133 
137 -176 
-98 95 
153 133 
-65 -86 
-33 -163 
-103 -168 
64 -66 
-190 -127 
87 -66 
48 162 
-110 -77 
-168 -144 
-191 -77 
-185 -113 
99 94 
-175 -150 
-33 -106 
119 17 
69 -123 
51 -113 
-64 184 
68 196 
70 -135 
176 -136 
90 -99 
-131 -120 
94 71 
-169 -145 
128 154 
173 -20 
-21 149 
193 -191 
-125 -102 
127 146 
188 100 
151 194 
124 50 
27 138 
-24 -115 
194 52 
-113 4 
-105 -118 
128 43 
163 -73 
80 -38 
-198 125 
-55 -70 
112 141 
26 167 
8 37 
84 -88 
-171 -16 
6 -114 
94 179 
-161 -136 
94 -176 
184 89 
117 166 
-37 86 
101 -137 
-3 -4 
186 183 
156 35 
193 -75 
104 -125 
174 -156 
-6 -103 
-139 -171 
-27 57 
96 -176 
81 -35 
134 48 
9 -80 
36 143 
-116 -160 
45 -121 
32 125 
139 -62 
-82 -172 
-39 110 
-194 -76 
114 -182 
-25 -103 
-150 47 
34 109 
21 96 
-185 4 
114 -55 
102 -43 
90 -135 
-40 -185 
68 -5 
24 176 
-40 -178 
-67 81 
-124 -154 
131 -39 
-123 139 
-171 38 
-111 -9 
-67 145 
-114 -169 
124 -91 
185 -196 
87 -56 
-8 184 
-199 -89 
185 36 
27 188 
71 59 
-113 -145 
58 80 
-15 -6 
-58 -100 
199 -122 
66 -158 
14 36 
-123 163 
-99 -199 
117 18 
-123 161 
107 5 
30 102 
161 -1 
132 -120 
4 171 
-73 118 
173 -135 
-148 -56 
10 -113 
67 -28 
192 124 
-103 137 
161 24 
-118 61 
-174 91 
145 -27 
-195 -49 
-117 -85 
4 -22 
184 132 
18 -90 
24 102 
115 8 
-149 -87 
-156 -14 
-116 26 
-178 99 
-14 79 
105 -70 
-74 147 
-85 124 
0 -195 
-11 167 
-61 -142 
-32 32 
132 152 
-184 -31 
159 94 
-149 -135 
-91 75 
-8 132 
86 -139 
-81 -70 
-107 -161 
83 15 
67 -152 
171 -32 
-38 -184 
182 140 
73 -38 
-149 180 
-19 1 
57 98 
-29 86 
115 -178 
-107 -151 
-108 140 
-117 64 
-104 -55 
-169 161 
47 -140 
-150 -66 
-74 194 
-156 198 
84 166 
123 -19 
36 159 
-135 138 
17 82 
-175 49 
118 -124 
-67 -200 
32 109 
-123 -190 
63 -137 
147 48 
-111 -157 
-134 90 
5 -155 
-117 168 
-175 39 
-92 5 
-116 141 
-50 -102 
146 19 
-171 25 
-77 -108 
65 106 
164 52 
-55 -16 
86 -97 
-124 186 
29 -75 
-138 142 
186 -63 
-113 -50 
25 183 
45 -79 
-106 -162 
3 176 
161 -167 
-96 173 
98 35 
39 160 
-86 -123 
-33 -175 
-172 129 
-155 -172 
-4 139 
83 -10 
49 4 
-53 -112 
163 188 
45 -37 
160 -15 
9 163 
-50 137 
76 -107 
9 106 
-108 -9 
-193 -116 
-176 21 
-6 -57 
-161 103 
-134 33 
37 -37 
-140 -112 
88 -121 
51 56 
27 69 
116 -93 
111 -9 
-83 157 
-82 106 
-69 192 
-169 -185 
92 126 
-192 140 
-58 -85 
24 -157 
-28 16 
107 -157 
-152 177 
192 105 
166 196 
-14 -59 
127 -59 
108 105 
-128 42 
23 161 
-76 163 
-78 181 
-31 90 
28 -138 
-140 114 
-33 -199 
-127 -188 
122 -144 
154 51 
-168 168 
135 -193 
-57 171 
-28 128 
-179 120 
-102 -162 
190 47 
71 110 
141 -160 
-181 166 
-77 68 
57 -6 
-26 -178 
-51 106 
-146 -17 
-185 55 
-68 45 
-185 -78 
157 61 
-47 1 
16 -22 
139 66 
184 -109 
144 -181 
6 167 
46 -85 
108 101 
187 189 
-5 76 
-159 109 
-48 -190 
187 -159 
178 100 
51 -55 
-133 199 
44 157 
14 -28 
-1 -140 
197 -182 
34 -74 
-181 -145 
-123 -61 
-25 82 
-180 -80 
-104 -52 
156 17 
114 -14 
-127 -67 
-29 9 
133 -75 
-135 -91 
75 -98 
117 152 
192 194 
160 8 
141 183 
112 98 
-184 -58 
128 45 
-171 -101 
77 60 
-92 -106 
-9 -47 
145 -104 
25 -107 
1 -193 
61 97 
67 29 
-47 64 
156 -19 
29 47 
-56 59 
-7 -67 
144 189 
108 80 
58 -52 
-13 66 
28 -57 
-176 -152 
-105 176 
156 70 
118 -183 
-51 -42 
-125 -76 
10 -162 
-182 -87 
-153 -12 
-50 -34 
101 47 
-149 -20 
164 -156 
-4 92 
-164 -160 
-77 139 
-113 95 
105 -100 
113 7 
-31 84 
54 138 
136 140 
108 -22 
-88 95 
44 51 
-154 -131 
-178 18 
94 -118 
-61 -24 
-92 -21 
186 41 
-89 -156 
62 76 
-78 143 
-159 32 
68 -181 
165 85 
-53 91 
-118 25 
45 47 
-142 197 
-53 -55 
67 115 
-21 -12 
-129 147 
16 127 
-60 -94 
-136 35 
103 108 
-41 29 
-86 -25 
-10 -28 
-107 -177 
165 -199 
-180 17 
77 172 
-62 -12 
24 -150 
-169 -68 
-82 -191 
-1 175 
57 -144 
-34 -53 
-134 -166 
-79 -53 
39 3 
-84 51 
-101 115 
180 170 
58 -89 
-153 -5 
-186 190 
-51 171 
-68 173 
-73 -32 
110 124 
52 -183 
164 -189 
167 -132 
-169 -43 
172 -129 
40 85 
-5 -168 
-172 196 
79 199 
145 -152 
-33 -96 
-38 -23 
174 -61 
180 17 
-112 -42 
-94 97 
-21 -192 
-47 129 
14 -12 
-35 -73 
-1 -171 
24 149 
134 173 
168 -89 
70 -178 
153 -146 
12 143 
13 167 
-52 111 
117 14 
91 -93 
121 139 
141 54 
199 -51 
97 -107 
118 -172 
-2 -183 
-150 -156 
-139 126 
-85 -163 
33 -56 
-6 148 
177 100 
-13 192 
172 161 
-71 -12 
-60 43 
175 112 
-33 -178 
-145 155 
-194 175 
-139 51 
-188 -176 
-52 -199 
-188 160 
89 -170 
-141 -14 
-25 -64 
-78 141 
-156 49 
81 120 
-131 119 
-148 -17 
11 59 
-144 73 
149 131 
51 81 
-200 47 
-175 -177 
-192 143 
-126 96 
-116 -72 
-197 -83 
-82 177 
-79 -76 
-134 -59 
-161 68 
-13 -69 
-110 168 
-133 121 
-153 153 
63 -121 
104 -41 
175 17 
-34 184 
39 17 
-112 -36 
59 199 
-73 141 
38 -156 
173 -127 
130 -73 
-104 -53 
85 -172 
187 196 
-79 144 
-166 184 
159 13 
89 -16 
167 -43 
-135 103 
-19 86 
143 -6 
112 181 
46 89 
-119 -111 
112 143 
-92 -68 
-5 108 
-166 88 
-154 51 
113 119 
77 -129 
-6 -150 
-6 97 
-27 60 
-164 -40 
98 -104 
9 -77 
-194 44 
-10 -19 
100 -184 
-7 31 
136 -103 
-47 66 
-39 154 
-169 73 
-55 139 
-178 114 
-99 60 
167 -14 
185 -158 
-73 -8 
-28 190 
-124 7 
119 -54 
-70 -22 
-28 -35 
126 76 
148 -58 
-130 165 
-104 -197 
128 -197 
120 52 
43 112 
-60 -66 
-76 -131 
-95 -118 
-79 -159 
142 -69 
-161 190 
62 148 
-24 182 
-99 -78 
172 58 
81 -121 
42 -126 
55 -105 
29 117 
32 -153 
131 -107 
92 -95 
48 139 
-119 63 
-65 -121 
-89 36 
2 -113 
195 63 
128 186 
-109 161 
165 102 
63 16 
164 -67 
31 180 
156 -134 
161 129 
165 130 
-16 176 
-197 -145 
-101 -168 
-1 70 
167 69 
-152 -21 
-59 -98 
-6 34 
61 183 
-8 -16 
5 22 
111 194 
-63 -41 
-100 -193 
-165 123 
57 172 
170 -41 
-104 -105 
194 109 
85 -87 
167 77 
-147 -145 
168 -52 
-10 25 
83 67 
-85 59 
87 128 
-166 -190 
-7 -175 
183 -65 
36 -176 
-19 -76 
-164 -26 
-10 59 
-50 -136 
142 96 
-177 17 
79 62 
-98 40 
190 -171 
115 35 
37 -163 
-56 -107 
68 -148 
-98 137 
64 -124 
-19 115 
96 49 
-63 76 
5 -79 
129 -189 
-163 103 
-89 -55 
-155 7 
-141 114 
59 75 
-91 -101 
-65 184 
-170 -197 
-18 -45 
135 26 
-199 140 
-53 179 
-191 165 
-81 14 
164 53 
189 -133 
50 -47 
109 -118 
104 -185 
168 -14 
-166 -99 
67 26 
-195 1 
-24 55 
-175 197 
61 -169 
14 -168 
-72 -134 
25 39 
0 4 
45 48 
-122 92 
-43 -23 
-53 -120 
107 -79 
-52 -32 
-62 -169 
-162 -47 
-63 -49 
-25 193 
-175 -11 
198 43 
-23 94 
-176 -187 
-183 154 
-54 -119 
-77 110 
175 77 
-164 -43 
108 -49 
-92 -115 
-161 -155 
46 -62 
-152 -148 
106 177 
11 -30 
171 -47 
-175 59 
26 -6 
-153 -38 
187 180 
112 -40 
-181 191 
123 103 
-72 -161 
181 29 
-170 191 
-38 -165 
86 -163 
-60 89 
-177 117 
-186 -84 
-65 -163 
65 -155 
-79 -69 
164 -195 
110 -114 
144 151 
104 -92 
-176 -67 
-114 39 
107 139 
-49 -100 
112 -185 
138 -126 
87 -118 
64 138 
3 61 
54 -43 
-7 -160 
-29 4 
-144 3 
25 53 
-146 22 
32 -186 
-47 -52 
47 -36 
-156 180 
-85 -32 
-13 23 
-173 59 
164 -55 
94 -158 
85 96 
90 66 
-195 -10 
103 -68 
-75 -64 
-44 59 
39 -88 
-151 -142 
12 48 
165 196 
-86 118 
-67 -129 
67 -78 
150 -44 
-133 -166 
52 -123 
-195 22 
88 92 
-129 -44 
-136 23 
-27 -84 
190 113 
77 -118 
169 -183 
82 166 
-73 154 
130 -1 
36 -77 
-136 142 
-197 -88 
117 -88 
-127 -164 
146 82 
-142 -47 
95 24 
112 -129 
76 180 
125 -152 
-150 159 
172 -65 
82 199 
-7 -135 
83 189 
92 139 
-191 135 
-173 41 
-181 -137 
177 60 
114 164 
167 -60 
-115 8 
181 -180 
-9 120 
-123 -45 
132 -31 
59 -75 
-30 -63 
106 54 
-160 -152 
-165 -193 
72 -11 
53 -80 
155 -141 
-125 61 
0 57 
117 -171 
81 -176 
-69 -168 
149 119 
36 -41 
-31 -183 
72 178 
-132 186 
186 -60 
54 105 
26 -118 
61 -157 
71 -42 
-170 133 
189 80 
-88 -95 
191 -167 
-41 -150 
-38 27 
12 -116 
130 -179 
-148 -6 
152 -15 
32 -147 
41 118 
102 184 
102 130 
114 -122 
-2 129 
-112 37 
4 167 
65 60 
4 76 
-64 -19 
-17 70 
-88 -106 
65 -145 
-184 3 
135 -43 
-76 -173 
53 146 
-5 -170 
-174 67 
-18 -165 
-38 10 
-159 -78 
-146 -87 
192 125 
102 94 
9 -83 
56 69 
169 -19 
-56 86 
-65 80 
110 153 
-20 167 
-94 -2 
18 178 
122 -36 
-184 62 
187 99 
-174 193 
-101 -118 
82 -97 
101 149 
-37 187 
187 -28 
-124 -80 
152 18 
-184 -26 
-21 61 
174 -131 
-154 -136 
-73 101 
-141 -68 
120 107 
112 -144 
82 194 
67 -118 
17 89 
-175 52 
-188 112 
117 142 
-91 -110 
-157 89 
-76 -88 
114 135 
134 29 
-13 123 
155 -70 
102 63 
-6 195 
59 145 
-69 -88 
-123 89 
-147 -174 
-148 -18 
-173 -131 
197 30 
-172 75 
-107 49 
-11 -123 
-171 176 
-148 56 
129 -56 
-74 49 
-137 56 
116 -172 
112 136 
84 11 
83 -144 
87 70 
58 -44 
170 -29 
70 160 
-103 -181 
112 -7 
193 -127 
-130 -115 
70 -144 
136 194 
-105 -58 
104 -129 
-198 170 
-22 -37 
-49 -193 
39 -101 
-16 -190 
-184 -143 
-37 -32 
-61 -6 
-177 -11 
-72 -103 
36 -75 
123 -163 
-45 -181 
131 -174 
96 143 
-47 -148 
199 -108 
51 -80 
58 -160 
-181 108 
-106 -28 
-173 -102 
155 -29 
175 151 
90 92 
-56 -145 
-92 92 
178 55 
21 -51 
83 -117 
-17 51 
165 99 
-196 184 
-163 -43 
76 -165 
138 -115 
199 -124 
107 19 
107 58 
-45 71 
12 121 
109 142 
4 -178 
9 -99 
-28 -75 
-118 150 
15 190 
5 -74 
-45 -122 
11 -59 
-11 -42 
135 156 
123 -45 
196 -15 
-173 -155 
-40 87 
79 -18 
-171 -143 
26 -178 
155 14 
119 159 
-134 10 
-43 -31 
-198 -45 
-80 -110 
-156 32 
-130 166 
-111 -65 
-106 -47 
98 71 
178 -175 
189 -1 
-98 -1 
108 -48 
-53 -2 
75 12 
-78 63 
-141 108 
-185 132 
83 46 
-27 -146 
171 42 
160 -124 
-37 192 
-96 -51 
23 153 
-113 16 
-170 194 
-49 99 
-20 67 
-64 86 
-98 -44 
-34 -123 
-40 15 
-51 176 
197 -191 
139 188 
-122 5 
-152 -27 
-56 -22 
-90 -93 
2 87 
86 71 
-95 149 
-183 52 
154 -184 
-163 -182 
-188 88 
48 -112 
146 -14 
74 -178 
49 86 
126 -156 
-21 -196 
107 137 
146 -9 
-60 -31 
-93 86 
-139 -50 
-77 193 
-180 82 
113 129 
179 -10 
49 31 
-141 64 
-94 -199 
-60 177 
-114 -170 
-106 -83 
59 -141 
-45 162 
-35 55 
-138 45 
191 -142 
136 -75 
26 181 
115 -125 
20 177 
-101 -149 
183 128 
-173 -55 
-1 -109 
101 -13 
-70 107 
-91 132 
176 150 
-14 -185 
194 20 
-156 26 
15 35 
196 128 
193 -181 
107 -161 
181 -56 
25 24 
130 74 
53 -112 
-182 125 
-48 125 
-117 160 
72 170 
113 -161 
-101 79 
-120 -3 
49 -126 
195 -48 
-85 128 
12 41 
9 -17 
155 -45 
-108 -11 
30 -174 
73 -10 
64 149 
104 -5 
-184 -181 
27 -30 
194 -47 
-169 -17 
-193 175 
11 -122 
144 132 
65 130 
188 -152 
-91 -22 
-147 139 
177 -24 
-134 193 
-162 -152 
-155 157 
14 156 
3 110 
109 -154 
14 -11 
99 92 
199 167 
193 -51 
145 70 
-34 12 
-78 -107 
32 -51 
-23 39 
-170 109 
79 20 
-174 -57 
-47 -89 
-171 -96 
150 -120 
8 -42 
-149 -168 
178 -36 
34 -59 
153 138 
-116 -92 
56 -166 
167 52 
-77 -22 
170 21 
193 136 
-48 72 
-172 175 
105 27 
-29 -108 
-101 -167 
-127 51 
2 -18 
62 106 
174 185 
-89 159 
154 -101 
-79 -10 
-82 -31 
-148 -29 
57 35 
69 -135 
-173 121 
-10 -133 
-159 -104 
-194 82 
-75 143 
114 -31 
-40 -17 
160 -42 
199 -90 
-8 -116 
-140 -137 
101 146 
48 -42 
-146 135 
175 30 
-104 -187 
193 -134 
161 -5 
-123 -151 
65 -46 
151 -130 
170 147 
-75 -174 
90 1 
89 13 
-151 -95 
-100 -200 
-12 -156 
1 -184 
-9 185 
121 -196 
-152 -29 
-24 -91 
13 44 
3 99 
-115 -87 
-152 8 
86 -183 
-98 -122 
-96 94 
-86 153 
-41 -57 
107 175 
-67 -142 
-11 -145 
61 110 
-120 -75 
54 121 
119 -173 
122 136 
154 -99 
21 116 
-105 123 
-103 185 
-93 193 
66 57 
73 157 
151 34 
-194 48 
154 142 
-161 122 
183 142 
-69 -162 
-115 -157 
85 -26 
-153 100 
75 -37 
35 73 
116 108 
19 -13 
-127 -137 
33 150 
-162 -127 
-200 -174 
-100 -79 
83 94 
77 -11 
-188 133 
-7 -53 
178 -5 
-17 -49 
150 135 
117 35 
-108 56 
18 126 
-58 32 
80 -108 
-179 -119 
71 -113 
-165 86 
-115 27 
-151 122 
-171 -71 
-164 134 
-120 82 
9 -8 
-4 -103 
72 89 
56 -86 
-1 141 
188 -73 
-58 31 
42 -164 
167 -9 
-55 18 
168 3 
-116 39 
-200 -70 
-23 -31 
-149 192 
-156 154 
-90 152 
-57 -199 
123 -29 
73 180 
105 -105 
-108 -176 
16 -43 
-169 189 
-164 167 
-129 137 
-91 -188 
-23 153 
174 126 
119 6 
136 -39 
85 116 
-195 33 
46 -84 
-88 -67 
-150 63 
100 -113 
8 -156 
-34 103 
128 -67 
-5 -119 
90 14 
52 106 
-16 -166 
-177 136 
-188 153 
95 30 
-109 -105 
-93 83 
-33 -46 
84 183 
159 -45 
196 -66 
-32 78 
11 -94 
-164 9 
-87 -50 
121 83 
-198 -114 
-172 193 
109 182 
160 -81 
-190 -38 
-80 56 
-49 -98 
-148 18 
-78 101 
194 -161 
-67 163 
-98 -137 
26 -106 
-70 -101 
-199 55 
-44 -41 
-102 183 
173 148 
178 -57 
-50 150 
125 154 
5 -10 
-131 -179 
-37 -79 
69 143 
154 -25 
35 177 
147 193 
134 18 
160 143 
-133 185 
153 -143 
-24 -170 
-28 -139 
-57 2 
-40 42 
-32 47 
-193 -143 
150 111 
126 46 
149 109 
-127 18 
123 147 
-105 59 
65 75 
-177 186 
-178 -1 
190 -173 
167 125 
178 -155 
93 -154 
63 -142 
14 22 
198 -91 
148 103 
87 -10 
-131 52 
-156 -60 
-179 -41 
116 140 
-52 -96 
59 -138 
90 116 
108 -149 
82 110 
-145 118 
96 60 
3 0 
0 134 
95 -81 
-31 -87 
95 -177 
-44 96 
-67 177 
-18 -32 
135 83 
11 114 
-144 86 
82 37 
193 -77 
46 179 
41 128 
36 -69 
128 -167 
-18 -149 
169 152 
-105 136 
-77 48 
39 -188 
89 150 
-180 135 
181 90 
-101 -171 
10 142 
-193 -97 
-164 -190 
139 -109 
-45 93 
66 97 
-54 -163 
20 -131 
-192 35 
65 69 
-113 -55 
-149 -138 
130 163 
-80 -97 
-126 -128 
8 -178 
139 -115 
41 -24 
-51 43 
-137 23 
-143 -14 
-164 -113 
-34 0 
158 101 
-100 -81 
178 -110 
24 106 
-165 -93 
-172 -55 
-133 52 
-80 38 
-91 -193 
-92 111 
41 -173 
-113 155 
149 186 
116 3 
-191 -164 
79 -200 
86 176 
-20 1 
115 -131 
-132 -63 
96 -148 
8 50 
-25 -55 
101 185 
11 -21 
-139 -52 
155 173 
27 134 
-56 91 
118 179 
68 45 
-12 31 
-28 -151 
6 191 
-143 -149 
17 44 
121 126 
174 -117 
-181 0 
105 -126 
168 -151 
-193 163 
150 -38 
-55 152 
-93 147 
-45 167 
-11 58 
52 -98 
-66 -108 
183 187 
-5 -142 
-86 56 
-161 72 
-113 127 
-43 -182 
129 -147 
-156 -95 
-181 -199 
-44 135 
6 16 
91 197 
17 143 
101 -181 
126 -59 
-21 188 
-158 -10 
20 -137 
-109 -136 
66 121 
-8 162 
98 140 
66 173 
66 -124 
162 -66 
-111 -17 
-165 -45 
2 -60 
-69 -47 
-126 80 
79 107 
-22 108 
-167 45 
-113 50 
-174 33 
62 -145 
-44 19 
-19 69 
42 4 
152 -121 
-121 -114 
182 -72 
185 90 
-150 134 
-2 44 
181 63 
105 -165 
-178 -157 
113 189 
154 61 
143 55 
88 190 
-111 -144 
-84 26 
-178 159 
21 -115 
142 -136 
-60 169 
167 -98 
-188 -110 
-100 52 
-138 34 
31 -188 
-132 41 
-193 180 
6 152 
110 108 
-28 53 
-190 -33 
171 -21 
41 -180 
153 -147 
-41 165 
135 198 
47 -4 
-70 -7 
-68 48 
120 -95 
123 80 
12 -80 
128 193 
-99 -128 
-35 27 
194 100 
81 90 
-126 -2 
-10 198 
-144 71 
-158 -35 
-48 157 
106 -197 
85 -102 
-157 52 
-66 -173 
-14 185 
102 187 
45 -93 
-92 -116 
129 -37 
13 175 
95 -126 
115 160 
-188 40 
-173 135 
-184 -137 
-34 59 
160 102 
-65 -178 
13 -68 
10 65 
75 -22 
-138 -15 
43 188 
125 135 
-129 75 
23 96 
59 154 
-129 -89 
-152 93 
104 57 
-122 -147 
-72 -178 
-73 -97 
-55 -85 
-2 110 
156 63 
117 -145 
103 149 
76 -157 
-72 103 
-158 145 
100 160 
-19 129 
58 99 
187 25 
-174 -184 
80 88 
-55 -32 
-163 86 
-119 143 
-62 137 
-25 -21 
99 104 
127 -97 
104 -74 
-115 -72 
51 -6 
-33 -92 
42 198 
160 23 
67 -116 
139 -103 
-127 -98 
-193 -124 
-152 -71 
-132 56 
52 -52 
63 -58 
123 167 
194 -85 
4 -175 
-42 97 
56 36 
131 -111 
128 168 
56 -71 
-171 -15 
-178 136 
153 -9 
-4 23 
90 123 
-193 21 
154 -68 
39 -82 
-192 -59 
116 127 
24 74 
-62 -164 
-146 154 
69 -160 
-68 78 
161 70 
100 192 
-167 -14 
-148 182 
22 -67 
55 -102 
73 32 
38 132 
-163 130 
123 186 
23 -197 
90 -114 
-1 56 
166 67 
137 161 
0 -22 
-133 -124 
-57 16 
193 -173 
-6 -153 
-5 -73 
67 -186 
-148 -103 
-115 -190 
20 -103 
-158 -147 
17 -105 
168 74 
32 121 
93 -26 
-72 83 
102 -170 
109 100 
133 64 
66 -187 
-31 -26 
-43 -71 
15 -14 
-150 4 
35 -20 
86 -26 
84 -153 
-163 -11 
146 57 
14 28 
-158 162 
-18 -177 
167 -55 
-120 -117 
-49 -46 
62 86 
-32 186 
-164 -106 
71 145 
35 110 
-8 7 
-66 -64 
131 -189 
-73 147 
-172 122 
-92 76 
4 105 
-166 7 
7 88 
108 37 
91 -31 
95 -108 
-23 -115 
-156 -32 
-70 13 
-178 -188 
-87 159 
-49 69 
-69 185 
-85 193 
196 82 
-65 -133 
147 138 
-181 21 
-54 134 
-181 -120 
96 -192 
142 4 
63 79 
15 59 
-58 174 
-121 -143 
-163 27 
-162 -103 
33 161 
-97 67 
-59 -174 
-8 -20 
-36 -195 
162 -92 
-132 155 
178 171 
105 -19 
-63 -101 
157 199 
-120 99 
80 -154 
-194 -177 
-157 191 
146 54 
188 -18 
81 -140 
29 -18 
-167 -86 
-168 -19 
-193 -91 
-93 -60 
-182 -172 
-51 74 
-115 149 
-108 -188 
88 55 
-126 11 
-102 -199 
-119 198 
-44 15 
161 78 
167 -76 
76 -119 
-89 137 
30 42 
-141 -167 
-43 -178 
-80 -185 
195 64 
-186 -62 
17 185 
60 -156 
62 -146 
-59 -1 
-29 186 
-82 -96 
25 -119 
-122 -54 
-168 124 
125 95 
130 103 
72 177 
15 81 
94 -104 
-184 110 
119 73 
9 28 
191 -81 
-20 -177 
-45 -113 
93 -88 
106 31 
135 69 
52 -86 
-89 -151 
-199 193 
-189 128 
-30 171 
107 6 
-29 94 
-116 6 
-54 -126 
-40 62 
-179 106 
-49 103 
-96 150 
-109 -140 
16 -32 
115 -158 
-33 57 
-194 41 
169 85 
-112 72 
129 -12 
-47 22 
-143 93 
-194 126 
86 37 
10 17 
126 11 
192 -5 
-200 127 
-179 -1 
33 97 
-122 174 
68 110 
-193 -155 
-190 153 
83 -181 
31 -89 
-131 114 
-78 37 
-147 163 
-184 111 
-70 -50 
-32 -162 
-55 151 
22 -174 
-142 48 
6 128 
-101 134 
197 -84 
63 50 
-30 -23 
194 151 
-137 -67 
-44 -45 
-111 51 
-79 128 
175 -91 
-72 134 
-172 -58 
32 -4 
165 69 
-131 36 
-176 3 
-189 182 
-150 -70 
-42 181 
-44 129 
28 -93 
-17 134 
-85 -28 
145 -145 
88 -34 
14 -98 
-1 75 
-71 59 
75 132 
-102 -72 
-164 101 
-177 144 
34 110 
-8 115 
115 -26 
17 -59 
-97 5 
-129 -193 
43 -94 
-197 -100 
-194 54 
-48 112 
58 -39 
58 138 
143 -195 
133 -140 
-169 140 
31 155 
-85 137 
66 -19 
26 -174 
-53 12 
45 88 
30 -108 
184 -194 
67 -122 
-171 -86 
28 -47 
-143 153 
-191 161 
-133 -43 
-146 182 
-50 58 
129 -38 
51 86 
74 107 
170 -125 
197 105 
-81 92 
138 -159 
67 -58 
186 -102 
16 32 
-100 72 
151 -38 
-165 135 
114 33 
-97 -160 
119 -118 
-134 -125 
65 -182 
-31 187 
163 -133 
111 -73 
64 52 
79 68 
-106 160 
58 -81 
167 -198 
-162 -3 
-120 -183 
-53 136 
-180 137 
-181 87 
137 -139 
-125 66 
-136 -108 
-161 -189 
-143 -97 
94 -178 
-17 42 
50 -107 
0 60 
163 -54 
38 -195 
50 -158 
134 -103 
124 48 
178 196 
-79 148 
133 188 
74 -116 
-34 -37 
158 154 
156 -34 
79 144 
108 -118 
23 13 
-141 144 
41 -72 
101 104 
155 48 
173 134 
87 -83 
-13 78 
-50 -86 
-179 129 
-127 99 
-61 20 
-103 -28 
16 6 
-25 -2 
-108 -152 
69 -103 
76 13 
78 -66 
-200 3 
92 -59 
-119 138 
170 -69 
130 -140 
77 126 
183 144 
94 176 
-130 14 
-46 -24 
-102 -25 
-179 -34 
187 -198 
44 -97 
-23 -57 
-144 -14 
-76 -94 
155 113 
175 -60 
36 -159 
150 72 
185 -58 
-139 85 
-8 -93 
165 -58 
-34 27 
-54 183 
36 -101 
59 -53 
81 -119 
84 69 
155 -8 
116 171 
57 15 
38 -38 
154 150 
73 -37 
118 103 
88 -127 
159 -106 
-6 -35 
-126 -195 
-55 65 
103 48 
-92 83 
-172 44 
139 -146 
-97 -141 
-52 -25 
101 158 
160 135 
-172 31 
62 -13 
194 -65 
7 68 
-1 -72 
-31 1 
-139 147 
-74 -105 
55 -121 
176 -114 
-184 35 
87 -89 
-100 156 
-112 -141 
-150 -39 
97 -19 
-199 179 
-135 -55 
149 -100 
-68 25 
-131 24 
166 114 
-180 144 
108 104 
79 -87 
15 -127 
-65 156 
-157 117 
101 153 
56 -59 
153 -29 
95 54 
113 166 
-181 176 
99 -52 
81 -163 
27 122 
-199 -9 
-184 19 
-182 186 
-107 181 
-121 -192 
163 -123 
-191 69 
-141 33 
-72 189 
-128 -163 
-12 78 
157 111 
-8 107 
147 92 
82 109 
-49 -128 
-146 55 
-192 95 
169 -74 
-64 41 
71 -116 
-55 -110 
147 -86 
99 164 
30 -186 
-199 191 
27 -95 
-111 -117 
1 39 
-155 179 
80 46 
-76 -167 
-125 -89 
56 -164 
197 162 
-175 134 
-136 -107 
177 158 
97 90 
55 130 
-20 -59 
-50 123 
10 9 
4 -189 
-29 -155 
57 -92 
-17 102 
-88 148 
80 92 
-90 -153 
47 -42 
-84 171 
147 85 
-45 -60 
-95 -197 
-90 -55 
181 179 
-20 -103 
100 -22 
148 -57 
174 -49 
-196 165 
118 50 
6 186 
-64 135 
-4 128 
-173 195 
43 -147 
56 -159 
-55 19 
13 130 
-120 -53 
194 -15 
-4 5 
-80 -42 
-34 -170 
181 -145 
-83 -35 
-180 -141 
-44 3 
146 53 
-127 -181 
-5 -151 
111 35 
115 186 
-176 159 
141 -90 
15 53 
125 55 
24 76 
126 -92 
-82 64 
126 -155 
-14 -19 
9 79 
-2 -66 
-200 -134 
59 115 
-31 -71 
-33 -42 
0 -160 
93 -20 
5 143 
13 -197 
33 -31 
-63 10 
165 24 
118 95 
-72 -197 
9 -175 
-54 125 
139 -60 
5 -122 
-105 -47 
29 192 
100 -83 
-179 176 
-75 -47 
-120 68 
-53 -98 
168 34 
-5 41 
23 -98 
-184 -173 
0 -60 
-133 -164 
-126 104 
-132 112 
167 -49 
-88 158 
184 76 
49 -144 
54 -118 
-131 -23 
-167 -97 
48 89 
-111 -55 
-178 -197 
50 -88 
-171 -158 
10 -123 
-136 -102 
-106 -77 
-162 124 
114 175 
-171 110 
-42 124 
-123 -88 
-146 134 
30 143 
89 -99 
-40 -194 
-54 180 
127 -189 
-164 164 
-16 -11 
80 -50 
-154 -95 
-43 156 
105 61 
-82 -192 
76 -67 
87 -18 
91 -199 
-161 -21 
93 -169 
130 172 
-162 61 
-97 -50 
-94 -69 
160 -90 
136 -3 
77 105 
52 28 
-85 171 
173 161 
-174 -197 
-181 38 
193 45 
14 -100 
133 145 
-37 -157 
118 -195 
44 56 
-106 -145 
172 -141 
33 -99 
-6 115 
-153 -70 
91 28 
36 -16 
-55 129 
-82 -39 
67 68 
188 9 
-55 -101 
49 43 
-10 -85 
-79 -188 
-15 40 
72 -7 
-105 75 
1 -94 
-55 -22 
-42 -142 
-1 92 
55 144 
-30 44 
-195 175 
89 -32 
-128 19 
55 -181 
-112 92 
-31 -190 
124 -52 
-185 -43 
-53 55 
-173 118 
47 -158 
-159 168 
22 113 
-44 28 
-66 -117 
56 193 
-37 167 
-108 180 
-69 -53 
87 -137 
18 137 
78 87 
-52 -183 
141 -178 
-45 97 
-97 58 
-175 35 
-149 114 
148 21 
126 128 
-151 184 
147 124 
167 -19 
-159 -57 
-82 80 
79 12 
-120 -56 
-71 -70 
141 129 
-146 69 
178 -27 
-19 36 
12 -178 
65 -193 
-112 -185 
196 64 
-163 129 
-99 46 
-68 96 
-24 -15 
-59 67 
177 -51 
130 91 
56 -178 
173 100 
153 -110 
-59 4 
-68 63 
-135 158 
-76 -79 
188 160 
-32 -63 
51 179 
83 -66 
57 -153 
124 180 
27 199 
-157 -93 
-121 -1 
-94 112 
-48 -102 
161 -156 
68 109 
-73 -154 
-153 -14 
68 2 
101 19 
143 -132 
118 -129 
40 75 
-127 3 
-140 -15 
-16 121 
-44 -93 
22 146 
91 -196 
-137 110 
110 166 
-3 143 
-85 -74 
-1 16 
117 140 
22 97 
41 4 
52 -2 
-199 -32 
-52 -126 
-200 -172 
-169 -130 
-141 -191 
-107 57 
181 193 
-181 35 
9 -43 
-109 14 
24 30 
-27 -159 
-157 -42 
-151 61 
-184 -69 
50 -68 
-117 -114 
128 65 
-148 -107 
-47 128 
-35 -140 
-42 -139 
185 -79 
-157 -24 
-21 -122 
-24 69 
-90 66 
-5 -129 
-18 56 
65 -178 
-34 -98 
-157 160 
170 -15 
-134 -121 
-162 -126 
194 41 
6 66 
175 -24 
-77 -44 
-103 -75 
-22 8 
-197 -99 
-97 61 
107 88 
-24 -17 
-143 -8 
-42 61 
174 141 
-12 -131 
140 -192 
-20 109 
-122 -42 
146 73 
-42 132 
180 102 
89 -77 
156 -97 
-54 65 
51 -131 
-24 -112 
27 88 
-153 3 
185 -174 
160 39 
-45 49 
192 21 
179 8 
-19 -126 
168 127 
-63 97 
164 -188 
-104 -190 
161 7 
-145 46 
-102 86 
142 44 
-10 -105 
76 65 
-127 -32 
37 35 
-61 -141 
-179 87 
160 28 
-46 136 
-63 74 
106 -34 
-122 -17 
-53 -196 
-25 81 
-188 -111 
-4 -126 
-188 -44 
-161 -18 
11 -153 
-171 -177 
168 -107 
-89 138 
19 178 
-28 4 
62 107 
13 -57 
3 21 
47 152 
-158 -102 
145 -154 
121 -130 
17 -153 
-24 36 
-92 -111 
132 189 
-143 170 
-169 152 
90 12 
-61 -133 
71 143 
156 -102 
-6 198 
-133 170 
-85 -133 
65 -135 
-108 101 
33 126 
-172 -165 
-76 -113 
-20 11 
-67 193 
144 -125 
63 -50 
165 -101 
23 -175 
25 176 
-197 182 
-33 -107 
187 -160 
-140 62 
24 45 
141 -27 
-111 180 
-149 90 
93 188 
116 -138 
-93 -63 
23 -165 
72 -199 
129 -50 
34 92 
157 -56 
40 6 
65 -27 
-170 73 
-59 -138 
-171 -28 
107 -109 
-171 93 
-37 128 
-190 78 
-33 -164 
74 11 
8 -94 
60 -191 
33 -118 
-179 -200 
70 46 
-59 -78 
-152 74 
60 35 
-183 -52 
121 177 
1 -149 
101 -24 
65 -161 
20 -28 
13 -158 
-176 15 
-154 -33 
31 34 
10 13 
4 -58 
35 -200 
35 18 
125 105 
8 -68 
-107 -63 
-2 13 
-21 -162 
99 -15 
63 -97 
-136 -57 
188 -181 
-194 21 
-86 129 
27 121 
112 -110 
-53 84 
-105 137 
-136 -14 
19 136 
62 -71 
54 -98 
48 145 
-149 111 
-176 198 
-155 52 
51 195 
33 179 
-85 135 
98 -2 
-110 17 
-48 40 
8 180 
-89 151 
90 147 
-149 92 
145 123 
152 180 
-8 49 
131 106 
-63 2 
-72 145 
-116 -48 
-3 -63 
-65 153 
-98 178 
-76 -59 
-55 112 
-184 -105 
-109 -198 
-99 -21 
199 -146 
148 120 
-123 -54 
39 -193 
-63 12 
-29 -56 
-160 20 
51 -184 
-6 11 
-10 151 
-26 136 
-123 -12 
-91 25 
-77 162 
147 161 
-144 -161 
18 53 
-144 121 
-139 59 
-160 -199 
-28 -157 
148 -185 
-4 -33 
11 -108 
-26 -120 
-13 199 
115 117 
-158 -199 
-164 -98 
-16 178 
-170 -195 
83 76 
-87 51 
-123 -130 
36 120 
29 -141 
-143 -186 
127 -172 
-106 -156 
174 25 
-13 81 
-172 54 
-9 -125 
34 117 
-24 -194 
62 145 
89 -188 
-172 149 
-14 -43 
27 -178 
-15 175 
-52 159 
70 178 
-184 -6 
-12 -142 
166 -54 
-184 81 
61 -23 
-29 182 
49 196 
31 77 
-19 184 
190 -95 
-194 35 
-47 -41 
1 -145 
42 180 
-38 54 
-26 -15 
-142 104 
-127 141 
-39 129 
99 -88 
39 59 
82 60 
-48 25 
-134 0 
148 139 
-6 -121 
63 38 
45 -180 
4 -181 
19 110 
22 -160 
-87 10 
77 125 
25 -75 
35 36 
-51 2 
140 -99 
95 -98 
-95 130 
7 -169 
-155 89 
68 155 
-102 49 
-170 -198 
-86 184 
-185 -156 
-15 125 
-105 193 
88 -31 
-189 122 
96 182 
18 100 
-23 36 
134 92 
152 130 
98 31 
-20 159 
184 -13 
129 187 
-127 -138 
197 -62 
-95 -35 
-133 116 
187 -120 
-78 145 
-47 80 
104 55 
166 -70 
135 -74 
-38 -154 
-77 90 
-46 -164 
93 136 
-94 167 
-84 5 
-30 -128 
69 6 
92 179 
-129 -124 
-133 189 
58 107 
-194 -99 
195 49 
75 -151 
112 129 
131 -108 
165 -84 
177 -115 
-14 3 
185 109 
109 122 
-156 -167 
-180 -164 
169 -196 
105 129 
37 152 
-111 -8 
44 172 
-162 119 
104 178 
0 -134 
183 137 
-92 -156 
-147 133 
197 -83 
51 -104 
-168 88 
-44 -63 
44 -101 
0 -101 
-5 -52 
-30 34 
27 94 
186 -141 
-90 183 
-149 116 
116 -137 
50 -102 
99 68 
-79 -80 
63 108 
73 -85 
172 51 
-100 -33 
-56 -65 
-154 141 
50 121 
-96 198 
-101 31 
-134 181 
-174 69 
-147 147 
-161 -140 
196 50 
171 147 
-115 -59 
-174 -109 
-19 -49 
53 -165 
12 69 
161 -33 
-87 147 
-59 69 
-165 168 
-18 194 
70 102 
-73 115 
-152 -141 
27 45 
56 -165 
16 53 
-65 -80 
141 -106 
192 175 
143 -152 
8 -110 
-24 109 
-67 104 
-180 -50 
199 100 
-139 -65 
148 158 
-35 -75 
81 172 
44 88 
-163 -6 
-194 86 
-42 -95 
-54 -164 
-167 165 
17 28 
-186 151 
-50 -165 
-192 -8 
-52 -173 
-118 -62 
69 -153 
15 164 
83 160 
99 54 
-193 -61 
130 -84 
-75 166 
178 114 
-45 -82 
-52 -79 
-10 33 
194 22 
145 153 
171 72 
188 -191 
90 -93 
-197 -51 
196 78 
16 131 
-72 -156 
22 -200 
-163 -133 
7 -180 
135 -18 
150 32 
-100 -45 
-156 -110 
105 -173 
190 -117 
-39 147 
-129 162 
55 1 
193 -160 
196 53 
-180 86 
51 -163 
120 157 
55 126 
36 -59 
115 -173 
-11 -99 
158 78 
67 125 
-189 -2 
-157 -185 
198 -35 
72 43 
181 40 
49 -67 
133 -26 
-93 96 
-105 1 
196 114 
-110 -190 
-129 161 
108 -198 
-164 -184 
7 155 
175 -38 
8 -75 
55 -77 
8 160 
-154 95 
190 5 
-17 -105 
41 -125 
99 -125 
-89 0 
1 -134 
-5 -145 
-85 33 
141 -183 
-151 -25 
-109 -74 
-86 -10 
-6 -170 
73 -186 
-34 -144 
123 189 
1 20 
1 -163 
-63 27 
-100 -168 
-188 90 
108 -195 
-177 57 
-196 -15 
-181 68 
-22 -26 
135 -87 
-64 -98 
-35 26 
12 -167 
-58 -192 
-74 12 
-76 -178 
180 -30 
-161 106 
64 -168 
-158 -134 
107 -103 
31 65 
179 53 
28 165 
-61 -42 
156 -61 
-115 -32 
112 -96 
-81 15 
104 -169 
172 66 
102 -75 
-182 -75 
-57 193 
9 -57 
121 -159 
37 -185 
-91 82 
-184 183 
94 169 
-81 -144 
179 -139 
31 -33 
-170 153 
6 65 
47 74 
82 124 
-69 27 
-182 23 
-69 -25 
-79 -52 
63 -23 
160 7 
98 194 
89 26 
-120 -112 
120 41 
199 70 
16 -140 
-196 -52 
64 -154 
-40 -196 
130 45 
83 -172 
-137 -37 
19 -118 
160 -65 
-90 56 
-81 -104 
158 -105 
-189 -11 
157 162 
-43 172 
190 189 
-99 -32 
141 98 
-135 -179 
-42 186 
-145 -154 
-146 -118 
-50 77 
29 198 
65 -26 
162 159 
-181 142 
166 56 
-98 -130 
121 144 
-162 -33 
-21 11 
-124 141 
-168 85 
-118 -84 
-93 174 
15 24 
-94 -54 
57 76 
93 14 
22 -13 
88 20 
46 -57 
-38 120 
-26 148 
60 -103 
-95 -168 
-117 144 
99 49 
47 -126 
18 -67 
73 -153 
157 84 
165 -97 
59 -132 
-12 76 
79 54 
129 152 
104 -188 
-34 54 
166 162 
-145 -164 
155 112 
191 36 
-198 59 
75 143 
-61 -3 
-24 -3 
-114 -74 
97 -176 
-152 124 
120 -186 
139 199 
103 1 
-146 186 
191 -151 
-60 -74 
104 113 
-98 -113 
-176 -182 
192 15 
97 -177 
-26 191 
187 21 
-79 170 
-118 -137 
-145 166 
151 161 
-60 76 
17 168 
-75 168 
-186 115 
166 -1 
-163 -7 
-111 -126 
74 32 
101 66 
-112 134 
-138 124 
-108 -199 
-177 -15 
20 45 
-83 91 
-56 -62 
-128 50 
39 -39 
-120 -158 
-64 82 
-83 -163 
-166 13 
-140 66 
-44 -81 
20 66 
-169 18 
48 71 
125 -112 
-50 -188 
-111 190 
-2 70 
-185 140 
44 70 
-3 54 
38 -48 
136 190 
-85 -65 
-184 91 
58 -157 
-30 -141 
42 48 
41 -85 
194 -115 
38 -145 
-186 135 
-155 121 
-34 127 
147 -87 
-76 -28 
23 137 
114 -59 
-92 146 
56 -99 
5 191 
-119 81 
-83 119 
-74 186 
42 195 
198 -107 
124 -139 
-194 93 
16 -158 
-8 139 
88 -72 
-26 52 
119 -160 
172 113 
-76 -64 
-92 121 
31 -13 
-116 11 
-40 -165 
41 53 
161 51 
-198 -33 
28 74 
-25 -73 
-152 56 
-111 -63 
-27 147 
-4 10 
83 188 
59 23 
-84 52 
160 49 
59 -7 
61 123 
-110 -156 
113 -90 
30 3 
-129 110 
-3 15 
-5 128 
28 -163 
-39 -93 
21 -22 
-125 27 
-131 -136 
-101 -140 
-75 8 
-159 -4 
121 -19 
175 75 
-29 -179 
92 -97 
143 -59 
65 14 
-132 118 
-198 -41 
-156 -123 
3 -97 
177 186 
75 15 
103 -143 
199 44 
147 -22 
189 -199 
-96 98 
-43 88 
-23 142 
13 2 
-150 -47 
190 -112 
117 158 
-137 11 
114 166 
0 73 
197 -80 
-117 63 
80 -81 
156 98 
108 -4 
1 145 
-177 143 
-38 105 
-107 -157 
146 -95 
28 89 
134 139 
45 -43 
98 -88 
-196 28 
-127 -21 
-91 -54 
37 -128 
-151 41 
62 81 
-3 152 
147 -48 
-67 107 
8 164 
127 61 
-148 -2 
-15 -141 
-26 -33 
19 -63 
-130 21 
175 191 
-165 -40 
4 -120 
-172 -103 
112 -52 
-174 -163 
-110 -97 
-41 -86 
-29 28 
-85 90 
-199 -81 
-117 -74 
-145 -198 
-149 68 
127 132 
-58 167 
-169 87 
-172 167 
79 -129 
-83 -117 
38 68 
-39 -72 
47 170 
130 -106 
-102 44 
-124 -111 
-23 125 
-42 113 
-93 123 
-42 -182 
12 162 
83 9 
192 169 
-51 91 
20 185 
-72 92 
13 71 
113 120 
188 -129 
-116 -13 
114 -112 
73 107 
37 -103 
108 5 
33 165 
-61 -88 
25 188 
189 -66 
-89 -120 
-109 -10 
-69 174 
28 105 
101 -50 
177 -195 
-142 198 
-82 9 
88 -8 
-181 -99 
128 191 
-140 -73 
-96 -179 
-107 -2 
41 -134 
118 -105 
48 -99 
-130 188 
114 -174 
-76 135 
-114 79 
-155 -197 
134 -22 
143 98 
29 -113 
-34 9 
46 -55 
-126 28 
-156 77 
33 -18 
102 10 
-185 48 
123 -97 
-35 143 
-107 146 
117 101 
-117 111 
5 95 
110 157 
133 -87 
150 19 
64 -84 
172 -156 
-18 134 
-56 -103 
76 153 
-5 104 
-173 145 
-90 89 
-129 5 
136 -90 
-178 -31 
-141 -74 
56 -137 
155 -81 
-200 48 
12 -185 
-75 -20 
86 -198 
176 -179 
54 101 
-16 97 
-111 25 
73 -193 
49 -48 
-184 190 
-23 106 
-47 155 
153 -73 
-10 160 
-35 14 
36 -27 
98 11 
-168 -80 
39 -6 
-115 70 
116 -30 
-12 42 
-200 -132 
168 167 
89 -132 
16 186 
122 -67 
136 191 
65 -181 
-75 -42 
-133 -198 
-188 -11 
85 26 
-103 -72 
-174 150 
146 -172 
-176 -171 
156 182 
27 -157 
-16 110 
-80 154 
178 -84 
145 4 
156 -23 
-103 54 
170 -164 
-37 -40 
70 -78 
126 -65 
-131 -170 
-122 150 
131 105 
142 -108 
-59 153 
109 0 
-60 -144 
48 70 
59 -83 
-12 -1 
-101 70 
199 84 
-121 -164 
-181 -83 
108 -55 
-92 -199 
-27 100 
113 89 
-28 112 
52 -179 
-115 -70 
62 -96 
80 -97 
70 -108 
-115 90 
73 -21 
38 -102 
40 -34 
142 -139 
168 21 
72 -193 
65 153 
-107 -163 
171 -139 
193 -159 
9 170 
149 -41 
30 -28 
-139 98 
67 33 
133 71 
114 58 
-165 -62 
-70 101 
-85 156 
-99 5 
-35 152 
37 -169 
118 121 
101 -121 
-10 142 
-135 155 
-195 -186 
-83 151 
-34 176 
51 -109 
35 134 
-34 -47 
150 73 
-100 153 
-122 57 
-114 -101 
-133 165 
-42 -189 
193 -117 
-178 4 
107 -196 
47 -194 
-81 -134 
58 -133 
177 87 
-87 31 
61 128 
176 142 
-124 104 
45 73 
-61 125 
26 -143 
-25 -114 
104 -195 
20 41 
-29 -136 
136 -130 
116 151 
129 107 
-60 -182 
-166 -70 
42 188 
77 107 
-67 60 
62 -90 
32 123 
-110 33 
-168 -129 
-130 195 
-96 -47 
-93 192 
-99 -132 
175 -141 
-45 152 
68 114 
128 -96 
1 82 
-126 -168 
-38 -105 
60 124 
55 -61 
195 -3 
36 91 
-187 -114 
149 179 
78 104 
175 -193 
176 126 
147 -29 
-83 -74 
32 39 
4 183 
87 -103 
113 190 
130 -23 
-86 151 
95 -89 
2 -64 
12 154 
74 65 
114 -127 
-91 49 
-196 197 
192 -151 
81 188 
98 44 
131 4 
62 -91 
-105 -4 
-39 26 
140 85 
-167 43 
11 81 
-8 -96 
195 56 
8 -73 
122 180 
15 -194 
-16 -171 
-61 -66 
-176 191 
133 36 
-158 -11 
135 29 
5 -124 
78 -180 
82 58 
-117 20 
103 165 
-50 -163 
1 -41 
-124 134 
-133 156 
-97 70 
198 61 
-81 -145 
62 -66 
-78 -8 
-185 47 
-122 38 
-49 171 
28 23 
-184 -66 
-28 127 
166 160 
186 124 
-101 -200 
89 -126 
-87 175 
190 -5 
74 -24 
125 128 
-93 -161 
-154 12 
-58 -169 
-189 159 
24 -46 
180 -154 
-52 10 
-199 -197 
-163 7 
13 -141 
108 118 
175 140 
13 -58 
-51 90 
-187 -138 
-18 -147 
61 -135 
-9 -57 
-151 -64 
-168 109 
94 -49 
157 -197 
3 -158 
85 91 
82 168 
21 196 
-78 98 
-25 -22 
14 -27 
-160 4 
24 -169 
-191 91 
-151 -169 
-24 17 
-116 57 
-33 82 
-62 -94 
-183 121 
-87 -10 
-156 -53 
-93 127 
-16 -15 
-8 -191 
-157 126 
-70 -45 
114 -95 
-184 94 
70 -199 
14 -45 
31 35 
-95 32 
-38 96 
23 157 
-182 190 
108 -37 
199 -92 
-143 3 
-132 24 
91 -170 
-159 -88 
-125 164 
-22 41 
-83 107 
-187 -59 
113 173 
-4 -92 
-25 119 
13 -56 
3 -53 
160 20 
67 -16 
122 138 
-102 90 
65 53 
-155 77 
100 -80 
158 189 
-31 -15 
-13 -143 
-6 -197 
-109 122 
192 170 
-39 123 
-97 116 
0 -116 
187 88 
126 77 
-163 67 
-135 176 
-169 141 
189 -171 
65 56 
154 15 
-169 -72 
-112 -188 
-145 78 
125 139 
-89 162 
186 35 
6 -3 
155 123 
172 -193 
-69 -195 
9 162 
129 139 
-36 -80 
-79 107 
-176 -76 
39 -61 
47 -106 
12 -14 
167 -10 
-25 -155 
41 -19 
-171 -7 
45 -72 
-175 38 
-173 33 
84 -148 
-200 -99 
-5 111 
-115 147 
-30 -45 
-112 -113 
-126 60 
-138 -32 
-160 -3 
199 156 
-138 -130 
-83 -178 
-82 1 
169 -119 
66 -110 
110 37 
144 199 
-132 -164 
194 -160 
31 44 
71 -160 
-82 76 
2 -182 
-1 -76 
52 -72 
43 -196 
-83 24 
-83 -122 
155 161 
96 -110 
-96 -149 
-86 -170 
-103 36 
-162 20 
-6 26 
-30 -172 
17 -81 
95 -104 
-69 -114 
-182 -169 
43 -188 
-117 151 
143 109 
4 -4 
-5 -99 
-145 -48 
-127 -61 
-168 -166 
126 127 
143 87 
-64 183 
65 -99 
-171 22 
-143 -4 
138 -41 
-63 -78 
-161 -128 
63 97 
83 -196 
42 -134 
-153 51 
-31 -107 
-32 151 
-67 18 
-27 75 
50 -123 
119 -40 
-192 26 
-195 -151 
-35 -156 
-132 171 
145 62 
-45 94 
-118 -186 
-17 191 
-98 23 
-94 168 
-71 137 
-80 195 
-7 -123 
194 -141 
156 191 
100 -160 
-65 74 
51 -136 
-142 -160 
181 -140 
125 104 
-52 -167 
-4 82 
-168 -59 
97 -75 
-73 46 
166 -33 
180 -28 
134 70 
-94 -102 
-60 -15 
-57 -185 
-114 -45 
-28 -160 
55 110 
38 155 
21 36 
160 144 
-156 -162 
-160 -75 
-55 39 
113 -200 
-81 53 
-171 83 
-179 -91 
-65 -33 
20 -148 
-69 -141 
-189 151 
-53 -130 
-184 -106 
-155 60 
-151 71 
-118 54 
95 115 
50 73 
-43 -36 
-189 -167 
-160 151 
-182 -20 
-11 -87 
-87 -25 
127 -182 
-150 -63 
157 77 
-12 145 
-106 -46 
-117 3 
45 -181 
-75 -85 
154 121 
64 23 
54 51 
177 2 
-16 -61 
119 -136 
128 -108 
-170 98 
167 43 
119 3 
59 166 
87 -111 
-145 -24 
172 -69 
60 65 
-192 -147 
99 107 
-17 -143 
82 -50 
-143 -111 
106 23 
19 -56 
27 -102 
91 -187 
147 126 
62 27 
6 -33 
33 -199 
-106 45 
169 107 
137 149 
-17 -76 
174 -187 
-64 -196 
180 154 
30 -1 
13 -121 
53 -132 
-198 -183 
129 -95 
50 -126 
-182 -118 
119 -103 
-113 -96 
-164 -187 
-69 -156 
32 -188 
141 -66 
-193 0 
-95 -199 
175 166 
-172 -37 
-81 -16 
76 -174 
107 -47 
47 -28 
113 2 
-75 -92 
-8 42 
183 122 
115 -24 
-106 82 
-194 49 
118 -114 
154 135 
-29 65 
94 33 
-168 -199 
-145 116 
186 -11 
-9 138 
18 -17 
130 148 
-72 -17 
111 -126 
9 13 
-1 113 
-12 -158 
146 -27 
-137 163 
65 184 
-68 -82 
66 -58 
-199 -112 
183 41 
145 82 
-13 -7 
41 180 
-15 179 
136 0 
95 160 
63 -79 
148 153 
-90 20 
-75 34 
165 -148 
-194 -181 
50 45 
-108 -186 
-30 -178 
-36 116 
60 87 
-27 192 
143 101 
130 -87 
-150 122 
142 -42 
68 -8 
-98 75 
14 -107 
98 -16 
30 105 
7 -25 
4 -171 
-167 -32 
-89 -95 
-54 -186 
-166 98 
118 3 
78 -111 
-191 17 
86 5 
-66 -92 
162 11 
6 5 
91 109 
158 -152 
129 -23 
136 180 
-175 -138 
-107 -3 
-20 144 
-36 59 
-161 50 
19 53 
164 70 
178 -83 
-192 86 
-161 98 
34 -182 
-121 33 
-39 97 
-39 113 
-42 175 
-38 62 
-17 142 
165 7 
97 157 
-5 52 
-76 130 
144 -200 
39 -115 
-43 -96 
70 16 
-89 -180 
-83 50 
18 -46 
-123 -128 
-94 196 
153 62 
129 -126 
-95 -72 
26 91 
71 -124 
67 181 
5 -137 
-154 54 
-112 -162 
-25 -30 
95 37 
168 79 
-142 70 
83 -151 
-149 28 
-198 106 
-158 -73 
-137 67 
68 -86 
-189 194 
169 -187 
184 -38 
112 -85 
11 -1 
-24 -146 
-192 -52 
-84 8 
-42 182 
-50 -117 
-162 -49 
104 81 
-175 46 
-152 141 
-178 5 
-130 -11 
-170 -171 
-171 -88 
91 66 
63 126 
-20 -101 
158 173 
-36 -35 
25 124 
-22 34 
80 97 
193 -131 
161 -60 
-120 34 
73 79 
6 -87 
-94 44 
-172 -171 
31 105 
-46 -79 
-147 167 
6 41 
167 -65 
-110 43 
21 -69 
18 -113 
-8 31 
-105 -25 
118 166 
87 136 
-108 124 
8 -118 
59 -72 
68 46 
-48 151 
177 -171 
-167 -134 
73 91 
124 80 
7 123 
102 35 
24 128 
70 133 
-102 45 
-72 139 
-104 -186 
-10 -197 
-113 -127 
155 182 
102 57 
61 197 
-144 64 
27 -107 
-52 -76 
-8 186 
74 166 
-56 97 
145 -165 
175 -45 
3 190 
-94 27 
-11 103 
182 -5 
126 148 
-109 133 
121 -129 
-13 -156 
-44 57 
-121 191 
-127 -27 
111 -191 
-35 -25 
48 -34 
-54 51 
-122 98 
108 -133 
123 -77 
111 -182 
-95 -74 
177 -141 
-46 154 
142 -27 
170 -131 
-87 160 
-71 -198 
-140 -115 
65 24 
-13 161 
-87 -39 
159 -141 
-164 72 
54 58 
-174 43 
-196 34 
-37 17 
-1 54 
-186 113 
156 -108 
53 14 
120 179 
-88 -9 
-120 -38 
187 -44 
64 13 
-170 -108 
-100 82 
-27 96 
118 27 
96 12 
-87 -105 
-68 12 
74 75 
136 81 
0 108 
-198 -164 
17 -184 
-51 -61 
148 168 
-160 160 
156 -6 
137 84 
196 -157 
-195 -135 
-32 -90 
171 -115 
-7 151 
-81 -133 
-93 161 
-59 9 
23 -110 
33 82 
178 22 
188 59 
86 4 
-5 -70 
113 -43 
199 152 
-132 -50 
-112 5 
92 -188 
-61 -115 
-17 97 
-37 -33 
-180 -152 
4 115 
77 103 
163 87 
24 -47 
-165 101 
47 -129 
-132 110 
-197 -143 
-34 104 
72 175 
111 156 
-54 7 
-5 112 
-146 82 
115 -121 
66 -157 
-110 173 
48 75 
162 50 
-147 -143 
86 63 
-86 -191 
0 -97 
14 193 
-119 30 
100 75 
-93 105 
-27 146 
-138 85 
-18 -195 
-72 159 
54 -193 
-170 34 
-64 59 
-77 7 
-112 179 
-87 -43 
175 -69 
23 47 
89 60 
84 140 
186 72 
57 -161 
-112 105 
113 -7 
-154 -128 
-112 15 
171 135 
-195 -43 
-9 149 
144 -115 
131 -146 
169 40 
-198 -18 
-16 54 
-142 24 
58 -84 
-150 -128 
-102 -106 
-42 -172 
21 -122 
131 -117 
-193 39 
102 -176 
188 -72 
3 -11 
-92 -90 
-184 -35 
16 36 
-63 178 
-142 -119 
180 75 
130 184 
-49 -5 
-176 -95 
-96 -191 
-31 28 
-179 -107 
-34 -46 
66 2 
32 -171 
86 -60 
-148 -147 
-193 3 
199 -194 
15 -149 
-118 151 
-197 144 
91 173 
93 177 
19 18 
-22 -68 
-87 156 
-197 -71 
-145 -10 
85 114 
34 161 
-174 -25 
136 -171 
-3 -137 
58 52 
-44 45 
72 -167 
-16 -34 
-81 -5 
-129 70 
-125 -6 
-77 81 
-144 -66 
24 -166 
172 130 
142 -155 
120 -87 
-169 191 
28 -200 
-169 -117 
165 -141 
-36 44 
-2 -113 
-159 -9 
114 -85 
-98 195 
-142 185 
-13 74 
-133 -145 
-43 -125 
139 116 
131 130 
-172 133 
71 11 
-182 87 
172 50 
-122 31 
-100 -3 
-97 -122 
-58 -49 
165 -36 
-100 90 
165 15 
-152 -195 
43 10 
93 -101 
182 -53 
-46 -181 
21 20 
-86 28 
29 16 
95 -105 
71 -152 
172 -68 
-164 -45 
155 -37 
139 -132 
-102 -178 
-9 76 
124 85 
-69 -27 
151 61 
-189 111 
68 32 
97 -34 
-100 170 
22 117 
-76 69 
113 -165 
-94 -5 
195 183 
174 18 
189 26 
-48 -144 
-57 -170 
-120 129 
-69 170 
164 35 
125 93 
-149 -64 
-145 144 
-139 180 
184 -24 
4 -80 
-108 -168 
-147 -59 
135 -17 
36 64 
-198 134 
-5 135 
-96 108 
22 180 
-197 -41 
-13 22 
1 -67 
70 199 
-164 75 
162 47 
71 64 
-36 8 
146 -69 
-140 65 
-117 49 
79 -72 
39 41 
83 144 
187 47 
141 79 
-174 115 
-127 -79 
8 143 
140 76 
-51 -97 
-86 -4 
125 -93 
-5 75 
-11 -142 
-70 106 
-92 -22 
23 172 
-91 118 
-26 180 
100 159 
-78 84 
-161 -198 
-110 188 
-157 70 
-185 -130 
-122 -136 
33 116 
-153 -123 
-109 21 
-163 160 
98 79 
-188 5 
-2 -99 
-80 146 
-15 96 
152 168 
-196 177 
195 -149 
-169 -139 
-59 55 
69 178 
-58 -199 
79 -27 
-113 -52 
-138 61 
121 166 
-194 -126 
119 -177 
156 -195 
-168 -146 
180 46 
96 -178 
-87 -166 
141 -182 
-167 116 
19 -160 
-60 -6 
189 -40 
184 -176 
56 199 
-195 -172 
191 -87 
-105 50 
-71 -39 
158 30 
81 -150 
-51 -188 
-155 -1 
170 -147 
-108 7 
161 92 
77 -58 
-69 159 
-86 -158 
157 59 
-163 172 
188 175 
188 139 
-82 100 
35 -193 
-4 -93 
-177 41 
18 92 
-189 -190 
154 2 
-94 -85 
63 140 
135 87 
141 72 
-41 -120 
104 -64 
172 36 
-50 -131 
119 93 
-145 -82 
186 -59 
101 76 
18 -100 
-105 93 
88 143 
-62 -65 
-158 75 
-63 -197 
192 -46 
-89 119 
-106 194 
125 115 
-36 -6 
132 -71 
-135 122 
180 50 
-19 -167 
81 195 
-15 -158 
7 -141 
-178 158 
-50 106 
-139 -175 
149 161 
114 -25 
33 -167 
-72 -116 
93 79 
-62 -91 
3 -127 
-66 -145 
-71 178 
12 -62 
-27 -134 
25 35 
23 90 
-39 80 
-81 -4 
26 -116 
-21 -109 
-194 140 
-11 172 
73 44 
-49 122 
-40 155 
174 -200 
-110 -198 
70 -174 
60 -27 
51 74 
-62 35 
-45 -191 
-12 142 
-93 -57 
-47 68 
168 28 
-127 174 
-40 77 
-48 -78 
-116 9 
38 46 
-163 -134 
-10 121 
99 -116 
-158 -200 
12 169 
-102 -155 
105 -71 
-167 -104 
152 57 
11 193 
90 146 
-194 6 
-122 128 
182 160 
13 -143 
116 45 
23 -139 
-158 199 
57 -34 
69 32 
149 9 
2 185 
110 -55 
-172 -154 
-158 80 
-10 -136 
-7 171 
148 -135 
63 -87 
123 -183 
-167 31 
-18 -68 
-14 -47 
-164 -67 
-161 -113 
-155 -115 
106 -67 
-60 185 
193 -80 
141 -36 
8 29 
161 93 
179 118 
107 -86 
-72 -125 
5 -168 
136 123 
40 13 
-96 7 
-89 -98 
81 128 
-162 -104 
46 -110 
-52 173 
-43 -7 
163 62 
-119 178 
-18 -168 
-82 136 
-189 -67 
85 -108 
-43 -138 
-39 -174 
130 113 
114 128 
83 -74 
110 -17 
8 -104 
130 -173 
37 153 
-58 -110 
-160 -103 
-34 75 
-174 176 
157 87 
-199 121 
-45 -25 
-3 19 
-27 61 
-81 124 
194 177 
-40 -119 
-178 -70 
7 36 
-115 54 
173 130 
-23 -16 
-69 193 
50 -198 
144 -141 
197 81 
109 159 
-68 163 
-69 -23 
151 54 
129 63 
-43 -54 
-42 191 
-97 139 
145 -118 
-83 -17 
177 14 
-165 -58 
-103 -88 
-130 -5 
190 -10 
-76 63 
-53 52 
-18 -25 
-101 170 
186 -27 
40 -63 
186 -140 
3 151 
-146 66 
-7 -36 
73 155 
54 40 
-197 -186 
-79 97 
-25 -40 
-51 102 
133 49 
105 -26 
-173 -2 
-198 -37 
191 32 
-37 -90 
12 127 
99 -72 
-129 168 
-134 93 
-142 29 
43 -149 
-151 -174 
192 -126 
-108 -95 
113 17 
196 1 
-125 -66 
-155 -59 
29 -79 
-55 2 
-192 38 
-155 -39 
-62 28 
-103 88 
154 146 
122 130 
80 -192 
73 -192 
70 50 
-153 -40 
153 -163 
-28 27 
-52 59 
175 183 
-115 64 
-16 138 
-28 -85 
17 49 
17 -27 
22 -114 
63 -9 
159 153 
-76 -20 
-200 184 
-68 -103 
-79 -42 
167 -129 
67 -104 
-50 143 
12 82 
-3 -27 
-110 -170 
-93 28 
-99 -96 
-117 -68 
-57 71 
122 95 
-103 109 
-131 -65 
-168 40 
-59 -15 
-105 179 
180 -182 
186 77 
114 110 
176 -166 
153 103 
195 154 
-2 -89 
-6 95 
66 -41 
28 -24 
-168 169 
-8 144 
155 -166 
105 74 
-169 -58 
97 24 
50 -157 
85 56 
64 -192 
163 48 
-67 -100 
149 17 
-194 114 
86 -126 
-31 -133 
-147 50 
197 -30 
-88 36 
-140 170 
58 153 
176 -164 
-13 -144 
-72 35 
-36 -145 
-36 -95 
-6 175 
157 -191 
-111 -100 
-34 151 
103 -88 
170 -52 
56 172 
20 -34 
-199 -104 
199 -154 
-197 72 
29 88 
64 -161 
15 27 
-169 21 
100 -4 
-182 198 
-141 -183 
196 -113 
-128 62 
-36 71 
171 125 
-98 -142 
-166 197 
-159 50 
-24 -71 
-17 -68 
-55 192 
4 101 
30 40 
39 -156 
145 -148 
-148 27 
91 -159 
-46 121 
106 -75 
128 -189 
140 37 
-44 -162 
-93 -190 
47 -168 
67 -151 
4 -127 
190 104 
-88 -4 
106 140 
-184 -47 
178 121 
-148 150 
-133 -61 
-83 -76 
-25 10 
-86 -70 
-106 -123 
26 -150 
-183 -14 
-189 98 
107 184 
124 181 
90 -170 
-138 -23 
-25 121 
148 90 
181 107 
-151 116 
-93 -55 
-175 93 
-28 -137 
157 187 
24 103 
-172 73 
-150 -161 
157 -76 
-165 117 
135 -152 
75 -126 
-116 -186 
99 -151 
18 64 
142 -53 
-83 -82 
-164 7 
188 -109 
-76 150 
27 102 
187 -168 
36 136 
94 72 
78 20 
-133 -136 
-67 87 
186 -200 
65 -137 
-167 -79 
10 26 
-158 -124 
61 -66 
-159 -165 
13 15 
-181 -51 
117 -84 
-172 169 
50 -163 
13 40 
-196 186 
-169 13 
174 106 
-159 -179 
-113 -47 
28 -172 
140 42 
-166 169 
-87 -195 
-112 70 
-39 -188 
-100 -68 
163 0 
-3 -79 
184 137 
-181 -176 
-170 97 
2 52 
99 7 
-99 120 
-84 -102 
143 114 
-148 92 
164 75 
-159 122 
41 149 
-44 -116 
-187 -196 
191 -199 
-68 104 
-135 -122 
178 -121 
96 147 
-193 -151 
26 -158 
-190 -60 
-136 -69 
43 154 
142 192 
-83 131 
15 -92 
31 -71 
-41 -65 
-153 -186 
-61 177 
27 32 
-67 -167 
163 106 
137 -100 
-5 -91 
-39 171 
-1 88 
124 -34 
156 58 
164 113 
-135 49 
128 99 
-75 74 
-10 -155 
72 -114 
110 -12 
-82 181 
-74 -85 
94 -113 
-93 56 
-115 58 
162 115 
88 -25 
40 -121 
-78 33 
-155 188 
11 -11 
34 -55 
-38 -134 
-141 72 
-56 -168 
-43 -50 
157 -8 
-190 -69 
-123 65 
111 -56 
117 -140 
-133 141 
6 -137 
-138 52 
187 89 
91 108 
-142 174 
-174 -140 
-88 144 
-175 -137 
102 -45 
-125 -38 
189 -143 
8 -10 
-82 86 
-18 -131 
-65 190 
-157 48 
8 -196 
-32 56 
94 134 
44 -52 
-40 10 
185 82 
-12 -193 
1 -182 
-75 -187 
178 32 
-80 -16 
60 28 
2 -19 
-158 -30 
-108 52 
-37 -119 
-189 -183 
-185 53 
177 114 
-196 -190 
-172 -88 
-122 93 
-37 -9 
135 14 
-30 141 
-42 68 
-197 128 
103 190 
45 46 
190 -38 
-145 -117 
-81 -107 
183 169 
-3 12 
50 -180 
165 96 
-195 199 
-185 -99 
-121 -179 
146 22 
120 -176 
196 -167 
46 182 
-184 -190 
-147 1 
194 94 
-16 181 
40 -172 
-148 -180 
131 61 
-78 175 
91 -163 
78 109 
102 -117 
-56 70 
-159 -133 
54 42 
164 116 
66 -121 
-146 168 
-199 -15 
-154 106 
192 -72 
-163 -175 
177 -186 
147 121 
190 -28 
64 -79 
94 -185 
-49 -67 
-141 81 
155 52 
73 -199 
172 94 
-98 159 
185 -169 
-1 -59 
-145 -19 
26 88 
-19 96 
-117 189 
-57 -97 
-124 -119 
-92 -11 
43 -175 
159 145 
124 183 
123 -65 
101 33 
34 -29 
177 77 
-136 -19 
80 43 
119 -9 
-92 29 
119 -6 
-120 85 
-74 -164 
-20 -48 
-154 -55 
-42 178 
-59 46 
-57 51 
41 27 
-39 72 
-136 46 
-82 129 
-137 37 
44 3 
-166 48 
90 -127 
90 -129 
-171 135 
-186 -39 
-171 81 
67 -184 
84 -149 
60 24 
-166 -20 
-189 -102 
-59 -198 
-27 -158 
135 11 
1 64 
-32 86 
153 94 
90 31 
66 38 
-45 179 
161 -199 
125 89 
-73 187 
-181 25 
-63 67 
-127 123 
-169 -70 
-123 21 
-23 -90 
-42 -186 
124 -87 
76 -87 
-146 -73 
-170 40 
136 99 
156 185 
190 91 
-22 121 
-177 33 
-84 62 
-23 -178 
169 121 
-60 64 
-86 175 
117 -180 
140 -165 
180 136 
-132 -148 
-72 183 
38 138 
-144 -10 
179 -78 
-197 60 
-150 90 
-80 -70 
-91 -182 
96 -23 
103 -101 
-105 -165 
-180 46 
24 75 
-67 -128 
167 -142 
-38 7 
116 52 
133 92 
-82 18 
-98 12 
-70 -105 
-56 -139 
-24 -97 
-32 166 
-103 -82 
-103 -5 
186 26 
-191 -137 
-168 -115 
-48 196 
-3 81 
-94 -161 
-35 32 
147 45 
-105 -135 
-111 -10 
48 108 
152 -128 
22 -82 
-43 -61 
22 -179 
-89 75 
73 116 
-37 -176 
15 -165 
19 -32 
166 168 
177 -176 
175 -83 
-6 -106 
-52 -128 
110 -69 
-67 62 
-38 160 
102 -160 
32 49 
-25 33 
132 29 
-192 -158 
47 -169 
199 76 
-125 114 
156 -149 
-158 -31 
67 -150 
89 -17 
-128 -183 
38 145 
-35 -17 
-63 120 
-174 183 
144 -42 
-43 -4 
-186 29 
-100 -137 
102 -149 
35 71 
180 -71 
-10 135 
-110 5 
-9 53 
33 -52 
126 -120 
-52 -158 
-36 166 
47 101 
-76 -163 
183 -137 
-41 94 
-171 82 
125 -31 
-52 -62 
54 37 
71 14 
-78 -89 
-55 37 
9 50 
8 96 
-27 13 
-167 96 
163 70 
190 -159 
30 -2 
-52 161 
-74 43 
-54 42 
-193 152 
107 170 
-140 130 
-118 -95 
-35 -190 
-75 99 
-20 -79 
-194 33 
-90 -29 
125 -40 
15 12 
10 -160 
-83 -134 
-196 -104 
-22 -55 
163 123 
-152 163 
40 -158 
-188 -129 
159 177 
-124 119 
-88 -38 
37 -180 
169 189 
-60 -81 
175 197 
198 42 
-81 177 
-153 -11 
-21 107 
-144 54 
71 -92 
52 -110 
87 -117 
157 -107 
135 141 
-48 -77 
9 -102 
-2 134 
167 92 
108 31 
85 -126 
-73 -120 
189 46 
27 -70 
-60 41 
-61 -190 
51 77 
199 -144 
-46 17 
29 -70 
121 142 
-54 45 
-177 -155 
-71 -82 
9 -41 
153 -111 
67 155 
87 -124 
33 -63 
-197 -158 
143 56 
147 -117 
187 140 
102 -132 
-135 -197 
33 -73 
-105 19 
-86 152 
138 -200 
125 38 
164 155 
-39 -11 
35 -50 
-153 30 
152 -162 
117 157 
104 -121 
-158 -80 
-170 125 
87 46 
154 -95 
-33 -20 
33 -178 
-134 -129 
144 18 
-13 -188 
37 134 
154 68 
133 -143 
-32 -196 
-112 -122 
21 182 
96 -51 
42 26 
54 -68 
-94 -132 
100 64 
-185 -36 
181 57 
173 31 
-111 112 
-169 -34 
98 -59 
-129 -80 
-14 132 
-71 -7 
-140 140 
-112 -147 
50 152 
-104 66 
81 -15 
80 171 
120 -142 
75 -57 
153 -192 
-25 162 
-23 -189 
-108 90 
181 -97 
120 -50 
197 -134 
31 -148 
131 24 
-180 62 
-32 -114 
-38 82 
-46 -113 
-128 17 
-172 150 
51 -25 
-104 80 
-119 134 
158 86 
12 142 
107 49 
-138 39 
40 34 
-29 25 
-107 90 
11 -118 
30 -168 
119 129 
109 105 
107 -97 
-144 0 
-23 -124 
-179 145 
1 -76 
-200 181 
6 -92 
38 -22 
156 -106 
-99 164 
169 -172 
-169 159 
-187 -3 
91 -127 
-73 -20 
-116 14 
147 164 
-190 -159 
80 -160 
-59 -96 
-200 -117 
-45 89 
-28 -132 
41 -23 
186 -41 
-22 43 
-66 1 
-192 37 
-122 -16 
-44 -127 
3 92 
42 -199 
194 -155 
-190 -100 
-104 -51 
-17 89 
146 -176 
188 -98 
175 -151 
-11 155 
-180 198 
-10 182 
146 -158 
-61 198 
123 134 
-182 -67 
-164 45 
164 -113 
-148 -115 
-10 192 
-185 189 
71 174 
78 67 
-141 190 
-179 7 
-180 176 
115 147 
-11 -179 
-38 11 
-155 51 
-4 191 
86 191 
35 -131 
-195 71 
-123 53 
-152 -83 
-172 35 
-180 -146 
-96 134 
110 -188 
-63 -129 
-139 89 
-180 -159 
-17 173 
-33 26 
-59 -194 
-102 -85 
182 -36 
161 -177 
89 148 
179 -26 
30 175 
41 -171 
99 -154 
-143 182 
-71 -28 
-19 -21 
23 28 
123 -47 
196 -103 
130 -166 
133 -151 
27 -83 
14 160 
-2 132 
184 -111 
100 -134 
47 -149 
174 70 
-36 160 
-192 161 
-76 6 
-59 40 
-64 -127 
122 -171 
136 110 
-23 95 
-162 -165 
-194 113 
-79 50 
-7 -181 
199 151 
88 140 
30 163 
-190 -106 
-127 147 
-99 114 
132 -194 
-175 123 
-124 -104 
72 63 
-155 166 
33 -117 
-35 -114 
7 64 
-3 -54 
-78 -181 
158 104 
108 0 
194 -107 
132 167 
132 -127 
59 131 
0 160 
14 -118 
193 -61 
-146 170 
-13 79 
-47 26 
-38 -120 
-106 5 
-92 -76 
174 79 
2 166 
-41 35 
-30 36 
9 -138 
-187 -150 
67 -106 
49 135 
50 -197 
62 98 
157 88 
-36 123 
-172 -69 
136 154 
-134 4 
154 104 
78 13 
163 -184 
-48 161 
-171 174 
90 -3 
41 30 
61 -56 
129 192 
-164 161 
62 130 
-86 79 
-98 26 
69 164 
-81 -146 
-50 -30 
169 -169 
83 -175 
178 51 
157 74 
128 -120 
64 -181 
50 99 
130 -145 
-12 -145 
3 180 
83 161 
141 -99 
127 -131 
-10 174 
-50 -128 
64 172 
175 12 
-90 18 
-176 -2 
-56 -199 
27 103 
-27 -119 
-174 60 
13 152 
116 -73 
-20 34 
128 38 
188 -55 
-4 149 
121 77 
-122 64 
-105 96 
95 47 
80 107 
-106 74 
-190 91 
199 -119 
178 181 
-6 132 
-118 159 
45 68 
-178 121 
149 158 
-181 -26 
11 91 
54 77 
-98 -65 
100 105 
-32 -138 
69 -59 
127 -91 
-69 79 
-158 4 
-89 22 
-195 2 
-33 3 
188 -125 
-196 76 
-198 135 
68 -49 
142 -14 
35 -81 
-191 -163 
-112 -138 
-169 -113 
98 -65 
-145 -92 
-3 110 
-185 -110 
-167 -55 
-144 -22 
153 9 
10 -110 
-31 -14 
-141 -101 
-159 -145 
-196 198 
97 178 
80 158 
-101 -177 
38 142 
188 -45 
27 24 
-26 19 
-90 -96 
-67 -38 
-90 80 
2 -133 
14 -15 
-163 -12 
-180 16 
59 104 
-48 -9 
94 180 
115 -136 
-119 186 
-132 -194 
112 -43 
199 27 
-190 -108 
-131 106 
117 -24 
175 -56 
-163 35 
-92 110 
-163 -79 
-175 133 
-160 -118 
91 13 
163 139 
-103 -146 
133 -159 
92 136 
-51 98 
-25 -38 
-91 -181 
-192 -166 
-65 -171 
-42 69 
-162 178 
128 -153 
-173 -76 
139 29 
-87 97 
-79 90 
62 -193 
54 81 
21 -155 
37 -152 
-106 38 
-81 87 
-172 -139 
30 4 
-59 12 
55 159 
-51 -39 
-186 -148 
-98 47 
18 191 
-42 -96 
62 190 
37 -144 
-63 -96 
-142 119 
-94 -73 
150 5 
-31 184 
-157 74 
-92 138 
137 -163 
-174 87 
17 139 
-3 -15 
44 -129 
-108 66 
-26 152 
60 -124 
-118 193 
-92 -57 
-133 -117 
-101 52 
64 -135 
-144 31 
-66 156 
40 -90 
-27 -118 
92 -55 
172 104 
-151 -46 
-144 120 
-21 113 
-84 114 
-64 66 
-44 108 
105 -12 
152 145 
-106 -92 
-168 -88 
150 82 
199 -110 
-6 -102 
-196 -97 
-182 -171 
-23 -117 
-129 -158 
135 -142 
96 32 
-6 -118 
63 -105 
147 -27 
-53 -168 
-30 153 
37 108 
-125 -182 
-134 45 
-120 -33 
-26 -78 
-140 143 
-186 18 
-180 -18 
4 -83 
-20 7 
138 -10 
48 -182 
-75 -136 
48 22 
-168 -151 
-42 -143 
-129 -154 
85 -53 
84 171 
165 43 
74 105 
-29 -9 
71 -163 
-171 -164 
127 -41 
105 23 
-39 51 
-82 -18 
-24 -96 
-105 44 
18 146 
-189 -64 
193 78 
-17 -102 
121 -35 
182 187 
-165 94 
48 -192 
-110 29 
-188 -51 
23 -124 
182 -163 
106 -66 
-27 -199 
-48 -30 
60 -177 
195 -157 
-122 158 
-200 -49 
-35 105 
131 152 
128 -146 
-50 17 
6 -193 
-83 31 
50 -143 
-141 165 
-30 -27 
-164 151 
-26 14 
-57 69 
-182 -155 
-11 -8 
54 111 
-161 -8 
170 -90 
-101 -6 
159 -71 
-105 129 
-159 -3 
74 -97 
41 -55 
132 -152 
-122 87 
-119 172 
-156 -108 
49 -73 
160 99 
-21 90 
-200 -42 
126 -60 
-86 -22 
141 186 
-178 179 
-119 145 
-100 -70 
159 -96 
49 -183 
121 59 
24 95 
-56 56 
90 -183 
-67 184 
183 48 
29 -92 
194 2 
-143 -55 
-169 -95 
-108 -133 
189 -98 
55 -108 
57 -159 
-148 111 
-68 180 
-103 29 
-199 95 
159 -15 
198 20 
162 -116 
-32 -96 
88 102 
-182 -96 
-168 -74 
-117 -197 
16 143 
-152 -118 
41 -12 
-21 -35 
79 -24 
-163 -141 
2 5 
-164 48 
-167 -64 
132 -86 
75 110 
135 -135 
199 -139 
-95 133 
134 179 
162 -7 
-21 -137 
79 57 
79 153 
-133 83 
185 -197 
-152 38 
26 -134 
109 -69 
110 -1 
108 -19 
-85 -40 
-98 61 
-50 -71 
-37 -107 
19 104 
-8 -195 
-183 -129 
-105 -113 
13 -77 
80 -162 
-77 -71 
-2 141 
179 23 
-51 -12 
-71 -111 
-35 -104 
-200 -44 
80 77 
143 99 
-164 -2 
148 52 
-184 22 
35 -151 
195 -144 
-67 185 
-46 -172 
85 -181 
-133 -37 
-46 -44 
192 57 
-75 -96 
16 -159 
32 179 
36 -199 
-75 172 
106 -91 
-168 37 
-184 -133 
-132 144 
-112 -9 
179 -43 
-52 97 
-164 162 
-9 182 
-93 -59 
42 52 
127 152 
-194 97 
16 4 
32 175 
153 121 
-50 -3 
129 50 
-50 136 
105 87 
-107 -123 
150 -196 
-168 -21 
34 -139 
40 31 
-146 112 
-67 49 
154 1 
105 48 
-129 167 
-111 -198 
139 53 
-9 -38 
92 -1 
160 -4 
-148 -141 
-45 -27 
-18 -107 
146 -35 
-97 101 
-63 -115 
-34 28 
-72 -145 
4 -132 
-160 73 
-23 -159 
24 145 
78 -181 
-153 19 
92 -136 
-61 -60 
16 28 
90 -197 
62 82 
-171 -181 
163 -57 
-162 -48 
-53 114 
128 8 
-162 -12 
66 89 
5 120 
-87 -70 
135 -175 
164 146 
196 68 
196 163 
138 -85 
98 73 
-115 45 
-21 110 
-163 21 
13 -51 
121 -187 
110 -133 
-113 -162 
85 115 
-11 184 
95 44 
-79 -6 
115 139 
-78 178 
-149 110 
-71 -109 
-86 17 
-152 -103 
-44 -85 
-85 -68 
-1 -68 
90 195 
-59 18 
-3 106 
175 -25 
144 4 
-191 -27 
-198 -10 
-9 174 
-177 148 
86 -99 
-134 36 
-173 0 
39 -81 
98 120 
-127 -83 
68 116 
-34 123 
-46 -99 
14 15 
-143 -75 
-135 59 
-163 44 
127 92 
-71 -176 
142 -131 
27 145 
-6 -53 
-74 -184 
-150 180 
-19 -181 
-93 52 
83 191 
94 9 
-27 42 
-66 51 
138 -189 
-33 -103 
106 166 
101 -73 
29 96 
69 -32 
-198 150 
125 33 
149 -189 
-124 -50 
77 -127 
88 -191 
4 134 
-141 -19 
-25 15 
191 199 
-161 144 
109 -97 
118 12 
11 35 
130 -165 
111 147 
15 91 
97 131 
34 50 
180 190 
-60 -149 
-16 -78 
71 160 
-2 162 
-184 147 
97 -110 
116 -47 
-29 112 
-107 156 
-82 -64 
-35 60 
-171 -90 
-129 -21 
50 -182 
-115 -8 
44 69 
165 48 
151 -14 
151 181 
10 -98 
-32 61 
166 -194 
-21 -60 
115 32 
-58 23 
136 57 
157 -28 
156 113 
-118 137 
161 112 
-161 157 
-77 83 
-95 -23 
62 -126 
-141 -44 
-18 188 
96 30 
-93 -89 
-54 12 
-166 187 
-53 36 
-81 198 
177 -200 
184 24 
123 -72 
191 -9 
-23 49 
-150 -121 
-112 156 
-11 194 
58 -159 
44 -96 
-188 38 
-81 -73 
45 151 
97 120 
186 118 
132 190 
-1 65 
-183 145 
-115 -63 
181 -62 
-152 -164 
-51 198 
186 -105 
104 -94 
-160 -176 
137 82 
-97 -5 
-55 74 
-104 -85 
57 -167 
70 56 
-21 -89 
-132 152 
94 -31 
83 47 
25 -152 
-99 -54 
171 74 
83 -92 
11 -172 
71 144 
-33 -94 
-95 -193 
87 -92 
134 -85 
24 127 
-68 110 
57 -63 
123 -84 
167 -182 
-66 34 
171 -108 
-130 80 
-119 -167 
-91 -71 
189 195 
28 -89 
-29 66 
162 -57 
-57 -76 
13 -41 
184 66 
-103 197 
142 29 
-148 41 
100 -161 
137 193 
122 30 
-57 -164 
128 147 
83 -157 
25 -158 
-200 -112 
-171 17 
-40 -96 
40 -6 
61 133 
-42 115 
145 -82 
135 163 
160 161 
-78 -189 
-189 -185 
-133 -140 
-112 -26 
175 63 
153 199 
-196 178 
-58 122 
110 -62 
87 -2 
-36 -59 
123 -117 
81 -71 
-180 44 
155 138 
153 -95 
172 43 
-163 -35 
97 -85 
-129 128 
-20 143 
55 -196 
7 -65 
-79 114 
-153 -103 
113 -160 
-116 -139 
89 139 
61 26 
-21 -96 
16 167 
-45 -150 
188 33 
-64 -86 
-87 -18 
137 71 
-158 95 
33 -41 
-171 146 
-137 -79 
-199 -179 
-101 128 
-192 -92 
32 72 
-162 45 
163 130 
184 164 
119 173 
9 -24 
51 0 
-76 -46 
-178 94 
178 1 
40 -184 
-31 -178 
-70 4 
62 103 
-175 -35 
81 -103 
-55 -41 
143 45 
61 -79 
191 1 
-82 -174 
-89 -117 
-54 -26 
-26 58 
-151 -10 
166 111 
-149 -7 
-115 160 
31 -142 
88 -101 
-19 78 
170 165 
93 17 
95 45 
-70 32 
45 92 
81 -40 
-185 42 
169 186 
68 -198 
-8 -124 
-52 -83 
18 72 
-91 123 
61 53 
119 82 
148 155 
-40 -95 
155 187 
-16 -112 
-109 6 
-142 129 
194 73 
-51 -165 
100 -60 
47 148 
168 11 
167 99 
3 -106 
53 -166 
-132 -37 
-86 156 
164 -61 
160 177 
191 99 
-28 -55 
62 199 
-169 55 
9 -152 
-77 109 
8 -96 
-11 141 
129 -139 
-44 -54 
130 76 
61 -45 
-44 130 
-141 71 
-75 -25 
84 26 
12 -132 
-8 71 
-99 -165 
62 -80 
111 -78 
165 28 
-102 -149 
-113 47 
151 -129 
182 48 
-40 -16 
27 -78 
178 -60 
-126 32 
77 188 
-12 110 
-34 187 
-170 161 
-34 96 
1 183 
180 47 
-187 0 
35 118 
106 -35 
112 -165 
106 -114 
-86 112 
69 45 
172 -157 
130 -101 
-22 10 
-123 -158 
4 -124 
81 176 
-52 77 
-130 -86 
-163 113 
56 -138 
-163 -161 
-93 -41 
175 24 
-52 -92 
-105 -22 
-9 23 
-164 109 
-174 81 
-175 -136 
187 131 
150 -92 
-164 -173 
-65 -10 
-30 -1 
1 -171 
131 -153 
183 9 
73 34 
-150 8 
-86 128 
196 194 
93 81 
161 -196 
76 -71 
-2 -152 
-99 170 
92 -180 
195 -133 
-183 -62 
-59 -148 
139 -74 
161 -19 
-171 104 
-90 -109 
-77 -73 
-137 113 
-89 -157 
-157 63 
-198 86 
133 167 
-123 -126 
-193 -12 
-44 -194 
-190 -183 
-20 -8 
-18 99 
-141 -55 
83 172 
-191 71 
-156 100 
107 -116 
-155 118 
-185 16 
-92 -130 
-109 -31 
185 -91 
-41 167 
-178 -155 
32 24 
12 96 
-175 192 
13 60 
28 -98 
187 114 
-187 51 
139 173 
-197 59 
175 39 
-92 -186 
-152 -131 
90 -19 
-27 -37 
-104 91 
-190 -116 
59 137 
-180 -36 
-186 -179 
101 -79 
-176 64 
-191 -30 
164 166 
-119 140 
115 39 
147 144 
-47 -179 
-30 93 
-12 12 
18 39 
-158 -137 
125 22 
-62 166 
-61 -140 
158 -14 
171 21 
43 59 
198 41 
27 -39 
-182 -126 
64 -54 
-84 -127 
74 -6 
26 158 
148 145 
9 -160 
102 -6 
-126 75 
-63 92 
151 -195 
148 154 
-67 156 
-34 179 
53 -99 
-4 -27 
-60 189 
-113 -180 
63 -56 
-94 -195 
-53 168 
87 19 
-36 97 
25 -125 
-38 -12 
60 178 
90 -158 
25 -46 
-192 -45 
-62 72 
134 -48 
-9 184 
-147 -165 
131 90 
31 181 
-152 -56 
-121 133 
164 -148 
-4 -72 
-25 43 
11 -196 
15 -152 
81 73 
150 92 
166 -153 
51 28 
83 -178 
0 127 
-73 151 
50 -1 
-48 39 
-44 -13 
-197 -16 
198 -79 
129 -123 
-89 -9 
-131 143 
95 2 
-170 69 
-41 31 
-54 88 
-81 -189 
-158 -181 
-150 183 
-136 -93 
154 196 
-122 29 
-88 -21 
-38 16 
110 -6 
-111 181 
-66 -17 
-13 136 
188 114 
70 77 
102 -172 
-12 135 
154 -118 
-32 -152 
-22 -135 
54 -36 
168 67 
118 -142 
-103 -159 
47 -195 
92 71 
-51 -129 
151 85 
195 180 
-40 161 
119 35 
104 99 
95 -135 
-9 -99 
159 -40 
128 -2 
-158 148 
-94 19 
-157 -108 
-88 5 
-109 97 
137 -79 
-80 -91 
180 -60 
6 -95 
154 42 
89 -22 
-62 191 
11 108 
-185 94 
-73 103 
-22 -101 
-23 61 
-117 117 
120 117 
55 -35 
-55 17 
16 -101 
91 -38 
-155 71 
-196 -39 
89 -10 
-90 118 
-21 112 
97 104 
109 -141 
-6 105 
-142 26 
79 -52 
41 -155 
-157 190 
88 103 
124 -73 
152 191 
79 -155 
198 88 
-20 -191 
79 67 
23 -125 
-180 -178 
76 -60 
-134 135 
-25 57 
18 6 
170 109 
116 -64 
126 -5 
-98 -56 
-150 -176 
-132 -200 
134 -60 
41 -145 
-17 177 
-46 -67 
-101 -108 
66 -128 
-6 -64 
-142 146 
186 177 
173 -184 
130 -196 
-1 187 
49 -154 
41 -168 
2 110 
-43 -13 
-187 74 
127 26 
-159 -171 
110 105 
-124 18 
-86 163 
-86 -186 
-144 109 
-64 157 
160 -10 
187 -69 
-23 83 
109 -88 
177 36 
122 149 
46 -58 
51 88 
-24 -80 
6 -111 
-196 29 
-63 115 
-146 -135 
79 30 
-103 67 
-191 -35 
125 13 
-111 -148 
-79 194 
-80 -137 
-54 -169 
-163 -23 
-94 133 
-93 128 
118 59 
-68 -99 
175 -137 
131 -156 
191 112 
86 158 
-69 78 
-19 50 
128 150 
-196 -144 
134 -137 
165 -181 
115 -49 
-199 -38 
-183 111 
-200 -69 
-5 -131 
60 104 
81 148 
-41 41 
120 172 
-182 77 
45 160 
171 -9 
-36 62 
-140 131 
81 -36 
-66 82 
126 -12 
37 180 
-178 8 
-47 60 
122 -98 
63 -116 
-190 194 
155 -22 
-99 -3 
-94 -107 
176 -183 
-14 -32 
-130 56 
-160 125 
-38 159 
174 -128 
4 -34 
77 191 
124 144 
102 -191 
176 115 
97 39 
-143 119 
164 151 
197 -44 
-105 73 
-37 79 
35 184 
174 -79 
100 51 
-108 -93 
-109 -69 
53 178 
-126 -180 
-155 84 
35 29 
23 5 
-189 -128 
-12 153 
72 -139 
-174 -137 
-35 -117 
58 100 
-19 -190 
98 -10 
143 -161 
-126 -176 
-141 121 
83 146 
-124 -160 
73 -3 
177 -174 
11 -28 
46 -197 
26 178 
-61 184 
128 136 
-34 -121 
-73 -40 
160 -137 
-188 -18 
0 -30 
-168 135 
-5 178 
-126 -3 
73 -173 
135 -82 
-69 -143 
-5 63 
-32 -74 
82 -74 
14 13 
-115 -200 
-97 -90 
41 191 
-10 112 
-3 47 
-13 -148 
162 80 
70 -33 
-175 -4 
147 -147 
190 184 
196 -46 
-45 -151 
175 11 
-129 -60 
-127 94 
60 106 
-53 -46 
-3 26 
130 131 
105 96 
150 35 
-30 122 
62 -161 
-86 144 
-155 154 
-31 98 
112 64 
104 -82 
0 16 
149 -87 
110 172 
115 -80 
19 185 
45 -176 
0 27 
118 42 
189 -41 
-89 56 
-180 -7 
-47 -146 
120 -180 
97 196 
90 -192 
-195 15 
145 -103 
-21 -43 
110 -14 
89 -155 
172 42 
45 25 
-23 79 
125 118 
11 183 
115 74 
-184 -93 
118 -11 
60 176 
22 36 
-77 -117 
42 -53 
-16 -29 
146 70 
133 -97 
182 176 
-164 -127 
-182 -143 
104 -28 
-54 20 
-149 -177 
119 -79 
102 -78 
128 53 
-69 -172 
3 -144 
-174 -131 
52 -22 
-143 10 
80 26 
82 125 
43 51 
-122 180 
64 66 
-10 -116 
1 96 
-90 -4 
68 -158 
-123 3 
-92 89 
10 -146 
193 121 
44 -153 
-133 18 
-18 -66 
113 171 
9 -128 
125 -141 
97 -47 
-142 -149 
19 -86 
-134 125 
32 -72 
-107 -181 
-160 -56 
-66 25 
108 -9 
-194 130 
-121 158 
9 87 
-162 -25 
-35 1 
8 -162 
75 -94 
111 70 
-184 -90 
-102 98 
82 -107 
111 4 
45 -41 
-93 -100 
-159 59 
33 80 
79 195 
186 -190 
186 91 
175 -179 
-50 16 
-78 93 
-101 -107 
181 20 
-80 -168 
-33 -79 
-7 -115 
-103 -196 
41 0 
96 62 
-127 183 
198 187 
121 -55 
-179 -14 
158 -129 
-41 128 
171 -146 
-87 -160 
20 -113 
-24 87 
-142 -18 
41 -63 
-72 -195 
190 -149 
-157 128 
-54 176 
81 11 
40 79 
-105 46 
-39 -144 
-28 -105 
-72 -190 
-43 159 
2 -1 
-79 31 
35 0 
-132 53 
-51 -50 
-165 18 
5 -19 
57 199 
20 96 
-25 145 
118 19 
-83 -170 
-55 133 
-81 -68 
181 -124 
124 -21 
-39 -162 
-63 -45 
-130 73 
-80 20 
157 -142 
120 48 
8 165 
-186 0 
-114 147 
13 169 
120 -162 
-132 64 
160 153 
73 -6 
43 145 
164 -102 
-35 6 
3 -63 
-51 -63 
-21 162 
-95 -64 
-12 -165 
-124 124 
44 129 
-139 54 
130 195 
-198 -94 
86 -159 
46 142 
-176 -147 
175 176 
-124 14 
-163 -167 
-128 117 
-120 -118 
173 -72 
156 -133 
-181 100 
-195 18 
68 -144 
-192 -181 
-129 -167 
-187 148 
120 -10 
-88 44 
191 -51 
50 -135 
-55 85 
120 24 
0 112 
-11 18 
-64 -171 
58 -195 
174 -197 
-100 -20 
-71 -193 
157 -170 
34 -70 
-46 -68 
-19 -135 
13 -191 
-64 162 
115 106 
79 185 
-101 0 
-28 91 
186 38 
172 -138 
115 94 
-165 -133 
121 172 
-185 62 
-68 -176 
-71 17 
-86 93 
-93 4 
30 104 
-123 68 
-156 -31 
-183 68 
87 -145 
-179 -127 
169 3 
9 -50 
-177 -147 
127 -179 
-156 -181 
41 -160 
-133 188 
-115 -183 
155 -157 
174 113 
182 -67 
-199 34 
159 58 
-10 -101 
56 157 
180 142 
-2 -13 
-38 -33 
-18 0 
-38 -180 
-176 -36 
129 41 
112 42 
-6 151 
-21 174 
195 -81 
-78 -178 
-37 28 
-108 190 
-131 134 
199 182 
-92 -91 
51 -8 
63 67 
197 -29 
-132 -26 
142 85 
151 143 
-146 -11 
-125 45 
197 163 
191 8 
-23 -37 
-132 173 
-107 -15 
-13 -161 
-138 107 
-61 50 
-26 18 
-4 -187 
-184 -174 
-82 -169 
-141 -123 
-99 -106 
109 -15 
-145 -160 
-78 11 
-32 -69 
-193 42 
62 -31 
-145 -64 
-57 -147 
-36 121 
-87 34 
-145 35 
-186 -93 
99 -145 
-53 42 
196 -16 
60 199 
139 97 
155 170 
-136 39 
132 90 
112 158 
30 -87 
81 48 
64 173 
-30 -32 
-117 -67 
-114 -85 
128 -50 
-23 -9 
-124 116 
34 -66 
89 -107 
130 -135 
35 60 
28 180 
32 99 
105 26 
45 102 
173 -143 
-32 112 
-86 36 
-38 169 
64 8 
127 -102 
190 -60 
-88 -174 
-53 78 
-125 104 
37 -42 
-29 -3 
-112 193 
158 -147 
-20 173 
-66 -150 
194 146 
-98 120 
-141 16 
111 36 
162 134 
-177 133 
192 -104 
28 -4 
164 -175 
116 12 
-190 122 
149 90 
34 170 
-101 174 
-62 -38 
-188 149 
89 -90 
-199 -168 
-112 -30 
131 122 
47 -114 
117 91 
-124 -37 
91 -81 
-47 10 
50 92 
20 -124 
68 181 
125 194 
74 158 
-125 18 
69 87 
-171 -109 
-135 -123 
128 35 
15 129 
185 113 
96 -185 
-121 -2 
120 -52 
91 21 
-145 -104 
-81 -75 
141 -197 
-184 -92 
-115 -141 
-194 76 
20 35 
-151 110 
-43 72 
-114 -191 
-98 91 
-166 -87 
-170 10 
191 178 
156 -84 
20 -4 
-139 -61 
36 -23 
-127 127 
35 50 
-178 -9 
37 -46 
-130 155 
-175 160 
141 48 
-103 154 
-180 180 
178 -176 
7 -171 
-149 -11 
-178 59 
99 -108 
2 -168 
-49 -145 
122 21 
-89 92 
21 17 
48 143 
137 88 
-43 -65 
89 66 
-102 87 
191 -86 
-112 -187 
82 -157 
5 -104 
-51 159 
181 -3 
155 -101 
-38 28 
-117 164 
18 13 
182 39 
-48 -179 
140 7 
142 66 
100 -145 
36 155 
-149 -111 
77 -103 
24 126 
113 -134 
-199 115 
67 198 
-49 56 
-164 -105 
-184 82 
49 149 
-143 -165 
117 -39 
41 -141 
-185 170 
-41 9 
-114 145 
146 86 
41 -52 
-78 94 
10 -187 
52 55 
184 74 
-184 -102 
-138 4 
149 -124 
110 117 
-110 -173 
104 -48 
115 -185 
90 -179 
-9 160 
-110 49 
-16 -10 
-18 111 
59 76 
190 97 
-186 -70 
68 193 
168 14 
17 -158 
-110 51 
-18 65 
85 -120 
192 -63 
134 -29 
43 -75 
86 0 
126 -70 
-148 70 
-45 -107 
197 44 
177 -126 
-158 190 
-104 -20 
-37 -151 
-25 107 
-68 86 
39 -44 
145 -183 
63 131 
169 126 
-109 19 
-65 17 
-86 103 
56 -170 
-197 189 
-135 102 
49 -127 
-143 22 
105 174 
-13 -81 
-123 169 
196 -60 
-56 40 
132 -70 
184 -168 
-196 173 
34 -30 
-104 -40 
-61 -128 
132 194 
147 -130 
168 -123 
87 -5 
141 104 
130 -105 
74 118 
-130 185 
-60 63 
189 32 
-116 -130 
-28 -141 
-179 -110 
75 131 
-128 -180 
124 -169 
-33 44 
-49 -74 
102 106 
-107 -40 
108 -10 
20 121 
-40 150 
-127 135 
-128 -92 
46 -92 
76 161 
102 -188 
76 82 
-132 180 
95 -2 
13 -76 
114 31 
-74 104 
-87 144 
-195 104 
118 47 
151 63 
-146 -185 
171 33 
44 55 
-142 -71 
-30 91 
-84 -149 
-18 12 
103 -6 
-35 73 
-132 68 
-64 70 
102 189 
135 194 
-199 -78 
82 88 
7 -61 
87 -22 
-113 -70 
-143 -131 
119 -49 
25 193 
-154 -130 
-154 193 
-197 139 
-3 -106 
-188 81 
-41 -165 
171 -137 
10 -133 
188 -135 
-163 190 
-108 -71 
47 109 
-81 -91 
-176 116 
149 -99 
193 116 
164 -181 
37 -102 
99 190 
-75 101 
-178 100 
80 132 
75 181 
29 -58 
-195 -69 
95 136 
153 -181 
129 -75 
-127 -87 
157 -32 
-136 -192 
-182 24 
175 -5 
-195 -21 
-81 26 
167 -191 
178 133 
150 -177 
129 -13 
-69 81 
26 111 
-183 -97 
3 -168 
2 24 
-20 189 
-108 -164 
-12 34 
58 -37 
115 34 
123 175 
51 -168 
-158 -168 
87 124 
96 13 
149 -126 
121 -53 
4 -64 
105 -188 
-127 -6 
-172 -9 
-192 -195 
-51 -90 
-139 19 
-150 66 
68 92 
-48 -27 
-16 -145 
-166 55 
-81 132 
-172 -157 
-44 164 
29 168 
-40 131 
-102 -146 
-173 78 
150 90 
-28 -155 
-168 -49 
-141 40 
85 31 
-200 162 
-76 -47 
118 -45 
-44 -126 
119 15 
120 -73 
178 -157 
24 170 
-22 131 
81 -190 
117 55 
125 -15 
-134 -148 
51 -170 
-192 -42 
-184 -140 
11 -93 
181 88 
24 118 
163 -163 
-30 19 
-59 198 
146 181 
-55 -165 
-111 2 
42 -90 
57 -195 
33 -200 
-17 -150 
-49 34 
-48 50 
-51 -79 
-32 177 
18 -15 
-98 86 
33 -185 
-152 -4 
75 85 
36 69 
119 -75 
-161 -56 
94 195 
-107 183 
-162 143 
89 -136 
155 -15 
-116 -100 
-53 -123 
-113 -71 
-141 46 
-85 -185 
-130 -107 
-108 84 
-30 -146 
59 -33 
-177 181 
36 -24 
-140 -124 
-90 -77 
41 150 
89 160 
153 -160 
159 125 
-85 85 
-109 26 
24 -93 
-194 145 
-104 -176 
157 65 
-154 18 
60 -130 
-192 75 
168 57 
-129 -156 
-1 109 
-7 167 
113 90 
-152 50 
140 -200 
-64 -155 
-57 -73 
-81 193 
34 90 
72 -191 
-172 -41 
-49 -35 
125 -57 
-158 133 
-96 35 
-89 -2 
-82 191 
112 104 
-62 158 
62 -112 
142 -35 
87 149 
37 -119 
-45 -4 
26 -177 
-20 -162 
-180 184 
152 -153 
-83 76 
-152 -40 
-41 -42 
-70 188 
-93 13 
-128 -168 
129 160 
-56 69 
115 -99 
-8 -30 
-94 185 
-5 53 
27 124 
44 -187 
97 -56 
-145 -12 
132 34 
-149 178 
-181 192 
-119 175 
140 -29 
-72 -140 
-35 106 
165 -79 
62 -86 
167 14 
188 -47 
-192 137 
164 -105 
151 -30 
135 -159 
-15 167 
-94 -166 
124 86 
142 -103 
-155 -64 
105 -123 
119 54 
118 -122 
157 -117 
-125 -157 
19 31 
-20 134 
60 -133 
-30 66 
83 182 
-133 142 
126 -55 
138 -89 
10 162 
-93 -44 
98 -48 
57 160 
-108 63 
124 99 
162 102 
-10 147 
-103 51 
7 -196 
165 198 
-108 179 
112 -17 
194 -17 
91 -181 
-100 100 
-25 -57 
86 116 
145 120 
163 88 
-75 -193 
-4 -189 
-59 83 
39 -56 
41 -143 
-73 45 
131 45 
111 199 
-145 187 
86 -109 
155 74 
-189 68 
-165 -55 
159 184 
79 64 
-44 -104 
163 168 
-141 -180 
19 -124 
-143 -100 
-61 26 
-131 85 
-138 147 
-182 -27 
-121 159 
-1 -34 
189 28 
92 -109 
-149 -49 
-26 -107 
-198 -159 
172 -124 
-91 -134 
92 -133 
160 -120 
110 -123 
132 175 
66 -193 
-12 -14 
-142 172 
-112 -58 
65 -144 
-178 -192 
-70 131 
-23 155 
36 -138 
147 125 
162 -5 
-138 -196 
33 -159 
59 106 
136 -143 
88 130 
-187 38 
-115 -37 
-185 -73 
157 -113 
-43 -39 
-167 -115 
156 23 
-97 -19 
-54 153 
-54 138 
117 -44 
51 -187 
13 49 
137 -50 
-159 121 
-178 -55 
60 -24 
-36 -63 
122 20 
131 41 
-60 131 
-123 75 
-143 -15 
-41 151 
-32 44 
-7 -140 
-179 -16 
-101 108 
-168 182 
116 94 
-181 128 
-146 -55 
-121 -142 
32 -38 
-95 21 
-60 -193 
13 53 
141 -188 
-31 57 
-11 -47 
15 41 
105 188 
124 78 
92 67 
91 -29 
179 -19 
-125 -94 
119 -60 
183 -147 
-159 128 
197 136 
-87 -183 
90 -195 
-152 -159 
170 -66 
-125 -126 
-175 -156 
142 -112 
-119 -48 
-7 -116 
-31 72 
44 34 
21 37 
10 178 
181 37 
101 106 
-64 134 
67 95 
197 -113 
-104 -61 
-85 -50 
70 -22 
179 -24 
-22 155 
73 14 
19 149 
-101 -86 
24 29 
-188 178 
83 -105 
-138 -129 
-173 -89 
-97 136 
-114 -59 
-37 -109 
166 -141 
-107 -112 
-148 -60 
12 -111 
-185 90 
131 20 
-161 -151 
-32 172 
155 197 
73 59 
-46 18 
-88 78 
-122 13 
190 -67 
-180 61 
-93 131 
170 -130 
-14 -139 
-77 -179 
81 -94 
-55 41 
109 -191 
-64 -151 
-147 109 
196 135 
-170 -82 
192 -67 
-12 120 
187 -103 
-24 -164 
-136 96 
103 -106 
-178 -194 
132 -130 
-98 -91 
133 189 
155 9 
49 76 
72 -107 
188 -175 
-37 -17 
113 -80 
88 21 
142 -109 
-79 -121 
69 -128 
195 -75 
33 -58 
131 -49 
99 121 
187 -126 
93 187 
113 134 
77 -142 
178 -11 
74 139 
-52 -19 
36 -109 
151 -61 
9 -115 
94 37 
-79 139 
14 179 
-12 160 
-181 -90 
145 49 
180 43 
63 -132 
-116 8 
-141 -41 
-76 140 
119 -149 
-170 -196 
-186 -11 
-136 56 
186 168 
46 -32 
-137 -145 
162 158 
3 73 
-22 37 
100 -93 
103 -141 
-120 1 
82 -90 
-49 -77 
-99 -97 
32 -79 
-31 -166 
-150 23 
-181 -189 
179 182 
133 186 
36 163 
-9 18 
-198 -47 
19 5 
-150 68 
163 -172 
-73 -21 
114 24 
-135 -16 
147 -40 
-159 -127 
-147 -58 
108 -166 
-157 -134 
-117 -18 
-101 164 
-20 -163 
42 -109 
197 154 
-29 192 
-54 78 
-192 25 
-121 185 
-178 -100 
71 136 
102 -143 
-139 -38 
50 27 
139 56 
-196 -102 
-80 102 
-183 141 
-179 188 
-89 -47 
-70 -97 
-140 -172 
130 72 
-40 -73 
5 -64 
-150 51 
23 -45 
185 -67 
-56 157 
-188 -4 
174 -39 
-118 -159 
113 -189 
42 -111 
99 -91 
-73 -136 
-72 -63 
-124 26 
33 -78 
-79 -72 
-178 80 
-58 154 
-184 75 
65 10 
-16 71 
-120 -59 
-164 73 
149 -177 
-6 -167 
-81 12 
-200 -144 
-96 -153 
-59 14 
-195 19 
-69 122 
29 -14 
-37 -100 
-197 -84 
23 31 
97 21 
-96 50 
165 21 
50 -33 
57 115 
92 -151 
-23 84 
-119 -80 
-96 64 
17 158 
136 -85 
26 24 
-67 53 
130 -171 
-31 189 
62 -83 
24 89 
-197 -159 
112 174 
-21 -18 
180 5 
93 -76 
172 144 
61 25 
43 52 
45 -186 
-173 134 
53 199 
84 -49 
171 8 
-29 197 
-125 -120 
-115 -48 
-70 -82 
-157 14 
125 -191 
-96 -168 
50 180 
-41 -88 
123 91 
-110 -182 
0 -90 
113 132 
115 -87 
128 -154 
156 18 
67 139 
-161 -1 
-27 -191 
50 3 
-137 -117 
16 -16 
-135 -1 
67 -34 
-137 174 
89 -182 
-63 165 
22 -118 
80 139 
82 -173 
71 -97 
40 -87 
9 132 
-41 -52 
79 198 
135 46 
39 -70 
-51 -183 
130 21 
69 -121 
75 -6 
86 -190 
52 32 
104 3 
184 180 
-123 2 
-100 16 
26 183 
-124 -157 
-136 34 
191 -156 
-14 164 
67 -19 
30 17 
83 8 
113 -83 
-158 -140 
68 91 
-96 -20 
179 112 
35 108 
23 -23 
-155 -159 
20 -169 
35 -15 
-71 -144 
-4 54 
-162 -196 
53 92 
-18 177 
-19 7 
-85 27 
63 130 
102 3 
-146 -75 
-140 100 
167 -157 
-136 -144 
111 113 
-54 35 
-178 39 
128 -86 
-187 192 
197 156 
133 -149 
-160 -81 
35 -101 
-145 -144 
8 -152 
-165 -155 
-65 0 
-120 12 
-21 145 
-177 -130 
-180 -138 
6 -74 
102 -51 
-159 52 
140 -4 
-23 129 
-146 56 
9 -6 
-20 -22 
50 169 
-121 -111 
10 2 
18 -32 
175 121 
-91 -194 
197 167 
-146 43 
27 107 
108 53 
-27 -136 
57 184 
130 41 
34 -62 
-29 -55 
76 -51 
-159 -140 
76 156 
10 165 
0 -192 
141 184 
83 117 
134 -97 
-5 -18 
-31 23 
5 131 
-61 -20 
3 189 
51 84 
-172 -137 
163 179 
85 132 
168 -34 
119 10 
11 -197 
-199 33 
-19 -72 
68 -29 
24 70 
-195 117 
59 -181 
-125 -189 
-170 -126 
-66 -191 
-48 103 
-114 11 
-182 180 
-45 0 
166 185 
-19 74 
-132 78 
131 16 
11 155 
-104 -189 
-59 -86 
-170 -1 
2 156 
115 12 
34 176 
46 -157 
-120 -186 
111 67 
43 1 
39 -11 
51 -172 
-111 -177 
-6 -155 
142 -163 
-189 -78 
-32 195 
-163 81 
-34 125 
-31 -185 
88 -113 
-111 113 
-187 -31 
13 9 
-58 -40 
66 -113 
-60 118 
105 45 
36 -189 
-177 -166 
109 54 
106 -130 
-78 86 
67 -136 
63 41 
35 -37 
103 -184 
-86 -117 
-140 15 
-98 198 
145 41 
-177 -100 
188 -15 
-162 192 
-163 148 
87 49 
169 146 
-188 69 
136 -119 
-70 18 
50 39 
-65 167 
-26 48 
65 161 
-24 -153 
76 -145 
179 0 
-80 -164 
69 10 
20 182 
83 135 
-96 8 
-73 2 
14 20 
-187 100 
195 185 
-42 117 
164 -139 
-33 17 
-142 -60 
92 -47 
-55 138 
-76 95 
189 -93 
120 193 
-103 -177 
-8 -60 
-71 55 
-8 -68 
-179 -24 
35 -78 
-91 -20 
195 -110 
155 86 
151 53 
-38 85 
161 164 
153 31 
77 121 
124 77 
-99 133 
156 -91 
5 4 
-184 -65 
178 -156 
-36 92 
-128 -76 
-193 183 
137 155 
-200 -74 
-154 -98 
10 -158 
-175 -169 
68 -2 
17 -21 
-28 94 
-186 122 
-95 -128 
-139 140 
-77 -115 
-78 -132 
194 47 
172 -31 
-65 44 
-198 -111 
113 122 
-123 71 
-11 -128 
165 181 
-168 191 
85 178 
-181 177 
184 -182 
90 -154 
-123 121 
4 -154 
72 22 
108 -57 
60 185 
122 -109 
143 -61 
-31 -97 
24 -62 
-76 100 
-76 60 
-82 5 
-156 -79 
30 -116 
109 -125 
6 198 
45 -177 
133 5 
58 -91 
39 157 
-96 -108 
-135 163 
168 197 
-151 -12 
-130 -142 
119 87 
-37 134 
126 -3 
192 3 
83 -131 
161 -55 
-96 179 
76 109 
4 181 
22 -29 
-59 90 
137 -196 
-166 -192 
46 131 
-199 -95 
66 -131 
33 8 
-27 -123 
39 170 
179 -116 
-196 172 
-60 117 
11 120 
59 101 
-104 -93 
27 -18 
24 165 
-128 -10 
123 133 
-66 191 
48 80 
96 -43 
91 166 
-8 109 
-35 164 
-182 -173 
-114 91 
-93 -66 
-54 -125 
110 -112 
190 -31 
27 -43 
146 -188 
43 5 
99 167 
36 14 
-145 -16 
8 59 
75 150 
-149 -97 
50 -10 
64 164 
-178 29 
58 94 
-198 165 
13 45 
-46 173 
-145 64 
3 125 
118 49 
-77 -171 
-167 7 
84 -169 
-111 79 
170 95 
26 89 
-33 -63 
186 143 
-158 -108 
18 -135 
-186 -21 
-3 -50 
8 76 
-59 29 
-78 3 
90 -149 
188 108 
-169 -91 
-2 -47 
38 57 
111 -27 
120 151 
83 129 
-17 -189 
192 -65 
-3 -121 
-76 75 
185 104 
-200 172 
-131 -133 
127 22 
-18 127 
-55 -20 
-155 148 
-177 -78 
-70 -96 
-181 -12 
96 -122 
68 56 
145 21 
-191 46 
196 51 
32 -6 
-90 81 
-68 24 
-55 79 
-137 -94 
-69 195 
178 -178 
172 -21 
-4 -37 
-66 -152 
-91 -48 
89 81 
-63 -19 
61 -72 
-121 -96 
-18 103 
-136 153 
-76 4 
83 74 
-31 66 
65 -174 
17 -133 
-185 153 
172 86 
38 -51 
191 -149 
-131 -11 
-15 113 
-34 46 
-90 54 
140 -117 
135 -121 
-27 166 
-135 116 
11 16 
178 70 
-81 -122 
-107 199 
62 168 
128 83 
172 167 
-31 -188 
90 129 
41 141 
-1 45 
83 -153 
-71 -20 
-188 -7 
72 -42 
-179 -59 
61 -186 
132 -108 
44 85 
-139 123 
43 45 
182 96 
-70 113 
132 66 
-38 -59 
-52 11 
-123 129 
-195 -107 
150 -111 
-105 -90 
-69 -33 
-106 58 
138 -153 
50 31 
88 -24 
33 -111 
19 88 
96 127 
-135 -115 
-14 -130 
-29 3 
108 32 
40 -122 
130 -93 
59 -165 
149 99 
-154 192 
-158 163 
148 -81 
84 -73 
182 65 
-140 187 
-183 -115 
39 104 
143 185 
70 -196 
-108 -94 
-160 74 
-25 161 
-22 158 
119 -37 
-83 -21 
41 -107 
-63 22 
-35 -40 
-12 -162 
148 107 
-140 182 
-135 -186 
58 123 
154 86 
-3 9 
153 67 
129 -105 
-172 8 
193 -21 
43 -184 
73 2 
-35 175 
159 -117 
-4 -51 
154 30 
-89 17 
-4 13 
91 134 
-91 44 
-114 107 
74 -15 
-40 81 
-158 -2 
-131 -193 
-193 -36 
-33 -111 
49 67 
-4 -63 
-48 -47 
-193 169 
-42 145 
-52 64 
138 45 
26 113 
161 -45 
4 139 
62 136 
-17 33 
-48 -7 
38 178 
-141 -35 
159 53 
-12 -119 
-157 -60 
-107 -91 
-166 185 
-29 -174 
-137 91 
190 -55 
62 170 
59 179 
-59 106 
14 102 
-59 77 
-74 89 
67 49 
172 8 
-198 -98 
127 -54 
-164 -55 
-52 123 
-145 -115 
132 -184 
153 -156 
-179 0 
87 -105 
70 -93 
12 -122 
54 140 
-44 -43 
26 15 
-141 -174 
83 145 
-191 -75 
61 180 
-105 159 
51 14 
-9 131 
-49 88 
-54 -129 
-165 178 
192 9 
7 -55 
-48 -45 
80 -9 
142 -167 
152 -74 
91 194 
-80 -188 
-45 134 
-104 55 
55 -158 
91 93 
42 87 
-192 139 
107 98 
-126 196 
137 196 
52 60 
-20 14 
-15 -107 
-85 51 
101 122 
-37 156 
-6 -66 
55 -64 
-93 71 
-198 161 
-46 -154 
-15 69 
75 65 
107 130 
24 138 
-39 -179 
-41 -199 
-27 142 
155 -149 
-156 25 
-91 30 
23 32 
50 -46 
173 -36 
-3 -56 
-196 -149 
-103 26 
-123 49 
-55 -37 
-136 126 
-1 191 
-15 -31 
140 55 
20 162 
156 20 
-35 -50 
39 190 
-68 28 
-109 168 
56 25 
-1 -177 
-131 -152 
-92 61 
-186 -122 
-10 -38 
129 -40 
-66 148 
-161 -9 
151 -57 
3 -72 
138 39 
21 129 
-11 78 
113 -53 
-190 69 
127 133 
38 -77 
180 -123 
169 -116 
85 -94 
55 148 
-87 -85 
196 -58 
-112 -64 
-122 -191 
-153 -65 
56 -54 
130 -178 
-67 15 
191 -80 
-192 -148 
-112 76 
36 -72 
129 144 
23 73 
-170 -160 
-132 -190 
-118 47 
-47 159 
40 -153 
76 -168 
-17 -43 
-86 168 
-68 160 
58 -48 
-83 109 
26 -56 
-119 -154 
124 159 
-51 132 
-18 -49 
-34 -129 
-24 -9 
58 -166 
-179 138 
-167 -63 
189 4 
18 19 
-23 26 
5 72 
108 132 
61 -104 
-167 -48 
-53 133 
49 191 
107 80 
137 -195 
-4 -64 
-82 46 
-64 -130 
-198 182 
-191 -46 
83 128 
140 -48 
-6 193 
-173 187 
24 -177 
183 -94 
6 124 
139 20 
-194 191 
-166 -78 
-85 -130 
75 83 
-77 195 
147 -68 
-27 -12 
-171 -157 
54 -190 
192 -49 
-38 15 
-13 -64 
26 194 
43 -36 
56 147 
-77 -131 
175 192 
-135 198 
198 1 
-102 108 
151 -139 
144 -168 
18 36 
-43 142 
179 78 
84 58 
-190 76 
-52 -166 
-3 52 
-199 -44 
40 109 
-6 100 
-200 98 
-192 -40 
47 39 
110 -61 
170 43 
76 197 
-19 34 
-58 -146 
20 188 
-113 -160 
-17 -155 
-172 -23 
-114 -198 
129 10 
10 184 
131 -139 
185 -88 
117 -121 
161 178 
155 -55 
-104 -76 
-33 -54 
-135 86 
36 -38 
193 -192 
106 159 
169 153 
32 23 
-87 -122 
165 144 
-61 -170 
31 94 
144 -99 
151 92 
140 -172 
180 -14 
-147 146 
22 -98 
-188 1 
27 -181 
102 161 
170 -183 
-111 -135 
142 -130 
9 -35 
144 109 
-89 35 
-95 -117 
64 -76 
169 129 
175 10 
-13 -115 
16 -15 
153 -149 
72 183 
-35 -90 
30 -97 
-197 5 
103 -105 
45 108 
38 74 
189 160 
79 -190 
-92 -38 
-39 163 
-68 -159 
94 -78 
66 -142 
0 -168 
-97 -121 
158 -67 
-114 95 
-191 -200 
4 -90 
30 -134 
-128 89 
-123 -104 
123 -27 
-152 -80 
-45 -84 
-107 -85 
74 53 
-7 175 
-106 -64 
-188 -195 
-199 130 
191 86 
100 198 
-162 180 
-56 -146 
125 -108 
-105 147 
-200 196 
97 -27 
149 193 
183 -182 
163 -118 
11 -72 
40 166 
40 27 
91 163 
-81 -77 
-176 156 
44 50 
-172 80 
170 -154 
-145 -112 
-74 81 
190 37 
-25 23 
-89 -145 
-181 187 
7 74 
-34 139 
-79 -145 
121 -199 
-6 78 
198 -89 
-197 -67 
146 -173 
93 -96 
-128 -111 
153 -195 
-179 -161 
162 -175 
185 197 
-181 52 
-149 71 
-33 60 
-37 -61 
-148 80 
-29 -164 
-41 -58 
90 -151 
84 154 
-60 -174 
23 -1 
68 185 
68 -50 
-14 -163 
135 -10 
150 -141 
-71 -32 
-52 62 
-165 145 
143 54 
160 198 
59 -3 
-159 68 
5 27 
-196 -184 
164 20 
-200 28 
115 -112 
195 76 
159 134 
-157 7 
-40 48 
35 32 
8 178 
175 -123 
182 95 
146 194 
-142 56 
116 112 
-192 -124 
-130 142 
170 154 
-61 -196 
50 -81 
-170 -161 
143 187 
183 42 
-154 -26 
144 134 
-195 -124 
185 -37 
-46 66 
60 -187 
7 -91 
14 -18 
-8 102 
-124 -117 
168 -119 
69 -130 
-191 129 
164 -14 
-4 -102 
-17 -36 
-35 -84 
95 90 
89 98 
59 -79 
-76 73 
49 188 
-132 16 
-34 -28 
132 183 
41 175 
-8 63 
90 85 
136 -56 
-10 -1 
-140 18 
164 30 
-40 184 
78 -103 
-35 109 
21 -40 
61 -155 
184 118 
-12 32 
-108 59 
-61 118 
48 -129 
-126 173 
-125 -145 
51 -83 
181 -139 
167 -66 
59 113 
189 -184 
-185 26 
44 128 
132 -166 
164 9 
-184 -162 
-186 -152 
-152 31 
-112 -178 
32 -164 
188 131 
12 196 
-19 -170 
35 93 
-84 147 
100 150 
-75 -44 
96 156 
80 64 
173 -158 
-122 134 
137 -193 
-128 21 
-156 5 
57 -156 
-68 -172 
-101 -157 
195 -132 
138 -59 
-52 167 
-79 110 
-106 -37 
164 -104 
-24 102 
98 81 
-139 -119 
-95 -65 
-198 -42 
117 134 
-28 62 
55 -74 
34 -129 
-101 144 
195 -122 
83 112 
6 19 
-191 -53 
13 139 
13 -32 
152 67 
119 34 
-64 139 
-97 -14 
98 -101 
160 -75 
194 58 
-39 132 
82 -92 
-97 -169 
83 52 
64 174 
-108 -171 
-84 -67 
-75 -50 
89 -46 
74 -174 
-149 -85 
-58 -2 
6 173 
123 -172 
-165 -24 
-45 52 
116 -67 
-53 -152 
146 6 
-136 161 
148 31 
111 -164 
112 -187 
86 12 
181 14 
119 -192 
66 -35 
-97 -119 
159 -128 
-175 -6 
-32 -79 
59 -16 
-56 -25 
-113 -156 
-119 97 
194 -94 
-64 -59 
134 42 
59 49 
-113 -154 
50 131 
111 -158 
108 -94 
-19 -50 
3 -84 
17 -145 
21 86 
160 -140 
6 -89 
12 -44 
-180 14 
198 -22 
-156 -177 
66 53 
-39 44 
109 138 
-85 -73 
-119 24 
-134 -22 
42 -1 
-19 -137 
-167 -30 
155 -186 
-79 43 
-94 127 
-7 -61 
11 179 
178 30 
14 62 
-19 171 
191 164 
51 19 
-61 3 
-126 -50 
185 -187 
-111 170 
100 169 
15 -133 
-110 2 
72 -134 
55 -138 
122 -111 
-83 130 
-191 -47 
184 69 
91 -147 
78 -31 
-160 103 
134 158 
112 -127 
-130 74 
-82 -141 
-124 -142 
-98 167 
123 66 
-129 130 
52 -58 
4 163 
-133 -103 
126 45 
85 -79 
28 -2 
-140 -162 
-9 -76 
-71 -99 
-73 18 
-185 29 
49 28 
-172 -48 
-45 149 
65 -153 
134 14 
-13 -34 
95 -44 
-156 -172 
53 86 
131 159 
-129 -136 
-139 -78 
-58 50 
90 23 
168 -62 
142 -76 
49 198 
163 -67 
31 84 
-132 -153 
66 167 
36 -162 
143 -30 
-123 -74 
-193 64 
-117 -189 
-93 34 
81 159 
-18 62 
-153 -1 
158 -109 
160 119 
-198 -24 
3 134 
134 -34 
120 166 
-89 -88 
92 170 
47 141 
159 -22 
36 3 
189 -172 
-82 79 
-193 -7 
-200 188 
180 92 
65 -199 
95 -134 
94 -116 
31 -92 
-39 196 
-183 -69 
151 11 
199 -78 
-17 -188 
-49 -125 
-145 -6 
-168 -104 
-113 80 
29 135 
38 171 
-199 -180 
194 38 
-93 97 
5 123 
-127 -109 
-78 -130 
-162 -134 
-32 89 
51 42 
-21 -17 
-197 119 
-40 54 
158 174 
-184 -177 
-25 183 
-18 30 
181 21 
171 -29 
154 -80 
85 -136 
-164 -107 
189 8 
-180 64 
192 -108 
-52 17 
78 -39 
-177 15 
34 -154 
6 121 
-109 -108 
10 133 
-62 178 
143 -31 
-107 -195 
176 -153 
156 -186 
45 172 
144 47 
-92 -17 
144 -173 
111 -70 
-2 106 
197 138 
-24 119 
-60 146 
-151 -200 
1 166 
32 -180 
124 -200 
145 149 
160 -22 
190 -155 
-110 68 
-66 -49 
-46 122 
5 39 
122 26 
37 179 
-55 -38 
-2 51 
-200 -85 
187 -84 
-91 -120 
-157 -164 
-163 40 
-21 -176 
56 -142 
97 87 
-11 -135 
192 -29 
183 -86 
35 -154 
151 -70 
140 -183 
131 -22 
191 -108 
142 -187 
-42 -30 
27 16 
-195 -12 
138 122 
150 127 
-14 -164 
191 100 
9 -79 
187 -22 
30 75 
75 -67 
-58 11 
20 -160 
-47 15 
-50 69 
-71 119 
137 62 
-82 -176 
108 -51 
-83 26 
181 39 
-126 -39 
143 -174 
-158 -106 
158 68 
61 -113 
130 -182 
130 150 
-30 70 
98 78 
-145 168 
80 -189 
-72 47 
-119 -5 
-40 -184 
-46 41 
144 54 
198 -185 
84 97 
63 178 
-97 8 
40 70 
-85 -56 
139 27 
120 7 
122 -72 
-58 81 
-126 -145 
64 -129 
-68 -50 
-12 -109 
-12 20 
-65 -74 
-121 61 
7 111 
-158 60 
-93 21 
145 -57 
-144 -153 
-129 35 
-142 117 
36 -153 
48 -6 
-172 139 
-56 55 
-40 -193 
-1 -91 
-196 52 
73 162 
-10 -187 
113 53 
107 136 
84 -163 
-142 42 
57 129 
-65 101 
17 -188 
119 141 
150 66 
150 -69 
143 -130 
-162 199 
113 -153 
56 47 
-10 -96 
111 -64 
-113 -173 
45 43 
-57 -129 
-20 180 
-40 -4 
190 105 
82 -154 
-97 -7 
104 77 
166 -38 
36 -174 
195 153 
86 -128 
168 -66 
56 -145 
164 -177 
-168 20 
123 -80 
-89 33 
86 147 
185 91 
-142 71 
-185 -115 
174 77 
-87 106 
161 -191 
-65 164 
101 -106 
-111 80 
-63 -83 
-2 -126 
-75 112 
27 74 
-167 -56 
27 113 
-151 -171 
131 -173 
30 -123 
-73 108 
-132 -134 
-27 88 
169 -117 
85 -90 
102 107 
180 -36 
172 -29 
-28 -67 
-60 42 
-167 29 
-166 -188 
-54 105 
-121 123 
-7 -79 
92 94 
-115 -125 
33 -16 
23 10 
31 142 
-172 -59 
-60 -97 
188 195 
-140 142 
-71 -60 
175 -149 
6 -85 
162 -49 
132 -34 
-43 46 
174 20 
84 170 
79 53 
-152 179 
115 17 
158 162 
28 132 
-29 -81 
-115 145 
-127 48 
-164 176 
60 -57 
72 79 
-168 95 
-69 133 
55 191 
-18 -65 
85 -134 
153 191 
-191 3 
74 91 
-87 -114 
109 -84 
-120 50 
188 -103 
-91 -69 
138 -174 
-15 5 
129 -97 
-7 -55 
104 -108 
-124 169 
140 145 
137 127 
192 -162 
-62 7 
-79 11 
100 126 
-124 -164 
121 25 
51 40 
46 -21 
160 73 
-103 -79 
12 -186 
143 -105 
-155 -158 
77 -8 
75 13 
29 -96 
116 29 
198 103 
157 173 
-65 84 
-34 20 
-158 169 
-81 -187 
154 11 
29 -189 
42 -162 
-68 156 
80 140 
-9 -98 
-82 -181 
163 38 
-139 -117 
81 -127 
-7 9 
147 67 
181 182 
-34 -192 
-141 132 
188 -192 
75 130 
-55 -166 
94 -90 
-18 27 
105 -163 
-156 19 
-113 150 
128 -4 
6 -45 
197 -53 
-166 -171 
80 -102 
48 26 
88 -181 
155 142 
47 -90 
-115 -160 
91 -121 
-10 -78 
160 -9 
32 102 
146 -45 
56 163 
140 -168 
13 -86 
-16 -159 
130 -82 
-166 86 
-186 19 
-27 79 
-71 -189 
191 18 
190 166 
57 -172 
-168 -15 
-74 74 
-188 67 
138 25 
-199 -177 
145 100 
31 -113 
-16 45 
-147 -132 
-129 194 
158 175 
-107 -42 
196 84 
4 -188 
-101 39 
-107 101 
86 33 
-140 -116 
181 -43 
-66 56 
-52 -151 
49 21 
48 -133 
-167 105 
-31 -45 
-18 -104 
-63 152 
-165 4 
61 -127 
-1 -173 
-124 56 
-32 82 
129 145 
-96 -39 
47 77 
-28 64 
168 31 
96 51 
73 144 
28 -78 
-109 188 
106 91 
164 24 
-120 -123 
-53 -24 
139 55 
184 -142 
-131 -3 
35 165 
42 -74 
150 -128 
71 -138 
-7 -15 
187 -145 
24 -162 
-8 110 
-153 119 
144 -83 
66 -18 
111 54 
-90 -129 
-151 -31 
143 -37 
-166 149 
136 -147 
-176 121 
138 -95 
195 -16 
-33 -188 
-173 -171 
-98 37 
-154 127 
-12 -88 
79 -163 
103 -134 
-103 12 
-90 122 
34 108 
-14 13 
109 -153 
79 16 
-56 -189 
150 87 
69 15 
107 -9 
83 -160 
12 122 
140 13 
-124 -10 
-167 -28 
87 185 
4 -20 
-23 -44 
143 -176 
-74 -124 
24 -171 
-64 175 
115 -110 
-62 -133 
-2 -88 
31 132 
-105 8 
-130 184 
55 12 
-16 -98 
-90 29 
45 -106 
8 173 
-95 -119 
-58 127 
98 -102 
145 138 
-175 -15 
48 35 
-87 -139 
-130 84 
-86 190 
-42 -29 
128 -147 
-127 163 
-25 -76 
-55 131 
-150 82 
-26 155 
-157 -91 
-147 -3 
-191 30 
0 -145 
17 92 
-166 -116 
23 -161 
-51 -193 
-6 8 
-170 -113 
-73 109 
118 -32 
110 -163 
-194 -170 
121 -14 
-36 -157 
111 5 
54 9 
-131 -200 
42 -152 
38 188 
-83 -87 
81 -80 
55 -169 
59 -162 
-76 151 
-168 -179 
-122 159 
51 152 
69 196 
-140 50 
-157 178 
197 125 
-176 -1 
-23 190 
166 -52 
-190 54 
-21 -135 
-140 -180 
-176 -107 
38 -8 
180 -24 
46 155 
133 172 
62 194 
193 -64 
-151 -117 
-73 44 
146 -15 
142 109 
-47 -82 
64 -159 
-9 121 
26 -57 
34 -162 
49 -40 
41 98 
-141 -77 
193 -196 
3 140 
57 75 
-123 39 
82 176 
-83 -86 
133 -133 
-194 -58 
-40 183 
56 73 
18 -60 
184 -192 
-197 -4 
193 -52 
119 171 
-143 -87 
-40 -144 
-136 -34 
-190 169 
89 67 
92 167 
47 -59 
-4 16 
119 102 
-146 184 
183 55 
-86 135 
159 15 
152 99 
30 -147 
-48 172 
-38 -78 
-191 -135 
63 -21 
-175 25 
-138 -172 
16 27 
52 -103 
55 -37 
15 -171 
-190 34 
97 -100 
195 69 
