-30 50 
4 -38 
37 77 
-177 158 
47 76 
-39 137 
-65 174 
-189 37 
172 112 
33 164 
-7 110 
-182 25 
41 -9 
171 -52 
129 -75 
-7 97 
-132 -86 
69 157 
131 85 
-22 149 
18 27 
198 165 
60 13 
-153 13 
5 130 
-191 -95 
-184 -114 
-112 89 
159 185 
39 -100 
-174 -115 
109 -66 
-124 143 
138 11 
178 -111 
-60 -62 
-186 169 
-28 -183 
192 142 
183 -30 
157 7 
-162 -135 
-67 -169 
83 22 
129 -68 
84 -154 
152 191 
96 -107 
-134 -121 
-147 105 
95 -45 
181 150 
-88 15 
133 -113 
-171 124 
57 153 
20 62 
119 182 
73 -193 
31 -78 
141 -100 
-13 -112 
-73 -143 
-147 -102 
35 -45 
-105 63 
-178 111 
-131 -46 
37 16 
114 36 
55 162 
71 197 
106 -108 
152 189 
-107 180 
-152 118 
20 -31 
-169 -73 
-180 74 
162 13 
124 -102 
-97 165 
-34 138 
162 -67 
30 97 
-2 -109 
-10 -192 
41 -173 
129 82 
-7 -13 
-197 -136 
-67 -95 
7 -26 
-83 -158 
113 -139 
107 36 
133 7 
173 11 
5 -164 
89 -142 
8 176 
174 -103 
-157 114 
164 -139 
-89 164 
-95 -1 
132 58 
177 -31 
-83 5 
142 -10 
66 82 
-44 -105 
-45 -152 
-73 -98 
-78 47 
-188 45 
25 -96 
34 -175 
46 124 
13 -181 
-117 63 
193 -56 
30 -140 
86 15 
160 182 
-168 45 
121 46 
2 80 
184 -26 
57 -31 
162 -58 
-199 135 
-19 -147 
-22 116 
-16 -55 
69 193 
32 -85 
36 5 
167 -20 
28 88 
194 -188 
-32 133 
-99 73 
-2 112 
0 12 
-93 197 
130 55 
108 -40 
76 -143 
157 152 
10 -55 
-150 95 
-5 55 
-3 -48 
-132 189 
-21 7 
60 -72 
64 -75 
188 -22 
4 182 
-196 6 
-61 41 
33 162 
-188 -167 
108 -132 
53 178 
51 161 
-80 40 
-44 -47 
192 -56 
192 93 
170 19 
-116 -126 
-131 -39 
61 133 
-14 -132 
90 184 
73 -189 
-146 -93 
22 -169 
186 39 
-29 183 
145 94 
-169 25 
5 -76 
-142 76 
67 7 
-165 198 
44 120 
134 130 
-86 163 
-150 119 
-128 -13 
110 139 
-168 160 
-134 -165 
-14 -83 
-188 -34 
0 80 
159 93 
55 128 
50 93 
31 -36 
-175 66 
161 39 
133 -179 
34 113 
40 -87 
114 -162 
-46 -74 
-53 63 
-141 86 
-75 162 
-97 76 
41 51 
-148 63 
161 -143 
-66 3 
-49 196 
-62 -182 
107 180 
159 39 
-7 21 
48 -98 
68 27 
-28 164 
-160 55 
-30 171 
65 -172 
161 -192 
174 -7 
110 -5 
-169 61 
104 -26 
96 113 
-52 128 
106 69 
-38 -104 
158 -167 
91 68 
47 -78 
3 32 
58 -124 
106 36 
77 -171 
150 -183 
-140 -69 
65 -100 
113 -48 
-47 147 
120 -188 
-104 -33 
-183 -35 
-63 -184 
134 138 
166 77 
-114 19 
-126 87 
-14 -171 
-55 144 
-22 -154 
-181 156 
160 -17 
-12 71 
136 9 
-93 17 
-57 168 
-78 -187 
-196 -140 
16 -104 
156 -129 
-139 159 
23 -70 
41 195 
117 105 
-141 -195 
-157 119 
86 -81 
-77 145 
-78 109 
-99 36 
144 54 
-64 178 
11 66 
37 107 
-180 113 
170 -147 
-72 -105 
55 98 
-91 -157 
-121 54 
164 131 
-12 19 
196 131 
178 -61 
71 -164 
-200 -48 
106 -133 
-61 28 
-4 8 
-161 39 
149 122 
35 -70 
33 35 
-194 -26 
-137 -104 
49 -170 
114 -110 
-180 31 
147 68 
-153 84 
1 42 
104 106 
171 -104 
-177 -72 
-171 18 
-33 69 
56 131 
-170 64 
-185 -199 
-35 -124 
-54 91 
-7 -26 
-90 -168 
-163 -77 
156 -20 
-158 46 
-100 -129 
-162 -23 
132 169 
3 86 
7 95 
45 -112 
135 15 
84 69 
-80 -178 
-180 -146 
-81 -74 
108 -82 
-138 45 
-172 -199 
159 139 
-24 85 
52 173 
-94 187 
36 -72 
-37 -167 
62 -150 
-30 -78 
-91 -30 
136 181 
-109 0 
-176 68 
128 167 
179 101 
-156 -160 
93 -117 
79 -171 
-32 -51 
2 1 
97 -85 
-57 111 
113 -179 
122 -73 
-31 -17 
91 -66 
-177 169 
-8 31 
-97 -48 
-188 131 
-66 -108 
-121 -152 
-95 -94 
-119 70 
-142 -20 
89 -27 
65 -2 
-127 129 
27 -147 
168 96 
-150 -182 
178 139 
-156 -162 
-15 143 
75 45 
-22 63 
61 84 
-143 -99 
47 115 
-17 123 
-54 -146 
-36 -78 
177 -159 
38 196 
149 189 
-10 -52 
-193 -103 
-68 -26 
176 -122 
69 -98 
-47 -30 
151 -86 
107 175 
-167 -75 
-137 -79 
45 8 
23 -146 
-38 -43 
-119 122 
123 166 
173 -70 
-118 62 
136 88 
116 -80 
30 144 
-93 -101 
56 165 
-9 -130 
13 59 
77 -97 
143 42 
12 135 
123 13 
-124 -183 
-188 49 
189 -46 
-134 -145 
-173 34 
137 -197 
-114 65 
171 -133 
66 -5 
-76 -124 
11 36 
-186 -127 
-65 -122 
84 43 
90 35 
159 171 
-195 175 
28 -40 
-172 -142 
-89 21 
-18 -79 
45 194 
-120 -40 
69 79 
-198 -30 
-106 -199 
-182 -6 
-14 -58 
26 170 
-71 101 
34 -126 
74 193 
115 63 
-90 143 
-70 37 
-13 140 
-134 76 
-109 -88 
-183 -124 
-39 -66 
-25 -122 
191 -85 
-188 -46 
178 191 
176 76 
-197 70 
-50 114 
-199 -192 
137 192 
-139 -102 
130 98 
23 94 
-122 101 
-122 -95 
-159 -176 
3 -172 
-181 -16 
-80 143 
112 -41 
179 190 
-48 -165 
-24 133 
-173 -26 
-61 -171 
-178 199 
-65 31 
4 -100 
44 -2 
-150 -2 
-176 -49 
-141 -54 
-192 -15 
148 -197 
-6 65 
132 -9 
-17 -56 
-173 -95 
-137 -61 
-34 -60 
-172 42 
60 -59 
-171 133 
-182 -90 
-156 86 
-183 63 
-35 -100 
11 -34 
-63 -110 
49 -124 
-76 122 
-109 114 
87 -9 
43 123 
84 151 
166 79 
-111 -189 
-37 -92 
-186 60 
50 -115 
-70 91 
-32 -7 
59 5 
88 139 
-54 -29 
141 53 
88 -176 
125 6 
24 -113 
-157 -112 
125 191 
78 -106 
-170 40 
-145 165 
9 -20 
-16 183 
60 64 
-4 70 
-169 32 
-117 148 
135 -177 
-22 144 
-48 -28 
62 -45 
87 -50 
170 44 
-56 113 
145 36 
132 -28 
166 -102 
-194 -200 
-12 -35 
-73 106 
-44 115 
31 17 
70 112 
-136 -57 
-26 181 
-14 160 
-152 134 
-21 -195 
86 -12 
83 174 
63 77 
-109 -87 
12 -71 
166 25 
-36 -162 
136 73 
-2 -33 
104 -115 
-68 65 
167 179 
-30 15 
22 9 
19 -120 
56 158 
82 -35 
-119 -169 
80 52 
-19 45 
-138 -90 
-157 81 
141 63 
-139 -120 
-106 126 
-164 -185 
179 -166 
-155 -90 
137 -47 
-182 -14 
-80 -83 
163 -59 
-61 -44 
68 -100 
68 -130 
-133 -155 
148 146 
-190 -154 
-99 -192 
24 194 
-99 114 
-87 -158 
-123 17 
-64 -139 
-171 -143 
65 119 
-139 -167 
-135 -51 
-192 175 
138 149 
-147 83 
-147 21 
-17 -148 
-25 192 
175 -190 
-177 -164 
-85 -74 
-142 -62 
150 -66 
-126 -88 
119 68 
-184 -45 
-142 101 
-108 -35 
-163 -105 
65 -108 
43 191 
-131 165 
147 -22 
-181 -177 
86 -136 
-141 22 
78 41 
60 138 
10 199 
170 -52 
76 13 
-6 -92 
-162 178 
-171 192 
121 -75 
-109 -44 
-110 -198 
155 154 
161 40 
162 87 
102 -23 
188 68 
118 -189 
82 88 
-184 -34 
-69 77 
114 128 
-123 35 
-182 148 
-98 15 
155 -129 
-95 38 
-174 -181 
-18 -156 
186 -73 
137 36 
-6 -68 
-36 -119 
87 67 
91 -105 
26 -179 
-127 18 
70 -126 
116 -155 
99 -157 
183 184 
-97 140 
-28 -87 
137 -45 
193 101 
-152 66 
-57 -78 
83 -18 
161 -29 
9 -27 
27 8 
-29 -196 
105 80 
-169 148 
-32 177 
18 -105 
160 21 
-116 121 
-80 20 
11 -91 
65 14 
-124 -126 
125 166 
-137 -183 
119 71 
160 -29 
-108 -168 
-57 -166 
146 192 
4 128 
-192 86 
-9 -123 
46 -16 
-17 -197 
-6 56 
47 31 
52 -78 
-157 13 
92 -128 
-39 35 
7 34 
-115 -11 
5 -197 
74 166 
-181 -75 
-34 -161 
-17 86 
25 92 
-98 124 
-96 -39 
108 -138 
30 -85 
29 -146 
50 -63 
-24 -113 
123 -125 
4 62 
113 72 
10 112 
176 -2 
57 143 
-118 -156 
-55 80 
97 -106 
-85 25 
-126 123 
-143 38 
-127 73 
-63 -168 
-21 149 
117 -81 
-72 -12 
-185 183 
53 -61 
-131 -129 
91 -112 
196 43 
-123 196 
-175 -164 
19 155 
-19 139 
71 172 
157 -96 
-31 -54 
74 161 
-79 -99 
183 23 
129 -127 
-170 -61 
107 23 
-101 -163 
22 -83 
-115 -161 
1 -58 
-128 -16 
-24 -160 
-23 -59 
59 38 
-171 -98 
75 177 
-176 1 
-143 31 
50 -81 
-75 -47 
162 169 
-67 180 
12 80 
-155 196 
24 -124 
110 -139 
-174 -150 
-13 -21 
-92 110 
126 60 
149 34 
-168 84 
-147 -39 
-73 -200 
-145 153 
165 -47 
103 -61 
6 20 
-28 -171 
-11 116 
-58 -121 
79 94 
26 72 
81 -161 
116 -70 
63 -168 
-182 -179 
-163 -64 
-119 46 
103 16 
-95 -12 
-184 199 
-189 -100 
-159 -175 
144 24 
-86 -4 
-43 137 
7 160 
156 179 
-87 135 
-143 75 
77 -169 
-173 49 
-145 40 
-10 173 
-194 -79 
-193 116 
-175 13 
-103 68 
-88 -112 
88 -67 
-25 -21 
-10 40 
-189 -163 
-73 -70 
-187 151 
118 2 
27 -193 
168 -9 
170 102 
-200 -135 
-181 -7 
-137 144 
-33 9 
59 -94 
139 -128 
-116 126 
-124 -197 
17 173 
197 160 
-164 98 
84 -186 
-22 45 
107 109 
-165 169 
-100 -137 
-161 139 
-61 78 
-17 -27 
-113 -71 
49 -104 
131 -24 
-85 -27 
10 36 
-89 156 
-55 -122 
173 -102 
34 -3 
-136 -82 
138 186 
-15 87 
173 192 
-195 -6 
-103 123 
20 88 
87 -165 
-45 -164 
-14 -184 
87 -142 
47 158 
-111 -200 
196 86 
126 -17 
6 -150 
-86 170 
39 124 
-6 -12 
-169 -180 
-199 136 
-118 -190 
-133 168 
189 -90 
13 -46 
-146 -171 
182 -18 
-48 160 
-125 76 
34 112 
84 12 
-126 -102 
-100 -107 
-191 0 
171 72 
-109 126 
-119 107 
-96 -31 
-150 181 
97 159 
97 -42 
-127 34 
166 -103 
197 121 
115 113 
-113 -169 
-172 -69 
-173 -94 
128 -91 
80 -193 
51 -37 
151 54 
65 147 
-40 183 
-195 -24 
167 149 
-68 19 
118 181 
-193 -181 
-184 8 
-107 -62 
0 72 
56 -87 
181 75 
-184 192 
-24 -144 
-141 116 
-146 -11 
-38 -192 
-167 -110 
77 -113 
-119 182 
181 132 
-118 -77 
-23 22 
-97 39 
15 24 
117 -41 
-102 -93 
177 -2 
-36 70 
-20 -130 
128 185 
-56 -31 
-59 26 
189 103 
51 149 
-189 177 
-171 187 
-3 -27 
183 -74 
-129 178 
-8 -163 
29 -29 
-118 -40 
146 -115 
79 67 
-126 67 
-71 22 
-138 106 
125 20 
-98 -68 
135 -169 
106 56 
135 122 
120 35 
-90 105 
48 133 
-131 -45 
53 -146 
-151 46 
-100 -61 
192 170 
46 97 
-110 26 
112 13 
69 179 
127 140 
46 108 
-65 -31 
-139 -33 
98 -114 
-79 18 
180 88 
