89 160 
141 -165 
47 -37 
92 -84 
163 -121 
-7 19 
101 -59 
129 196 
-138 -76 
187 -153 
-77 -64 
-100 -92 
129 -148 
-6 66 
-84 128 
109 -144 
-12 146 
19 -122 
6 0 
-86 -11 
-146 168 
-158 138 
175 23 
-146 -129 
101 182 
-186 -107 
132 -102 
-161 23 
106 -70 
-32 -149 
-123 191 
-190 -73 
47 -173 
177 95 
-174 -26 
54 80 
125 32 
-55 -18 
-95 -78 
-122 77 
-77 -114 
35 147 
120 146 
162 188 
76 -2 
18 -132 
-112 68 
-78 100 
95 8 
-121 -200 
150 176 
-135 148 
-184 172 
-148 36 
20 195 
55 -35 
-71 -101 
-151 4 
-111 -75 
14 -102 
-20 7 
103 56 
197 -114 
-77 54 
-122 20 
-63 -150 
155 -20 
-54 30 
-75 76 
-98 72 
192 -104 
-144 181 
16 180 
-44 7 
90 -56 
175 168 
148 -62 
118 116 
0 59 
113 -134 
-55 155 
169 50 
168 -50 
-115 -8 
196 -18 
-170 114 
63 62 
-12 34 
186 136 
-24 -69 
-147 -60 
-114 -180 
31 80 
-91 -85 
146 142 
196 112 
-24 -19 
69 -112 
44 -2 
-111 -55 
184 -131 
-16 168 
-22 -61 
-31 -185 
-9 -50 
150 -151 
-80 74 
-59 168 
61 -161 
-175 81 
33 -177 
198 -21 
-139 188 
-69 39 
-59 -41 
-103 -73 
15 197 
96 76 
106 -98 
-166 -187 
78 -53 
-49 -104 
26 -36 
140 -55 
-158 -92 
-97 152 
131 191 
184 104 
-66 198 
181 -148 
-31 -116 
-44 28 
42 60 
-65 197 
-26 52 
-89 -42 
137 -20 
87 50 
181 111 
59 29 
36 32 
24 -155 
-186 -113 
-121 135 
-149 78 
74 -186 
36 -182 
178 -122 
189 -86 
-129 132 
37 133 
-98 157 
118 145 
188 20 
-6 -103 
50 -155 
-10 199 
-148 132 
77 -184 
-184 -13 
-105 -70 
130 0 
9 131 
-172 178 
-2 -61 
195 -19 
63 157 
193 -129 
-1 136 
36 -76 
-136 -26 
-161 -182 
36 26 
196 64 
185 42 
84 -101 
-115 133 
25 -141 
-170 -161 
-85 37 
-91 -182 
-29 -66 
82 -74 
73 70 
43 33 
59 -117 
-146 82 
-111 -2 
190 24 
-7 -70 
181 -95 
115 -122 
172 159 
159 -123 
97 43 
92 153 
40 35 
139 -82 
153 -51 
199 3 
0 29 
-7 -42 
-187 159 
-128 68 
149 17 
-164 188 
-118 153 
-99 -3 
-151 -155 
53 -87 
137 125 
120 168 
-126 189 
8 -104 
150 194 
-60 -81 
93 -60 
175 -178 
-129 -193 
38 -46 
-26 5 
-14 53 
136 -66 
106 -59 
96 -157 
-129 -146 
-60 -115 
-40 -15 
-112 -59 
-194 59 
-85 111 
77 99 
-32 -195 
-87 -192 
33 171 
91 -87 
-97 10 
-32 -26 
2 117 
111 128 
-196 -188 
126 -121 
-82 163 
-144 16 
185 -74 
13 33 
1 30 
30 -155 
175 20 
-155 3 
10 -28 
180 -176 
46 66 
-78 120 
48 146 
-176 -64 
91 -153 
85 152 
107 58 
41 139 
164 -101 
45 -130 
197 -25 
163 -97 
102 -54 
-52 152 
-111 127 
44 -178 
52 -9 
194 35 
-85 85 
94 -157 
-123 142 
91 -95 
40 -92 
125 -76 
-98 -85 
-150 83 
172 184 
21 142 
80 40 
71 16 
121 -30 
-82 158 
112 18 
-166 194 
79 -14 
110 -170 
75 -96 
-106 127 
170 -35 
-135 114 
194 -167 
111 40 
-113 70 
90 -18 
-134 -156 
179 -49 
-77 -104 
-53 82 
199 142 
-134 -84 
11 190 
-177 10 
-193 54 
-21 167 
40 -146 
129 -186 
-132 106 
-121 182 
51 -27 
141 -141 
-133 -43 
171 192 
-103 59 
-187 -14 
154 68 
59 -73 
156 -71 
-167 161 
74 -127 
-128 -91 
-15 -30 
-45 121 
199 19 
56 -92 
112 133 
26 -4 
149 25 
-154 145 
-200 -139 
47 102 
-196 117 
76 119 
-134 65 
95 -111 
89 -143 
182 40 
-39 173 
7 26 
-138 -55 
-8 43 
-57 -114 
-20 54 
-23 -171 
-112 -92 
153 99 
56 155 
12 -41 
74 -52 
-135 195 
165 -36 
-51 29 
63 -39 
-42 161 
55 -183 
117 -114 
115 -83 
44 -14 
-20 -64 
-81 -106 
-23 -62 
73 -56 
-184 -23 
-153 40 
-152 43 
-161 3 
-144 -182 
30 -76 
-78 -180 
-188 7 
-116 -154 
191 -92 
199 -115 
157 -193 
176 198 
140 172 
106 -159 
103 -178 
13 -153 
98 -189 
-140 90 
-19 -53 
194 46 
-135 182 
-95 -169 
43 -3 
-114 -117 
-50 13 
-33 -133 
-21 -91 
25 71 
-178 -7 
184 -170 
-8 -45 
62 -94 
-174 -99 
167 -21 
140 -75 
-162 -110 
192 146 
-46 112 
-152 -147 
20 -71 
-138 92 
-109 173 
-164 104 
-75 191 
31 -178 
-12 -104 
186 -64 
-162 139 
-191 50 
-181 80 
-79 -150 
-99 14 
-55 157 
-8 61 
-176 -94 
104 168 
-136 12 
-92 -15 
111 194 
-103 140 
-15 95 
-186 -25 
-32 -61 
-104 82 
-91 66 
162 -94 
-93 27 
-23 -47 
74 -139 
-105 -107 
127 -34 
-186 -148 
163 -23 
12 197 
85 12 
-22 -83 
100 -2 
-46 135 
-15 114 
-93 -68 
-142 9 
-118 -108 
93 -15 
-106 29 
100 109 
141 13 
8 -90 
99 149 
95 -192 
101 -146 
-12 151 
-15 152 
-84 31 
-143 35 
-170 90 
2 -72 
124 -99 
-93 68 
114 -132 
-131 -188 
153 5 
72 -75 
-63 -195 
163 44 
108 45 
-140 81 
0 -192 
7 -144 
-52 -71 
-18 167 
-195 -102 
48 -129 
-52 -10 
47 -116 
-119 -130 
125 -35 
-176 179 
-177 119 
92 -15 
-134 -138 
-123 66 
122 -190 
135 12 
-82 191 
48 177 
-138 191 
-18 49 
158 23 
64 -175 
-132 149 
92 55 
72 -153 
-190 29 
-44 88 
-186 28 
77 -24 
-94 -166 
75 -9 
-122 -197 
-171 -17 
-51 60 
179 -110 
73 -63 
-4 -8 
-179 152 
163 -167 
57 124 
166 129 
-194 91 
-38 29 
90 -75 
-199 128 
-56 85 
83 -4 
-89 105 
103 -189 
-167 -149 
-119 -2 
173 -169 
189 -141 
160 85 
62 -142 
-68 141 
-20 96 
131 -190 
50 134 
-142 -106 
82 171 
167 41 
63 -187 
-142 145 
143 -152 
26 58 
167 142 
-61 -159 
-7 162 
-76 107 
160 -123 
-174 -117 
-39 36 
172 -114 
129 -47 
-49 30 
182 -5 
189 165 
5 -144 
97 30 
47 -189 
92 57 
71 -60 
-33 170 
-147 -42 
171 -198 
173 72 
9 -116 
181 -74 
110 112 
162 15 
-30 -70 
-15 -10 
175 106 
127 -124 
-20 138 
146 -131 
-53 28 
154 -61 
58 -35 
-56 -84 
149 95 
-22 -148 
-192 190 
92 119 
-18 132 
-176 -81 
-132 -22 
-113 -93 
-130 124 
16 88 
55 -30 
198 33 
-8 -163 
118 -131 
73 -61 
151 171 
162 105 
199 195 
18 -81 
102 -183 
-108 -77 
19 57 
192 86 
-115 161 
-170 -168 
-16 -190 
-170 63 
-162 152 
-137 -145 
185 -99 
-1 130 
-48 -191 
28 153 
33 -151 
133 -118 
-100 170 
-180 -88 
198 -138 
-24 -196 
142 138 
104 188 
-7 -87 
179 167 
-40 26 
-56 -118 
24 -67 
0 128 
188 100 
-30 101 
127 -11 
26 75 
3 -46 
184 -177 
-64 29 
133 -11 
-35 -116 
-82 182 
187 -77 
-1 197 
-86 -164 
-6 128 
-130 -48 
199 -199 
-33 -54 
167 196 
114 -51 
67 81 
108 -163 
-75 159 
146 -151 
116 41 
118 165 
61 188 
-192 -142 
-78 118 
-115 -200 
137 32 
-161 -104 
-140 53 
7 172 
-181 -164 
24 -159 
-190 -85 
185 163 
-57 119 
191 -174 
5 186 
-173 44 
-191 -127 
-192 -82 
156 92 
-150 -23 
96 49 
3 -160 
19 -23 
136 87 
-185 -80 
-141 -51 
-168 105 
-6 -109 
-101 -88 
149 97 
171 -122 
166 -150 
67 -190 
188 112 
25 93 
144 160 
46 23 
64 39 
-120 -187 
-45 188 
-39 26 
-194 -74 
157 -91 
72 130 
191 32 
-161 73 
64 50 
-35 -187 
-156 181 
-92 127 
-180 -184 
11 4 
63 -84 
77 162 
-168 -43 
185 167 
140 75 
34 -199 
-102 56 
78 -154 
-196 -23 
28 76 
-50 52 
136 78 
-84 153 
-153 75 
-147 92 
-123 127 
91 51 
-182 -135 
13 -10 
-125 -21 
45 0 
149 99 
196 -170 
156 -31 
-65 98 
74 190 
152 -113 
-122 147 
-107 -106 
134 151 
-157 110 
127 164 
140 -125 
-67 22 
47 -122 
119 -154 
-93 173 
73 -196 
-200 6 
184 51 
111 -8 
92 13 
-54 34 
-190 153 
-43 -172 
60 -55 
13 -116 
150 179 
73 16 
59 75 
19 109 
142 -111 
-173 -137 
-15 -200 
-153 162 
-29 106 
-7 159 
162 166 
-191 -28 
194 -186 
-77 -197 
12 -88 
147 -195 
96 -181 
129 -97 
51 183 
15 25 
-64 125 
-80 -162 
-75 -143 
-102 -163 
62 37 
-72 39 
-144 186 
-51 -53 
-132 -58 
-105 141 
-195 190 
171 50 
43 -128 
-102 186 
-33 -184 
-63 4 
-2 182 
-97 -152 
-156 99 
-198 170 
111 99 
28 -177 
90 160 
-66 177 
-171 -167 
-169 -70 
-69 -189 
158 22 
-36 -136 
-200 -73 
152 89 
-15 46 
-10 -57 
-36 -134 
177 55 
117 -94 
35 192 
-187 -99 
-53 50 
170 -128 
27 -90 
-130 -28 
50 145 
22 -45 
-92 -100 
101 -2 
-90 81 
61 25 
42 76 
-63 -90 
-30 181 
-178 -166 
35 -143 
-115 41 
-40 80 
-110 136 
118 -139 
121 82 
-116 -27 
-49 -15 
-156 149 
-142 -42 
-84 60 
28 177 
-173 -29 
117 44 
174 141 
19 93 
-44 -52 
145 102 
-11 -135 
22 186 
110 -173 
-149 -47 
1 129 
-27 -56 
193 -193 
-175 197 
85 -198 
-94 -96 
99 84 
-169 -190 
-5 0 
124 75 
189 12 
146 -159 
-72 -10 
91 79 
-45 170 
172 -86 
-47 -161 
178 -45 
-123 -115 
-177 -88 
-187 186 
142 -46 
-111 -56 
-103 85 
-184 -156 
108 93 
-189 -82 
79 167 
170 -176 
-153 -149 
114 -145 
138 -133 
184 -93 
-159 73 
69 181 
-9 189 
-171 66 
23 -136 
20 -37 
-83 -73 
199 -32 
153 91 
-35 -198 
83 -182 
-174 198 
58 54 
-7 -64 
179 -56 
-4 16 
-33 149 
-106 134 
-83 -44 
172 88 
-198 130 
-37 19 
99 -145 
131 45 
-25 114 
182 111 
-123 124 
-44 -19 
-75 -53 
3 -107 
108 -171 
16 -141 
64 -29 
97 -130 
-120 10 
197 -106 
-99 93 
-144 -55 
-61 -59 
-82 -11 
-110 -87 
-53 117 
3 -50 
77 -49 
16 154 
-189 64 
28 133 
-105 -133 
-116 197 
-46 35 
104 126 
156 -79 
119 152 
33 -171 
129 -42 
30 110 
-65 91 
132 -21 
-8 -48 
-145 -87 
114 131 
153 -133 
21 -118 
8 -147 
-176 111 
-137 -43 
-160 -1 
84 179 
-100 -40 
13 -41 
79 -89 
107 -186 
199 108 
4 -35 
77 -168 
-181 194 
93 115 
-90 140 
140 -37 
-48 -8 
-147 147 
-168 159 
115 -147 
-107 -176 
-190 117 
-19 6 
-76 28 
-60 -124 
-56 189 
141 142 
10 46 
12 -55 
-40 156 
189 -75 
86 -192 
-85 -114 
-102 -99 
-162 -187 
-148 30 
111 -1 
54 -86 
-175 120 
1 45 
-172 -56 
83 67 
-195 -175 
183 -113 
-77 40 
23 -88 
63 52 
170 136 
61 119 
8 116 
-18 29 
29 -120 
30 -192 
-148 -136 
-73 -17 
-27 -5 
-142 -55 
-82 192 
164 -51 
-136 58 
-61 -84 
77 134 
82 187 
190 -105 
-157 -55 
23 197 
-146 8 
102 48 
-111 18 
10 67 
166 17 
-59 106 
26 -61 
6 -186 
-53 -145 
90 -66 
-190 40 
-187 104 
-65 134 
-16 131 
168 -140 
136 -76 
-188 -69 
187 163 
-20 -38 
80 -56 
143 -53 
-9 -76 
149 -97 
75 -85 
14 -70 
-169 71 
-4 -156 
104 46 
24 49 
105 151 
35 -150 
139 -154 
-179 121 
-33 54 
-129 -34 
184 132 
-62 -79 
-135 170 
131 53 
130 -179 
-12 144 
150 110 
99 -7 
163 85 
-36 -58 
61 158 
56 -115 
-90 79 
-128 -75 
165 143 
-21 -192 
78 102 
-181 -80 
146 49 
23 96 
-188 104 
179 -41 
176 -71 
-12 -79 
144 177 
-197 -36 
199 102 
-53 -3 
98 -151 
69 139 
-162 31 
-52 156 
-96 -41 
-199 -103 
-129 115 
23 78 
-189 -132 
-55 90 
94 -112 
28 127 
-82 49 
7 -134 
-161 -89 
-27 179 
-151 81 
-143 -33 
114 -90 
-37 -139 
40 43 
134 -153 
-42 -83 
-137 -185 
1 -150 
-54 186 
-49 130 
93 118 
94 -170 
-165 -56 
31 -58 
98 -80 
-84 75 
193 196 
145 -106 
-3 -127 
127 153 
-194 73 
39 134 
-96 -140 
125 -60 
-70 147 
20 -80 
182 -161 
25 -84 
-141 172 
79 84 
-184 193 
33 -58 
92 -186 
42 -63 
-176 90 
185 33 
-169 107 
189 52 
-188 137 
122 -154 
178 127 
92 -86 
-4 -61 
70 -41 
152 -142 
72 179 
125 126 
-78 163 
85 190 
-48 113 
148 -78 
189 137 
139 -92 
-197 -128 
156 -86 
29 -83 
49 -1 
44 151 
52 44 
90 -131 
-37 -134 
86 -187 
25 -101 
-73 -79 
-174 -155 
77 179 
-191 -12 
-118 113 
26 -12 
122 178 
-116 -19 
196 70 
19 -94 
21 -152 
125 -181 
159 -109 
-165 1 
-5 96 
-40 -25 
-196 118 
191 75 
-124 100 
-65 45 
80 67 
-148 28 
178 -52 
100 111 
-200 31 
-146 -189 
-40 -90 
-46 180 
-16 180 
-180 84 
172 150 
-80 -166 
96 -91 
172 -21 
-57 -30 
20 -137 
151 -5 
-26 -34 
-19 -172 
-33 107 
148 36 
184 67 
-4 52 
-68 55 
-8 183 
-77 -49 
109 -47 
-199 169 
25 -19 
15 54 
197 -180 
149 30 
177 -59 
172 131 
-71 113 
-95 -85 
-49 18 
-170 -109 
120 134 
-58 -68 
145 -78 
117 -128 
16 -55 
-186 -63 
24 -13 
22 127 
69 153 
87 19 
135 22 
-176 121 
-152 195 
124 -3 
55 -130 
-151 -124 
-50 157 
175 -140 
-9 -170 
114 83 
130 149 
-109 57 
22 -2 
28 12 
-144 -31 
-129 -180 
68 123 
148 182 
-155 -110 
36 38 
144 -199 
-29 143 
-71 150 
-178 -131 
-185 133 
-43 35 
5 -4 
-109 -134 
-178 -196 
134 25 
157 -158 
-59 194 
-27 197 
-59 33 
-37 7 
71 155 
-154 -185 
-108 -189 
80 -187 
-45 -145 
-134 -182 
129 -91 
70 136 
-36 7 
103 59 
-49 -147 
-20 178 
125 -192 
6 29 
-118 152 
68 55 
70 99 
-120 -93 
-61 -161 
188 -191 
109 42 
180 -58 
1 -40 
-26 156 
-167 99 
-30 1 
135 -73 
30 -84 
25 13 
-187 46 
136 -138 
-94 -184 
186 101 
124 134 
-99 -180 
47 -7 
-115 -59 
-32 155 
116 -26 
158 55 
1 -67 
-77 112 
-19 137 
-100 -96 
31 -97 
-37 -69 
-14 -113 
-37 120 
-135 -64 
-157 181 
91 -102 
155 -59 
-156 -33 
-45 -70 
-121 -77 
5 -153 
-197 -48 
-92 27 
-5 -35 
36 6 
-152 -25 
-179 -99 
16 112 
-62 27 
101 -85 
26 125 
-142 168 
-9 47 
-168 121 
-27 -121 
-136 -138 
197 180 
-147 -61 
16 -45 
-157 -155 
-100 101 
103 -9 
92 147 
-135 151 
-70 -87 
-50 16 
66 18 
-127 121 
-26 195 
-3 34 
156 -165 
111 141 
97 -23 
181 31 
39 -119 
6 -84 
29 35 
-104 -78 
-189 -199 
-83 84 
-197 195 
55 -156 
-102 -28 
94 92 
-8 117 
-62 -186 
-167 -9 
-54 -174 
113 58 
-50 -74 
93 162 
-186 175 
-124 169 
124 -136 
-185 -77 
-46 -190 
22 -33 
-24 -193 
61 -25 
-30 -100 
140 -163 
-152 -159 
12 -118 
185 -90 
-155 127 
64 59 
125 -114 
-41 31 
-109 159 
-107 116 
139 -186 
-100 176 
-158 81 
-160 -28 
-179 148 
170 -136 
-172 57 
89 -101 
178 -3 
190 40 
-181 181 
166 154 
1 135 
-17 -171 
-70 175 
-68 -159 
-12 164 
-128 165 
187 60 
19 -142 
176 79 
-153 -93 
-107 185 
111 177 
199 72 
-139 21 
70 -167 
158 -77 
-17 -141 
-15 -113 
-170 -187 
74 150 
-160 78 
144 -96 
21 74 
164 -167 
85 -101 
-129 -56 
-71 19 
137 148 
52 -116 
-149 7 
-154 -170 
3 15 
169 -130 
-157 60 
19 96 
168 44 
163 72 
-15 -28 
27 -2 
-8 -89 
-137 -173 
104 69 
190 181 
-159 -28 
183 -149 
-79 -102 
-174 -45 
-56 -173 
123 113 
102 -189 
-159 -119 
-67 56 
76 70 
-37 -103 
101 -30 
-198 148 
149 183 
-162 -33 
155 -136 
-107 -43 
-67 -133 
-132 -141 
180 -178 
37 78 
-3 97 
165 125 
-31 -148 
46 106 
-123 -120 
-64 -31 
-146 -73 
17 117 
-10 -84 
49 -80 
141 76 
116 148 
18 -56 
88 -163 
-193 13 
-78 -14 
170 114 
-200 164 
59 130 
-19 -159 
94 -105 
14 -140 
-59 -67 
-169 -167 
-38 -57 
-11 170 
196 -22 
-164 182 
151 -29 
182 47 
61 -139 
36 -52 
-195 188 
41 -114 
-154 35 
69 31 
183 188 
-189 -126 
177 112 
-153 -168 
52 65 
-99 106 
-90 -92 
93 2 
-23 55 
51 152 
107 156 
-158 69 
7 42 
-63 88 
-153 -47 
161 -189 
85 -86 
159 -143 
153 -56 
135 -193 
-52 -200 
-161 131 
64 -126 
115 170 
-78 98 
-113 -200 
19 98 
70 -162 
-86 150 
178 -166 
-37 21 
33 -12 
129 -37 
-86 176 
-108 39 
41 28 
135 29 
-98 -118 
122 195 
-88 49 
-46 196 
-167 146 
-192 111 
-134 -52 
-50 115 
23 -16 
133 159 
123 -92 
104 -95 
-65 -115 
187 35 
-12 94 
-40 87 
-29 -113 
-76 111 
80 169 
-137 87 
135 -162 
16 38 
-41 -16 
144 -182 
113 -137 
-2 -104 
11 175 
163 133 
-160 -107 
174 48 
-159 162 
-82 73 
-70 0 
-62 -47 
-183 -107 
-17 38 
-172 -189 
-60 65 
-186 148 
-162 -198 
170 -26 
-46 62 
1 181 
-3 -179 
48 -102 
64 -167 
-137 109 
114 -113 
-144 -28 
42 174 
4 6 
25 -86 
53 -91 
-180 68 
55 23 
-7 97 
59 -116 
165 -25 
-101 168 
152 -27 
-176 140 
150 85 
172 68 
162 62 
154 -188 
-180 54 
-104 -72 
-11 -114 
-122 0 
-194 -172 
-29 -107 
-37 -107 
-11 -112 
137 -142 
-119 69 
10 17 
55 -177 
-131 158 
-107 -183 
-36 -96 
-12 189 
-132 83 
96 146 
150 100 
-73 -13 
-99 -63 
125 21 
69 176 
102 103 
-18 99 
-79 26 
-146 -140 
178 155 
-56 52 
20 60 
-162 -156 
52 49 
-75 51 
65 -164 
16 62 
154 101 
-13 -21 
52 81 
-119 135 
50 -36 
189 -134 
-3 -180 
-103 -176 
33 -165 
-193 -27 
-30 131 
-124 102 
-31 -42 
109 -107 
-198 -95 
-162 -116 
-138 -191 
-120 -27 
-94 -183 
-100 154 
9 -54 
128 -47 
137 168 
87 -80 
-168 -55 
160 44 
-37 103 
155 67 
97 160 
-154 -130 
163 -14 
-153 199 
54 -198 
31 -159 
-114 -29 
33 -130 
106 115 
21 93 
-49 -88 
114 164 
-18 -34 
-116 -144 
160 -191 
80 -9 
-199 54 
141 166 
32 -160 
-80 -79 
119 -26 
95 -38 
97 -46 
-56 -187 
-129 -135 
153 71 
-62 113 
-180 156 
-191 -123 
82 -114 
143 -37 
-46 70 
-77 80 
-71 76 
9 -16 
-13 -185 
-131 98 
-2 -100 
113 7 
-103 -76 
129 -30 
145 168 
-171 -127 
87 24 
-32 57 
-109 -157 
12 -127 
15 132 
1 6 
-189 -160 
-162 -45 
-95 143 
-143 58 
119 -103 
31 -117 
148 -8 
120 -17 
159 62 
-19 -68 
-182 -197 
-37 183 
-157 -31 
46 0 
81 -192 
187 -110 
123 145 
179 128 
165 -37 
-23 124 
139 -68 
40 -142 
-188 -109 
-173 -3 
-193 163 
152 -175 
148 22 
74 -40 
119 112 
-173 -33 
83 179 
-73 44 
43 -65 
-69 78 
180 -156 
114 -123 
-50 154 
-49 -162 
-57 199 
-48 -116 
195 178 
-127 -94 
19 -21 
-80 -124 
-111 -130 
-54 170 
-77 122 
76 174 
-65 9 
-195 151 
153 165 
57 -190 
100 138 
-54 8 
-105 -58 
118 -200 
163 -51 
164 28 
130 174 
199 0 
187 133 
-31 193 
-44 59 
-108 103 
-111 -59 
20 -107 
165 -63 
-45 50 
112 81 
-134 -181 
24 -185 
-158 172 
-76 144 
-81 -127 
171 -170 
-177 4 
-4 -122 
20 -106 
-162 -2 
-163 118 
168 -21 
-184 14 
-6 38 
-41 76 
-169 -71 
-59 -129 
-117 -27 
-148 65 
-121 -181 
87 124 
-136 94 
-116 -73 
117 183 
-40 -147 
-30 -50 
114 157 
-77 -76 
-173 27 
-173 -175 
181 73 
-179 34 
-39 96 
-170 49 
24 -88 
161 79 
145 -145 
164 118 
68 -124 
-20 -19 
85 -119 
180 54 
44 145 
32 -20 
93 42 
189 -34 
68 170 
-172 -4 
107 -170 
156 161 
147 -89 
198 78 
44 -132 
187 -96 
139 81 
-192 -111 
-179 78 
-191 20 
-3 -189 
-145 127 
-113 77 
-2 130 
-83 75 
93 -95 
18 92 
37 183 
47 22 
-153 -185 
-144 171 
152 60 
-144 67 
-107 -153 
68 95 
-186 81 
11 -35 
91 115 
-93 148 
48 -41 
-59 -138 
84 121 
8 -171 
181 26 
94 -148 
-21 -110 
-32 97 
-43 156 
26 -180 
-151 -11 
-154 190 
112 -111 
-24 -83 
67 167 
-151 33 
-137 36 
-102 83 
163 27 
21 41 
-60 -23 
91 -69 
97 -50 
121 -130 
-180 81 
26 -15 
-87 176 
106 80 
122 -26 
-15 -58 
-188 -51 
-42 -151 
-22 44 
120 122 
97 150 
-114 -193 
-77 37 
-182 185 
183 117 
18 -187 
33 119 
86 75 
95 -124 
-50 92 
-55 -28 
131 -17 
105 126 
22 -92 
92 -76 
98 -44 
-152 -3 
-58 70 
19 -129 
-191 117 
61 -55 
-89 -32 
100 163 
168 128 
-185 -75 
-55 199 
171 -180 
95 119 
122 -80 
175 -12 
52 54 
-67 -186 
-197 -72 
193 38 
14 -139 
-193 113 
192 -96 
-135 180 
0 -117 
-50 -30 
-143 114 
182 -112 
-58 -86 
-30 34 
-176 195 
167 107 
188 169 
-126 187 
38 -178 
-134 100 
-185 102 
-181 147 
-18 -102 
-166 -119 
160 -98 
20 32 
105 109 
13 -42 
65 -126 
-112 -199 
-161 70 
-181 78 
-162 119 
131 -95 
-26 -186 
-192 -25 
-143 12 
-193 -7 
-36 -1 
-57 158 
34 -46 
24 69 
100 136 
164 177 
183 40 
-48 -167 
135 -124 
-155 17 
-132 181 
-13 3 
4 178 
13 -23 
114 59 
88 67 
-122 107 
42 149 
130 121 
122 103 
-84 -174 
153 122 
86 -18 
-117 24 
-153 -32 
180 -11 
-113 -40 
101 85 
80 116 
67 -20 
20 -197 
-65 6 
-180 -96 
39 57 
-3 -157 
35 30 
-164 -56 
-61 -45 
1 23 
195 29 
-171 149 
-123 92 
-82 105 
-129 52 
-58 -152 
174 -32 
-124 -64 
-125 -92 
-22 136 
-25 -40 
-194 -80 
-183 -122 
160 180 
163 -36 
-100 53 
-148 121 
-77 -119 
165 186 
-90 -105 
78 -47 
124 197 
-126 128 
192 -118 
106 175 
-152 160 
-193 97 
53 -107 
-133 -15 
-64 30 
182 50 
-181 159 
-26 139 
175 189 
191 47 
184 -198 
31 79 
-132 130 
-133 110 
-27 144 
23 113 
77 37 
-52 45 
-113 -193 
-165 -118 
-193 185 
121 -134 
157 -12 
-164 30 
52 -161 
59 14 
-61 -147 
91 -26 
150 89 
13 -56 
16 110 
42 72 
144 103 
172 187 
117 -109 
161 -80 
-194 94 
-103 -89 
134 92 
-98 -17 
113 114 
-36 -113 
162 63 
-179 -32 
0 -108 
-92 -4 
170 -98 
18 -124 
100 -59 
-62 84 
-191 -111 
-133 168 
-15 -44 
182 -22 
-10 169 
125 191 
-20 -191 
-115 -76 
-138 5 
69 16 
-18 -139 
-28 112 
-38 -128 
27 -67 
-196 106 
35 172 
-188 -198 
46 192 
-185 7 
-17 190 
121 -25 
-26 -106 
-33 -24 
-83 -9 
-156 -31 
28 -159 
27 175 
-6 -198 
150 41 
136 54 
115 -82 
23 34 
-184 -167 
56 83 
-23 -110 
190 33 
51 -94 
170 29 
-154 95 
184 -165 
-4 -168 
156 146 
-57 -42 
-144 159 
8 109 
-200 -24 
53 141 
112 191 
-152 -121 
43 125 
90 -34 
-10 74 
85 -190 
5 -140 
171 68 
-71 -39 
109 164 
47 115 
-185 -146 
-14 -103 
131 -199 
-57 107 
77 -152 
61 -160 
31 -8 
-45 41 
195 46 
57 -8 
57 -178 
187 92 
-1 134 
-103 -177 
36 174 
36 -151 
134 120 
-162 26 
-188 -27 
49 -7 
136 124 
-24 -15 
-30 -11 
-95 -101 
-128 31 
195 -66 
-190 99 
70 147 
187 -179 
83 -178 
163 173 
-63 -144 
-58 183 
-20 188 
130 65 
15 -17 
83 182 
23 196 
-165 -161 
119 -75 
189 57 
-137 -38 
53 151 
-44 104 
-62 -3 
-50 -51 
-125 140 
-156 -115 
-31 -71 
88 -172 
143 -85 
111 -89 
184 -40 
190 -70 
-73 -127 
-90 122 
-48 182 
183 -197 
117 -149 
-27 -185 
20 153 
-196 73 
-12 -95 
-104 -95 
-79 -61 
-33 92 
52 -160 
11 -155 
-130 141 
-84 -153 
-192 38 
-111 -78 
-149 162 
-44 -181 
-194 77 
141 171 
138 152 
-172 160 
101 166 
92 -105 
-91 102 
-104 91 
-70 62 
107 -148 
-59 -153 
28 54 
44 13 
-120 12 
115 -170 
-102 -190 
70 -22 
47 15 
-106 168 
-31 168 
126 47 
-197 19 
-74 -8 
-7 152 
-188 199 
-5 -76 
66 -104 
190 -137 
115 23 
-68 -110 
140 69 
3 -118 
-199 -185 
-40 43 
-16 55 
196 -108 
191 25 
11 98 
-166 161 
149 -91 
-36 -153 
13 -34 
123 181 
-99 81 
-21 -129 
187 -37 
18 156 
-33 104 
-77 44 
-136 81 
-6 -24 
150 114 
190 -8 
-148 80 
158 -26 
171 180 
76 -114 
-40 -59 
121 -12 
-122 33 
32 85 
-167 -98 
26 -197 
86 -191 
-29 35 
-3 -126 
-4 30 
0 -23 
-32 120 
67 16 
13 -91 
-17 144 
8 57 
-63 158 
118 -17 
-125 178 
-93 -155 
117 -198 
153 140 
-151 -75 
-129 108 
185 105 
-51 12 
20 -8 
-129 192 
-190 24 
149 -199 
-30 -71 
145 119 
126 -15 
-157 104 
77 124 
-106 -42 
141 -147 
-177 167 
-163 169 
37 162 
-161 -85 
-20 69 
-159 55 
-75 -65 
187 106 
40 68 
184 42 
105 -66 
-119 -169 
116 20 
131 -31 
-97 81 
-147 52 
141 68 
-108 21 
-11 -24 
174 -133 
-184 -169 
-29 123 
-47 -57 
-198 63 
123 -161 
129 -68 
-131 -153 
-17 -138 
-193 -18 
158 -89 
-53 177 
-74 102 
-122 6 
70 -125 
36 -176 
-9 -178 
43 -145 
-55 57 
108 -112 
173 -84 
-69 -56 
80 4 
-155 25 
161 70 
184 124 
154 -159 
21 -30 
139 -40 
5 -142 
87 -73 
-199 -12 
-154 -155 
85 23 
-134 -5 
186 -154 
194 -56 
91 -44 
-71 -191 
-88 27 
198 -2 
-186 -143 
-19 60 
-72 21 
172 22 
172 -93 
-106 -55 
38 144 
-165 150 
87 10 
70 173 
-52 65 
80 54 
-40 59 
-175 -26 
168 -142 
18 -21 
56 -86 
75 -152 
122 76 
-80 71 
159 -167 
127 181 
-199 57 
-31 147 
-102 5 
-129 95 
-200 -159 
-30 196 
82 99 
113 -41 
-132 -63 
55 35 
186 -148 
-56 163 
-34 -107 
-139 157 
-33 48 
139 -59 
-166 85 
178 -149 
72 162 
-160 34 
142 -135 
82 -70 
-128 78 
-58 -87 
39 64 
44 34 
187 129 
-196 160 
-56 -67 
-82 -95 
-169 168 
137 -198 
37 -98 
-189 -150 
113 48 
80 38 
-17 106 
58 -122 
96 138 
33 152 
136 -160 
-8 -100 
32 -65 
191 101 
-190 32 
84 -93 
86 -115 
65 -86 
-45 68 
-168 176 
-142 157 
-180 -5 
172 61 
-113 -38 
168 188 
16 -94 
-22 -70 
94 154 
-81 101 
-67 -15 
100 -97 
-79 -165 
119 32 
42 198 
-125 97 
-97 110 
-173 -28 
187 -75 
37 -41 
60 71 
-46 -12 
-163 -162 
-26 -31 
119 0 
153 -130 
-146 -92 
98 -32 
-28 -63 
-191 -10 
-128 -43 
82 -175 
-69 17 
-11 -47 
108 -74 
-162 -173 
-175 -135 
36 -196 
131 46 
14 -86 
167 154 
-167 128 
148 -181 
-85 19 
18 -11 
-163 -174 
-121 29 
-37 -35 
-194 -193 
154 -173 
169 127 
-132 115 
-126 196 
40 21 
22 180 
1 -58 
-122 -104 
94 -81 
-182 -75 
99 -49 
-61 53 
81 176 
179 -107 
-198 -41 
110 187 
-142 -157 
140 112 
-109 27 
-147 -40 
114 -81 
-15 -40 
76 31 
17 -47 
-19 -194 
-97 130 
-191 -194 
-67 54 
56 -87 
-175 -109 
158 -31 
-162 84 
62 42 
-111 -133 
-78 181 
40 -60 
-137 -82 
150 -176 
170 197 
114 -26 
-127 -199 
180 25 
168 -72 
97 50 
131 0 
-123 165 
-92 103 
51 -39 
182 68 
116 -2 
-123 80 
-123 193 
85 -73 
76 16 
-11 57 
65 4 
144 163 
-68 -135 
161 73 
143 -8 
-4 148 
-126 137 
-43 -179 
-199 -120 
-193 14 
95 -156 
-114 -44 
3 -168 
197 -41 
-3 -147 
-184 -112 
145 195 
-20 -92 
39 169 
-43 -24 
-59 -136 
-28 186 
-117 63 
-71 -109 
133 108 
139 194 
-53 105 
-66 -164 
171 -18 
192 90 
55 191 
128 -176 
56 18 
77 57 
83 89 
-26 54 
-88 166 
71 -88 
-70 86 
51 -145 
128 -157 
171 -106 
-50 -2 
11 -102 
-53 65 
-29 121 
135 21 
-147 -183 
188 34 
-149 99 
-14 -108 
136 -123 
8 82 
-88 189 
25 7 
172 -143 
91 169 
-34 -11 
-1 129 
-136 -175 
-89 81 
88 117 
21 -171 
-133 -3 
93 -102 
-95 -127 
-85 115 
130 -54 
134 194 
-200 -6 
190 76 
-75 121 
-112 -2 
-76 -86 
48 25 
-77 124 
87 -23 
-173 75 
195 -181 
-70 102 
138 115 
-189 -183 
162 116 
121 -145 
30 155 
107 105 
55 -81 
-16 -46 
-64 177 
-42 117 
127 31 
-41 92 
-154 -122 
34 178 
-12 32 
-103 -100 
24 -45 
-58 178 
78 19 
-191 122 
67 172 
-11 162 
104 -10 
-94 -25 
-127 -44 
-1 15 
96 72 
-120 193 
8 78 
-60 -194 
-148 -168 
17 59 
-37 -106 
155 -171 
-94 -81 
56 -172 
68 -168 
66 195 
127 42 
-100 -185 
140 81 
71 -171 
125 23 
6 -71 
109 174 
-60 178 
-98 -3 
-157 1 
-44 -105 
89 -125 
42 88 
89 1 
-85 87 
-40 -127 
106 -123 
120 -123 
186 -181 
-51 -60 
19 61 
127 -21 
23 -124 
142 -3 
-174 8 
-119 21 
-39 -107 
-6 157 
174 -6 
77 17 
-139 55 
-51 189 
126 113 
134 -36 
-19 65 
-199 148 
141 -53 
24 129 
-23 161 
-40 -22 
-106 156 
61 67 
47 78 
-82 154 
-50 -184 
97 -140 
0 31 
154 -114 
40 138 
-7 28 
6 39 
-102 109 
-160 -113 
-1 190 
112 174 
-59 171 
58 188 
185 193 
-95 -63 
-7 -174 
-76 52 
96 0 
-171 88 
111 -109 
-50 -146 
142 12 
90 -113 
-95 -158 
-184 55 
97 74 
-89 82 
-11 -19 
48 8 
160 -171 
-38 162 
-138 60 
-40 -139 
-32 43 
83 50 
67 30 
-188 -125 
-133 -62 
164 -40 
159 -41 
133 169 
140 87 
-55 1 
58 46 
-174 107 
-67 39 
-115 51 
117 -151 
136 -87 
-138 -146 
-188 133 
-150 18 
41 -118 
122 -114 
83 -93 
-8 -156 
-155 -98 
-7 -181 
-21 15 
-148 -48 
-37 136 
12 -22 
-199 188 
38 177 
-87 118 
22 -29 
0 64 
-125 -66 
87 25 
163 59 
158 182 
-87 -44 
-67 -33 
65 -8 
102 25 
189 188 
-156 60 
-200 -96 
73 -99 
123 65 
51 131 
23 -157 
24 -151 
-114 -34 
-27 -147 
-152 128 
143 164 
60 -14 
-120 -119 
2 32 
-166 168 
69 121 
-42 -2 
-200 -25 
9 75 
-45 133 
25 -82 
-77 94 
-174 166 
-62 -53 
-109 -36 
26 -182 
143 -68 
116 114 
-39 -29 
29 -11 
-191 18 
170 153 
160 -36 
-2 -68 
-169 -151 
-79 -73 
-105 -3 
173 21 
3 -98 
53 -83 
-133 -83 
167 -2 
47 114 
152 -121 
189 -101 
-101 -27 
26 -107 
-25 -159 
-22 85 
-90 192 
169 -152 
-149 136 
186 -126 
196 -189 
-148 145 
-197 -139 
70 7 
154 55 
43 -130 
15 -66 
-42 -26 
-1 78 
17 10 
-175 130 
77 158 
-81 -154 
161 191 
14 -71 
185 190 
-33 -190 
-34 124 
139 101 
187 -51 
-69 -141 
-50 198 
162 144 
38 89 
146 -168 
67 -137 
-111 -89 
31 106 
-79 78 
66 14 
-124 -81 
-94 -65 
5 -111 
144 -141 
-148 -45 
137 95 
-143 93 
-87 -90 
170 144 
1 36 
145 -187 
59 -106 
-33 -186 
168 110 
109 -102 
7 -193 
148 55 
-70 192 
46 -52 
34 -126 
-21 -67 
179 -44 
93 -126 
-158 -123 
-124 -165 
117 -82 
50 -77 
-187 -144 
-11 145 
-90 35 
88 134 
128 6 
-45 -43 
31 -181 
-46 -175 
-135 -145 
13 -123 
52 40 
-9 159 
5 90 
140 -70 
45 -174 
-81 39 
-109 176 
-72 106 
-102 -132 
-71 -9 
-165 45 
181 -158 
-127 42 
152 191 
-66 -132 
-110 -183 
107 -110 
33 8 
-27 3 
-59 149 
5 179 
-157 -1 
115 40 
-57 120 
-115 -99 
-90 148 
-115 -167 
-169 -21 
-191 -48 
18 -144 
66 5 
16 98 
160 96 
168 -82 
-9 -118 
17 150 
-97 -61 
144 124 
-176 168 
104 117 
100 69 
100 -141 
180 130 
195 -98 
-144 -41 
160 5 
7 -183 
175 -19 
187 158 
1 110 
-152 -76 
62 14 
-145 117 
-140 -13 
89 -171 
95 7 
-51 -169 
56 -163 
-92 -64 
65 91 
112 -116 
-24 -21 
139 -87 
137 -40 
43 -185 
45 180 
6 40 
109 -188 
184 21 
-188 9 
114 -41 
107 -94 
-154 73 
115 32 
-52 147 
80 184 
160 -41 
-172 -157 
-82 -68 
73 184 
-41 -35 
106 54 
132 -159 
-194 -171 
189 -77 
86 56 
-95 130 
-90 94 
119 126 
116 -24 
-164 -79 
-50 59 
-125 -122 
164 157 
-17 140 
33 -103 
42 199 
-191 142 
-114 48 
-40 88 
-70 110 
54 84 
48 -70 
36 -162 
-79 37 
10 -135 
125 91 
178 -179 
48 106 
149 37 
-138 45 
-196 90 
-39 125 
-141 -69 
-194 153 
11 116 
-198 152 
132 76 
57 -143 
-191 37 
-73 -81 
80 -42 
10 32 
-16 -74 
8 -191 
58 189 
-60 -185 
-16 -30 
-159 165 
66 -113 
99 189 
97 115 
70 54 
135 -133 
-31 160 
-186 182 
87 -190 
-67 108 
-149 152 
-149 52 
43 175 
40 175 
183 46 
-143 -30 
54 81 
-107 69 
-122 -53 
30 -42 
-51 -89 
64 163 
-83 -182 
84 165 
-193 -1 
-52 160 
-144 -166 
-15 140 
-160 -128 
-146 143 
113 178 
20 181 
113 -156 
154 4 
198 154 
197 163 
-53 -6 
167 -121 
-159 194 
-45 -18 
38 25 
-55 -42 
-46 27 
101 -48 
77 64 
78 -168 
-187 -45 
5 -145 
-77 -14 
136 -113 
-19 -4 
-124 -138 
180 120 
156 13 
76 13 
-101 -140 
171 -1 
51 78 
-110 -4 
-111 12 
197 -161 
-155 41 
15 -124 
-44 -169 
143 92 
-4 -91 
159 80 
10 42 
-55 29 
143 171 
-107 -165 
0 -71 
45 -71 
-189 -42 
103 -124 
-107 -162 
-190 13 
-8 -10 
15 -26 
42 51 
-196 -52 
180 150 
-86 -43 
82 91 
-175 -134 
2 172 
54 66 
-107 -22 
-138 101 
66 -92 
190 -110 
119 31 
-133 -78 
41 -54 
128 -46 
-60 171 
161 142 
7 -84 
-13 -132 
-196 192 
133 -42 
-113 -85 
-88 154 
-21 174 
-45 -161 
-148 18 
143 153 
-161 -183 
-194 -76 
-39 -191 
94 -186 
-38 70 
-110 -99 
81 -194 
-100 36 
-33 -169 
-25 -75 
116 -43 
-39 102 
-4 150 
174 -15 
197 86 
81 129 
-90 108 
-182 -56 
-24 43 
-36 198 
79 -132 
-17 -30 
104 112 
-173 48 
-75 30 
42 36 
-88 40 
-156 -2 
-132 4 
179 139 
57 -174 
-149 184 
-142 6 
-97 169 
-23 168 
198 -124 
-3 161 
-6 63 
12 173 
-43 -72 
32 -107 
-83 149 
-176 -103 
54 -173 
60 -42 
-113 95 
-32 51 
38 116 
196 -63 
-139 183 
-96 62 
39 62 
-199 -20 
-152 61 
-169 193 
175 -94 
-79 -128 
-159 57 
93 -22 
73 188 
-161 101 
106 -131 
58 24 
-22 -180 
145 -144 
-38 -74 
-174 153 
191 -95 
-155 72 
181 -157 
-156 17 
-85 61 
82 -186 
-147 105 
-36 -35 
-7 -177 
12 19 
-113 80 
145 72 
-88 -35 
-10 -191 
173 -2 
119 11 
126 192 
170 -65 
-152 -108 
32 75 
156 -185 
-35 86 
54 135 
-112 57 
119 -137 
-10 -78 
-171 -184 
136 -51 
20 139 
-58 66 
-166 -135 
2 -57 
-170 -76 
-190 134 
37 -79 
123 -94 
-28 143 
-155 -145 
-22 -96 
128 -174 
44 35 
-144 -157 
-154 -149 
-18 88 
194 155 
-69 -35 
-97 94 
154 -27 
118 -60 
65 -166 
-64 187 
30 -66 
8 -127 
153 177 
42 -167 
157 25 
-15 125 
67 -184 
-99 23 
-154 -37 
-98 116 
-126 5 
25 -135 
-134 -171 
167 -79 
182 -37 
-134 39 
-103 -191 
-120 133 
64 -102 
12 65 
-95 -51 
-55 49 
-65 -133 
-190 -29 
-194 1 
69 -6 
112 106 
85 -120 
-15 144 
0 5 
70 116 
-3 118 
-54 -107 
-123 -127 
-130 2 
-115 172 
-164 -77 
163 -73 
97 -57 
33 178 
-85 -12 
-72 -185 
-20 20 
182 -154 
30 114 
-149 160 
128 192 
151 -116 
93 83 
-61 97 
-192 138 
-137 85 
159 66 
174 68 
-2 74 
-138 -12 
2 5 
-170 -74 
14 27 
-114 160 
151 -172 
130 -43 
157 144 
-167 179 
-175 -8 
-74 -155 
105 95 
-143 109 
-128 -58 
-134 185 
-73 -130 
187 86 
-51 -113 
-104 -136 
-24 -183 
-71 108 
190 63 
147 -189 
53 154 
-120 68 
-2 -156 
-145 -79 
-68 49 
-23 54 
26 -24 
-23 50 
192 -25 
-8 85 
-191 24 
-173 -9 
164 -162 
-105 -156 
-157 -103 
118 37 
75 -65 
-69 161 
100 154 
-121 70 
-148 107 
-159 17 
-116 36 
45 -111 
-199 52 
-129 -179 
-131 -141 
-104 116 
-59 140 
196 1 
-137 -174 
-65 72 
-82 -128 
11 59 
172 -108 
-54 -110 
-69 -90 
139 135 
181 32 
195 142 
-184 90 
-42 136 
-66 -80 
-8 -93 
-74 32 
-57 -135 
133 96 
190 -150 
67 39 
121 -111 
-78 14 
-73 -181 
-142 -153 
77 128 
-167 -59 
-122 -28 
-140 -180 
25 152 
79 -188 
-80 -100 
199 171 
-38 -100 
-12 4 
199 -154 
-4 -187 
-178 -8 
131 177 
-166 51 
101 -182 
-132 63 
-186 -150 
-120 -18 
-164 73 
-188 22 
-179 -82 
47 172 
50 -119 
153 -39 
-37 15 
183 -13 
-150 117 
41 -108 
-186 -164 
143 -199 
160 62 
-19 141 
172 -147 
-41 145 
-143 101 
-152 -151 
-8 -155 
-52 -119 
-99 -32 
42 136 
12 8 
-41 -188 
196 60 
-189 -17 
167 -160 
-64 -12 
55 -182 
19 88 
-181 137 
-84 -5 
-89 72 
-109 -145 
101 -9 
-132 182 
188 -64 
100 103 
26 134 
132 187 
-99 -118 
111 108 
-50 170 
-26 -142 
58 -167 
-182 86 
158 -34 
-199 31 
-195 128 
182 167 
34 82 
152 -53 
-142 -126 
-90 195 
175 -119 
147 188 
-149 169 
-133 -51 
-147 35 
-44 58 
127 -35 
-130 -154 
-71 128 
197 43 
77 95 
40 -178 
133 -71 
84 78 
131 181 
-4 199 
-96 -10 
-164 67 
181 188 
92 -96 
26 114 
132 27 
-7 -170 
-32 -31 
-153 -3 
44 113 
-47 -35 
-138 38 
67 -119 
-98 186 
108 164 
-146 110 
125 178 
-11 182 
-123 116 
4 -9 
-199 47 
-74 -59 
100 -142 
2 -54 
7 176 
158 -48 
187 -82 
-98 31 
152 29 
-172 95 
-14 120 
36 22 
-78 150 
11 86 
62 108 
185 2 
-178 62 
-142 87 
-137 184 
16 137 
-157 -198 
-151 -184 
-45 63 
94 -1 
180 175 
5 -177 
132 -105 
-114 55 
133 180 
175 -42 
-101 122 
-138 83 
-174 28 
-78 64 
-103 122 
114 -86 
-180 117 
66 -157 
-176 105 
-183 82 
112 75 
-165 -172 
-184 103 
113 124 
79 23 
107 32 
43 -18 
-170 -186 
14 -83 
-80 -6 
176 -150 
-72 -12 
181 5 
125 145 
75 66 
179 -175 
175 -64 
166 -90 
164 -111 
-30 150 
197 -77 
18 -186 
-159 -124 
-194 0 
168 -176 
-65 -117 
143 24 
38 159 
33 -125 
-20 -95 
-5 -168 
167 -14 
-98 -28 
-157 148 
55 25 
131 -115 
-115 144 
-190 -153 
152 93 
-82 120 
155 125 
-161 4 
38 -45 
-165 76 
-126 -83 
-120 -86 
-73 179 
-28 11 
-129 157 
-123 -28 
95 2 
154 -71 
172 -18 
25 -195 
165 39 
133 41 
34 151 
-97 120 
-92 -52 
-174 169 
-119 -147 
122 15 
136 -182 
-113 3 
115 -157 
-58 -104 
103 159 
-127 23 
-152 149 
165 -27 
-57 92 
-41 -174 
183 36 
-177 193 
-143 -194 
-110 96 
-142 -123 
-151 -64 
-116 187 
87 -71 
166 13 
-191 69 
-43 -184 
-104 117 
148 156 
-115 137 
164 -163 
-47 0 
-34 -69 
79 20 
-160 -102 
-4 4 
71 111 
185 81 
130 -46 
-56 144 
94 98 
-71 -72 
-41 -150 
1 -59 
168 182 
138 20 
-127 -185 
-97 -149 
-92 -193 
114 39 
-46 64 
-25 -108 
-7 174 
74 -119 
83 -74 
-107 171 
28 144 
74 -72 
3 -129 
40 -55 
182 -157 
-146 -178 
-104 -190 
171 -112 
-127 -18 
-96 198 
-145 1 
-164 -104 
-28 193 
-178 -47 
-67 98 
-59 -156 
-50 -35 
139 33 
38 199 
-103 71 
24 -149 
147 -162 
111 -190 
87 134 
17 76 
-99 126 
-81 -187 
-99 123 
-187 -82 
-185 190 
-101 -183 
-54 -178 
2 -22 
-57 -124 
185 61 
165 142 
24 190 
146 194 
-153 -157 
-186 -13 
-111 109 
-190 -149 
132 90 
-96 26 
-163 159 
-72 -161 
194 12 
-41 -66 
-82 63 
64 -183 
153 -154 
-62 -11 
89 102 
-31 100 
142 1 
-57 171 
-170 -2 
92 173 
-64 192 
16 148 
-104 94 
100 40 
-194 -114 
-162 86 
-183 100 
-76 197 
135 48 
27 -200 
-41 159 
-33 85 
38 18 
83 -15 
-161 193 
-29 -180 
-11 143 
25 -175 
162 55 
-73 -6 
167 177 
18 -99 
-90 130 
-69 -145 
15 2 
108 172 
106 -30 
-135 147 
64 -37 
-164 39 
26 -141 
148 -127 
65 27 
-175 5 
-76 -16 
-2 -91 
-34 98 
-164 -175 
-150 126 
87 28 
-3 -100 
-18 -108 
109 7 
145 -14 
66 6 
186 119 
-71 103 
-66 6 
-126 -198 
163 -19 
-146 -194 
181 -61 
139 187 
-103 -102 
-154 136 
71 -105 
-91 -114 
-108 36 
1 -97 
150 2 
143 66 
28 112 
113 -114 
-3 -5 
-57 -50 
20 199 
64 125 
86 -106 
-89 170 
-24 -22 
115 -155 
57 186 
-79 165 
-198 64 
98 72 
-45 -64 
176 14 
31 -191 
-128 14 
130 -102 
111 -155 
-192 191 
-33 -116 
-191 187 
51 12 
188 -127 
-44 -87 
-72 -35 
-80 -190 
-102 67 
-14 -47 
175 -16 
-134 40 
118 -51 
-146 20 
-107 -20 
-106 -101 
44 -121 
159 -102 
6 164 
-3 -163 
-34 -189 
-58 12 
127 -110 
7 37 
-123 -27 
51 59 
-95 -54 
-44 -102 
78 98 
29 104 
-39 99 
163 88 
31 109 
-105 -168 
165 -169 
-48 -21 
-152 132 
-113 34 
111 51 
165 22 
155 54 
-144 -143 
-198 3 
147 -133 
163 -126 
-4 -25 
199 77 
114 161 
40 23 
-65 -147 
186 29 
53 -13 
-69 -19 
-46 -148 
-112 54 
197 -165 
61 20 
196 -177 
-111 -176 
-75 -11 
-59 195 
84 164 
108 -76 
-169 -53 
-71 167 
-57 -157 
-130 195 
-190 178 
193 -53 
183 -194 
-45 175 
-160 -168 
76 127 
-64 37 
74 -77 
-85 -93 
-85 189 
43 179 
-146 -192 
160 -10 
26 82 
-163 8 
-4 -80 
170 58 
-134 67 
-93 -107 
-49 38 
-100 55 
-167 -178 
64 -107 
180 143 
-4 62 
-1 -26 
102 191 
-178 -29 
143 147 
195 165 
-16 -13 
-124 -102 
-98 -71 
-174 -53 
38 -82 
132 -116 
-179 -192 
-180 -121 
-50 76 
-53 56 
80 -166 
-120 86 
-170 -37 
143 -150 
-48 188 
110 113 
-86 161 
-62 112 
59 177 
-40 -150 
-184 -170 
49 8 
118 184 
-164 -124 
-58 109 
-90 76 
-69 72 
5 176 
-72 10 
-57 146 
134 -94 
-178 -167 
-170 -94 
27 119 
-58 19 
-100 -150 
-182 172 
-33 69 
72 -135 
54 -176 
4 0 
140 -120 
-14 -117 
30 -49 
-150 -134 
-161 -66 
36 116 
125 179 
-30 58 
164 103 
-121 -8 
54 -13 
-13 -120 
-100 -144 
-42 -166 
-118 122 
-58 -123 
188 113 
156 -103 
162 -91 
-110 -62 
147 -13 
65 169 
-62 139 
-37 54 
-127 -142 
93 -117 
-189 -105 
-135 -9 
-6 -141 
-64 -175 
-66 -191 
135 188 
-180 -196 
51 76 
16 13 
168 171 
-164 87 
-53 149 
51 -140 
0 -181 
-2 180 
139 18 
-187 -180 
-92 -55 
-5 -46 
-9 -153 
169 121 
134 44 
174 126 
147 172 
154 -118 
-1 51 
105 -92 
107 -131 
165 106 
-119 116 
-89 -166 
25 92 
-89 -188 
12 142 
70 25 
-146 186 
-155 32 
19 7 
-175 133 
52 -112 
-1 -30 
-149 -185 
164 132 
7 -74 
74 118 
-126 101 
-144 136 
129 -155 
-65 -78 
171 74 
149 31 
-100 6 
-9 -125 
120 188 
85 -131 
21 61 
-55 -75 
95 -116 
139 152 
-130 -150 
8 141 
-68 164 
-80 -69 
-107 -192 
-94 -190 
111 -178 
-115 13 
89 18 
95 -157 
-118 -187 
31 146 
-37 156 
-49 -117 
-36 -93 
136 -91 
110 167 
-147 115 
-39 40 
-83 115 
-59 7 
-10 -29 
105 38 
-49 -177 
106 -26 
137 22 
-141 -36 
145 -73 
-110 160 
24 -87 
6 102 
109 -111 
50 124 
-36 52 
29 -199 
15 158 
131 -176 
86 99 
-62 7 
161 107 
-7 177 
-102 72 
104 -26 
173 -6 
-181 30 
145 -137 
52 17 
-43 168 
104 -130 
-66 -167 
-174 65 
4 50 
77 -5 
132 152 
-44 -86 
121 -35 
151 -150 
113 197 
-91 -171 
59 140 
175 -74 
71 -179 
-131 11 
185 161 
111 -160 
-166 -107 
55 42 
88 97 
-157 -196 
29 157 
-183 -135 
-13 65 
57 -181 
-72 -142 
177 -11 
69 -191 
152 119 
-153 -136 
150 -66 
-69 -63 
130 -55 
37 159 
124 18 
-158 130 
-32 -185 
-186 -9 
-192 133 
-146 -139 
7 92 
100 196 
-167 -120 
-32 144 
-40 -190 
-143 -109 
9 85 
-112 84 
120 -111 
-19 128 
-44 62 
-74 -28 
-63 -24 
-197 -141 
40 -93 
-142 -37 
-13 93 
198 -108 
17 107 
-10 76 
-164 -169 
-66 29 
-37 -42 
-52 122 
-146 -101 
12 -155 
-42 -4 
-165 36 
149 52 
-65 60 
-114 -126 
-40 146 
75 -191 
107 128 
-32 99 
160 -42 
-48 52 
-199 -57 
98 130 
-99 15 
149 -101 
-9 -181 
58 31 
149 179 
-112 -134 
-108 167 
-62 -74 
-110 -55 
-35 -39 
23 93 
163 -110 
-23 -33 
-156 172 
-52 15 
-152 93 
104 -192 
-96 -50 
72 -156 
196 -49 
41 -88 
-45 86 
181 155 
-127 -71 
41 -167 
85 -149 
-26 -48 
-192 -190 
198 73 
138 -160 
-130 -2 
-38 99 
-141 46 
84 182 
-72 -16 
-104 33 
-49 -197 
-86 182 
105 187 
-100 180 
-184 136 
-45 -15 
114 -199 
-107 -113 
-115 105 
140 157 
11 26 
142 130 
-149 -102 
-25 -152 
176 65 
-83 -4 
93 191 
32 102 
63 121 
67 -56 
-122 -126 
27 -31 
-46 -15 
-72 -41 
-50 24 
-69 108 
-65 -72 
34 -143 
-3 -6 
-106 81 
144 -4 
194 -151 
83 119 
-59 -184 
44 -40 
101 -35 
-17 -174 
-68 -11 
-157 -62 
177 16 
199 -39 
18 -22 
33 17 
73 -177 
-31 175 
178 -107 
-89 28 
150 -159 
-197 -47 
-148 -87 
-181 -22 
65 144 
-59 63 
-109 -153 
-19 180 
104 -193 
105 -197 
-142 -182 
-107 -161 
-2 -7 
-49 -25 
-143 -91 
-120 -64 
156 -120 
-61 -64 
130 -195 
150 -195 
63 180 
-88 199 
73 -15 
-175 -51 
-46 149 
94 10 
177 80 
-94 -182 
199 40 
92 0 
-55 -155 
-159 67 
-87 95 
146 -14 
-140 -167 
-123 51 
141 87 
-75 160 
-79 90 
80 122 
77 119 
-135 -13 
-89 -126 
71 114 
18 -9 
83 -87 
-2 -163 
88 89 
142 -170 
105 87 
-127 -120 
-67 -9 
78 147 
160 -146 
180 15 
-131 68 
124 -79 
-27 -76 
-188 -42 
-32 18 
71 38 
-11 -40 
13 88 
-83 -38 
-103 7 
-33 -14 
-50 -87 
37 -192 
-104 77 
145 -21 
-51 41 
194 99 
-70 117 
106 101 
-37 -81 
52 -104 
-98 139 
-164 -122 
190 -145 
-189 196 
-56 178 
49 -146 
-108 135 
-179 168 
-146 -61 
-90 -57 
-91 186 
-177 -153 
-104 31 
110 198 
-85 -198 
-47 106 
178 141 
-169 182 
138 -188 
-48 60 
-67 110 
-59 25 
-191 44 
-119 9 
-122 142 
-46 -62 
113 -116 
-169 -118 
171 1 
128 -49 
-122 -49 
-119 -68 
120 160 
192 170 
-86 165 
-138 108 
146 161 
81 76 
-45 -179 
-86 -154 
111 113 
151 -40 
-145 151 
-26 -19 
-101 134 
-136 -65 
-55 97 
74 -166 
-24 74 
44 -96 
-77 77 
-184 138 
-94 -143 
113 196 
176 -139 
-129 -189 
168 91 
104 -35 
151 -35 
23 10 
-81 -188 
-145 114 
-90 61 
57 -76 
-79 -25 
185 -109 
40 -173 
-117 -52 
27 -199 
73 -188 
10 38 
-50 -180 
53 139 
62 88 
-1 184 
187 189 
131 55 
16 61 
187 70 
8 -80 
93 19 
-139 124 
-72 -3 
11 58 
-63 -58 
108 62 
184 -10 
29 -101 
153 -16 
-199 165 
-73 -150 
-45 183 
-170 141 
-152 9 
92 -114 
-104 -63 
-15 93 
-71 -156 
123 19 
171 33 
-30 -191 
-30 -112 
177 -58 
-80 36 
-172 46 
121 54 
-15 8 
107 60 
117 102 
113 -153 
116 19 
-84 -42 
-184 20 
149 -60 
73 -37 
-120 -111 
151 47 
170 20 
-157 -86 
-43 112 
18 98 
18 12 
44 79 
71 93 
156 -186 
108 174 
18 62 
-72 -81 
148 -84 
-181 104 
-11 60 
49 -59 
-145 -39 
-30 106 
67 120 
40 184 
-131 79 
135 -187 
-101 -1 
14 -24 
58 19 
-188 -5 
-163 166 
87 -34 
-197 -146 
-26 125 
-76 181 
-54 -151 
194 141 
-173 -170 
-98 150 
64 -64 
-63 23 
1 -69 
76 -90 
105 -148 
-141 -88 
52 -22 
-119 123 
-48 38 
-159 -106 
68 42 
-2 192 
124 -181 
90 28 
60 -102 
-92 66 
-161 118 
-1 -165 
-121 -27 
52 3 
-17 121 
-119 50 
79 -194 
54 32 
-18 -167 
176 -136 
-48 -102 
-2 55 
17 -136 
-159 33 
129 -14 
-23 -149 
140 191 
12 -120 
32 5 
-169 116 
172 -62 
119 -138 
112 65 
-107 51 
127 -192 
-99 20 
-62 92 
180 24 
-30 -86 
187 21 
180 132 
-197 -194 
159 106 
84 108 
52 -165 
-44 168 
12 -148 
78 -93 
106 158 
-72 -177 
78 -79 
-141 -122 
-142 -31 
-154 3 
195 19 
164 -63 
118 -24 
-16 -196 
-88 178 
-182 -177 
-156 10 
-81 8 
165 -62 
54 109 
62 130 
160 -110 
76 -126 
168 -103 
-43 -46 
-127 -9 
41 -63 
143 140 
-105 62 
-196 -163 
140 -116 
68 -146 
-33 6 
137 191 
-171 56 
-42 156 
109 -127 
145 -196 
11 -91 
18 -154 
0 -110 
-185 9 
-57 -146 
-129 25 
145 167 
-185 70 
57 130 
66 81 
-5 -166 
10 -121 
-39 -147 
161 -74 
-161 -22 
-162 -11 
-172 -188 
184 92 
-97 190 
24 -96 
133 -198 
-135 -171 
-126 -4 
53 158 
-17 -87 
176 -171 
180 -73 
130 158 
172 -139 
-85 -66 
-11 176 
-146 21 
-19 8 
11 -127 
149 151 
-112 64 
-76 -194 
-123 29 
-60 41 
110 71 
-3 66 
105 -139 
-48 -79 
33 46 
-179 -90 
-30 143 
-37 87 
183 -139 
48 -150 
12 134 
140 -57 
-147 -133 
-135 54 
105 116 
8 -58 
-183 -192 
115 58 
-91 71 
143 112 
74 76 
158 96 
92 -64 
140 47 
64 48 
-72 24 
187 174 
84 -13 
56 -14 
-121 -120 
140 -14 
-45 17 
168 64 
91 148 
-53 121 
-27 -48 
94 -146 
180 -22 
173 -185 
-148 96 
24 5 
69 -149 
125 -108 
74 -74 
-13 -16 
-11 -171 
-132 -123 
45 -112 
-171 -162 
140 84 
188 -104 
108 6 
-50 -101 
-47 195 
-55 79 
127 -119 
112 -67 
79 180 
191 -44 
-169 91 
73 -181 
-40 -178 
-147 -14 
40 -166 
195 -147 
-127 177 
183 -196 
-35 192 
-29 90 
-115 119 
-12 -165 
5 44 
-61 -52 
85 -79 
175 -121 
127 168 
-84 -140 
-134 169 
61 -131 
-147 24 
91 163 
-55 0 
140 194 
-157 -110 
-85 6 
-33 117 
-61 -21 
120 -64 
-184 -185 
-66 144 
64 -138 
56 -91 
131 31 
85 30 
-89 94 
187 -189 
80 42 
-72 188 
-114 -25 
-67 89 
-18 -105 
-70 -179 
-122 -30 
-104 -117 
-150 65 
111 43 
177 194 
-120 67 
90 45 
48 -166 
14 155 
-56 -198 
-17 97 
-177 91 
-23 -89 
-151 95 
-200 -38 
104 -109 
106 148 
-155 -7 
64 128 
-166 163 
99 -12 
15 63 
-133 -174 
-154 -139 
-28 -124 
-33 142 
-77 -134 
-98 90 
-169 189 
-187 -67 
104 106 
135 -160 
25 46 
-17 -67 
16 -66 
-92 -86 
-29 -126 
-196 -21 
-66 -73 
46 -36 
-181 -139 
-123 170 
129 130 
-177 75 
193 17 
105 -35 
145 143 
118 -9 
-115 56 
11 68 
-136 150 
9 128 
136 -168 
-164 78 
176 66 
37 153 
-21 -41 
-102 33 
-153 69 
-131 74 
-186 82 
-125 -169 
149 -191 
-176 36 
-40 27 
140 -78 
100 -171 
-157 74 
81 -181 
89 142 
189 17 
-94 -141 
-93 -145 
124 87 
-68 25 
69 -184 
100 -137 
33 1 
-82 57 
1 -103 
-63 189 
65 180 
194 -28 
114 122 
-42 -140 
135 -184 
-189 -74 
70 -110 
-60 138 
176 168 
11 109 
-75 -126 
-143 -106 
166 147 
-48 43 
138 128 
45 -57 
-10 29 
0 89 
31 127 
44 -21 
170 -63 
-122 95 
-89 -26 
62 -181 
-132 -156 
25 99 
196 37 
-2 -23 
-117 184 
89 103 
-156 78 
-156 -176 
-4 55 
-75 -91 
29 13 
-4 -146 
189 -171 
0 199 
-179 13 
46 83 
-5 -117 
-130 -170 
-10 189 
37 61 
-181 125 
133 -21 
-42 79 
90 -132 
118 -98 
8 0 
178 156 
19 -11 
-191 72 
-55 81 
79 173 
-107 -190 
69 163 
-17 40 
30 -119 
-151 175 
-118 -10 
76 -180 
175 69 
-97 18 
90 -100 
-90 -134 
-21 -100 
-37 17 
-96 40 
-67 -168 
-19 156 
-82 80 
94 -128 
-47 -19 
-182 -107 
121 -57 
194 -93 
-165 78 
23 -156 
-16 -31 
0 164 
-60 26 
148 110 
-88 -67 
-187 -100 
-124 -183 
-148 -157 
-33 33 
105 64 
-151 -72 
-172 159 
0 150 
-160 -48 
-2 86 
84 -47 
-20 163 
-2 -183 
-106 -131 
-94 137 
-26 189 
174 -109 
141 111 
189 -115 
-8 0 
10 190 
177 -183 
-164 111 
109 -53 
129 -49 
-193 189 
-159 -47 
-69 -32 
-1 141 
19 -26 
140 -27 
-1 -123 
109 122 
128 -99 
15 106 
85 185 
-127 -108 
118 -161 
198 52 
-184 133 
161 184 
22 30 
118 -118 
-45 56 
145 68 
3 128 
-79 189 
-48 155 
-156 -30 
172 120 
20 185 
-115 -13 
3 65 
-115 -33 
-8 -69 
23 -139 
194 -180 
-200 -147 
-185 -92 
-130 86 
49 166 
-135 1 
2 159 
-187 5 
194 -169 
-25 -184 
186 140 
42 -133 
11 -22 
156 8 
5 16 
-2 195 
188 -122 
-148 159 
-181 -26 
-30 -163 
180 152 
-167 -129 
131 95 
129 167 
-130 104 
-88 -183 
-92 121 
-181 39 
-124 -148 
-192 -46 
-154 -190 
-7 -77 
-36 -152 
28 -45 
-111 -80 
21 20 
179 -140 
-114 -143 
-71 67 
104 123 
-167 -152 
169 -79 
86 34 
-132 66 
-68 -89 
-166 -160 
-147 -35 
-130 116 
179 -36 
-11 196 
-54 168 
-76 -149 
160 37 
45 -98 
26 161 
-65 -98 
23 -51 
-190 0 
48 74 
-47 37 
-55 -92 
-92 25 
44 101 
69 17 
-50 188 
36 -157 
-155 -133 
-3 163 
174 -168 
-15 97 
-152 -54 
-11 163 
140 195 
127 -89 
49 -123 
148 119 
-13 -73 
-154 154 
-25 152 
-146 -97 
-39 -199 
133 102 
-9 -142 
40 -180 
-144 167 
-85 188 
-179 -161 
104 -14 
127 144 
172 95 
122 -50 
-106 -98 
14 -12 
-157 -137 
62 -74 
186 -70 
-171 -182 
-161 43 
-157 -144 
46 -193 
100 -178 
-187 -25 
13 67 
-84 78 
142 49 
57 7 
131 -80 
149 -28 
65 198 
-63 45 
63 -162 
72 33 
-104 -98 
67 31 
17 56 
-95 157 
-116 11 
39 167 
34 112 
88 90 
-101 108 
-122 128 
-75 -10 
-31 5 
144 -123 
193 143 
25 74 
25 50 
-151 -194 
-109 29 
-8 27 
190 26 
-47 12 
-144 -139 
193 3 
-183 -17 
-94 110 
-105 -140 
136 111 
-11 -180 
145 -184 
125 194 
58 117 
-26 -95 
-174 -163 
-60 -96 
-86 -182 
-136 -3 
-158 -121 
38 -153 
148 83 
-144 64 
183 149 
93 -125 
76 122 
103 -62 
-176 25 
29 198 
-30 176 
37 -51 
-34 -106 
145 -38 
79 171 
-70 44 
35 142 
-4 -88 
-144 -184 
-31 188 
65 -15 
82 170 
-173 -148 
-151 -74 
108 147 
0 174 
-121 -144 
-34 -39 
-154 -47 
107 -142 
-18 124 
60 -197 
-72 105 
3 -174 
-169 125 
-7 136 
185 59 
16 147 
-22 -99 
-108 -78 
-4 76 
153 -152 
-84 -185 
-51 72 
-144 -168 
-49 -74 
-146 107 
122 -51 
53 -5 
-39 -1 
28 -63 
-181 -50 
-124 124 
-38 54 
-133 121 
139 -95 
-5 -52 
-189 143 
40 176 
-26 -137 
-36 -37 
90 29 
-16 42 
-169 100 
25 -26 
-22 107 
107 -122 
-185 -48 
2 52 
-18 -132 
173 -76 
87 -174 
101 13 
31 -113 
102 -20 
18 180 
69 -84 
-140 193 
-54 -70 
-81 -48 
152 -173 
-95 -44 
-59 102 
-40 -13 
152 71 
121 75 
-93 -124 
-66 114 
150 -57 
-123 -12 
-119 -44 
-56 15 
-3 -135 
-73 83 
146 104 
-108 -2 
99 -132 
92 95 
-119 54 
26 -56 
88 118 
-25 107 
-23 -195 
-30 -4 
162 126 
75 106 
-100 -32 
-157 -116 
46 -100 
-183 101 
-28 91 
13 -177 
-194 -12 
-86 112 
181 -79 
-59 67 
36 -181 
-108 -138 
-9 -152 
-161 18 
-145 14 
-90 -190 
97 -200 
-90 -45 
-171 -113 
80 -160 
-188 43 
93 -165 
-40 74 
-1 177 
161 -47 
-78 61 
-179 -166 
127 -136 
177 188 
73 -83 
-170 -95 
-23 -3 
128 49 
188 36 
-35 63 
-83 104 
166 -172 
-168 162 
14 -111 
80 100 
-184 -107 
-112 20 
-139 172 
-38 -42 
-4 -58 
88 -192 
-169 -91 
-128 162 
7 -4 
128 -164 
-112 -106 
-156 166 
155 100 
188 28 
-103 161 
-105 116 
124 -64 
-68 27 
104 -190 
144 -37 
171 -190 
56 -175 
3 -135 
88 108 
35 -185 
-148 105 
3 154 
122 -125 
-45 154 
-84 -1 
-113 -8 
109 187 
196 -103 
-177 148 
99 19 
3 113 
-108 -155 
-63 159 
87 7 
-133 191 
-73 146 
171 43 
72 -152 
186 14 
181 -129 
111 81 
-179 -156 
157 -97 
89 -2 
54 90 
56 161 
38 -51 
142 -18 
-41 -22 
100 179 
68 168 
-152 124 
198 148 
-141 105 
31 -44 
84 187 
118 1 
8 -63 
18 161 
92 4 
-92 107 
-45 -160 
-53 57 
-124 176 
115 -73 
196 5 
156 134 
-119 162 
106 -115 
-102 121 
-135 61 
38 -48 
-37 -149 
-28 104 
-6 43 
-1 79 
173 -121 
-101 159 
84 -62 
61 -140 
-141 -189 
-72 -140 
0 24 
-127 -111 
104 105 
37 -169 
1 87 
141 46 
172 -76 
-158 192 
-154 149 
188 -188 
78 -197 
157 -87 
-195 161 
-119 53 
-116 -39 
-94 50 
30 -96 
106 -6 
194 -23 
68 -71 
52 35 
-123 39 
-129 60 
-31 -113 
-19 -85 
30 35 
-127 117 
-160 9 
-182 -1 
158 49 
-137 120 
-120 97 
43 92 
-146 -81 
-54 82 
23 -70 
166 144 
50 -64 
-123 171 
-69 171 
153 0 
-81 -179 
119 129 
37 -13 
-48 30 
176 -35 
159 -39 
-192 63 
122 -85 
163 -132 
63 25 
-139 -51 
190 -63 
-189 -95 
176 2 
-10 -22 
-34 96 
93 36 
169 163 
-179 94 
-67 128 
-197 -30 
34 152 
27 108 
-21 -197 
-18 -62 
-79 -94 
148 -149 
155 90 
-182 -68 
-172 -81 
-37 181 
-9 -190 
-189 52 
55 88 
-187 52 
106 -161 
61 -136 
118 -190 
51 40 
63 -105 
154 -130 
-167 158 
195 197 
23 -78 
-76 151 
31 27 
-146 -8 
5 -70 
-55 87 
-93 150 
130 147 
-117 -75 
194 -49 
-140 186 
-159 -24 
-121 101 
-143 -62 
-149 -111 
-73 -122 
13 -3 
-176 -19 
10 -140 
73 24 
43 31 
-112 -167 
-62 59 
179 135 
134 103 
-173 -68 
166 -68 
17 -149 
72 -66 
-163 21 
57 -92 
73 -74 
-154 46 
-124 -6 
-159 -138 
151 199 
-9 -27 
-4 -27 
-156 -44 
-81 -162 
101 -55 
181 -91 
141 167 
134 126 
-22 -173 
-67 159 
-183 124 
39 -87 
-150 5 
-171 177 
-120 -43 
-154 93 
147 -168 
-114 -99 
-181 -82 
182 -106 
91 177 
3 0 
48 -75 
-143 -180 
-30 -80 
56 -78 
-1 39 
-80 50 
-49 21 
-171 -129 
-32 8 
-64 -189 
-109 -149 
63 -152 
-75 -136 
12 -142 
184 60 
199 42 
-125 169 
-111 -178 
31 -133 
-120 177 
13 -38 
-102 184 
17 131 
119 -20 
55 185 
-106 184 
-60 165 
161 -122 
-129 -48 
141 -68 
-38 112 
-173 -44 
-44 -8 
-10 -160 
-187 -140 
-18 198 
-117 95 
-71 115 
-26 -62 
-33 -42 
28 -2 
140 -96 
-101 121 
-163 -103 
-189 -61 
-176 -131 
58 38 
-37 -114 
-156 -43 
150 -18 
-73 -32 
-174 -172 
-173 195 
1 192 
-99 193 
-128 170 
-47 -153 
-154 -166 
-197 84 
121 -197 
173 95 
-60 -19 
-103 118 
122 173 
-159 27 
108 123 
-118 -192 
-5 -16 
68 -171 
136 -181 
-175 148 
18 164 
109 88 
-89 153 
34 -83 
177 189 
145 -151 
144 96 
155 31 
111 -119 
94 -39 
-40 -106 
109 -8 
-75 73 
148 127 
179 -112 
-31 194 
32 45 
30 40 
-16 -114 
137 98 
86 -142 
-182 69 
-87 33 
46 79 
-154 -2 
-179 26 
-152 -106 
141 -169 
188 -169 
-5 -64 
-134 80 
8 -121 
61 134 
-17 -19 
8 178 
154 -128 
-16 -48 
155 -159 
35 113 
-95 49 
57 60 
-9 -19 
-27 190 
6 188 
-128 171 
73 74 
-1 -197 
-167 -143 
-56 -19 
-180 130 
22 36 
-145 -74 
-173 -65 
92 35 
21 -78 
-33 -147 
137 -42 
-89 69 
168 -182 
155 140 
-158 -95 
57 -7 
23 7 
-63 -67 
-167 104 
-26 -169 
141 -119 
19 115 
-70 69 
-12 -60 
124 -32 
188 174 
-87 -75 
52 79 
-17 23 
-163 147 
183 132 
37 157 
-74 -20 
177 -19 
98 53 
176 -176 
151 69 
57 18 
122 116 
-133 131 
-63 82 
-103 154 
27 -155 
77 34 
-149 -65 
113 -75 
-52 105 
-114 -166 
-10 -25 
95 85 
-2 -48 
-80 194 
154 92 
-24 -59 
-54 -7 
-46 -167 
-115 92 
-163 -45 
-63 -35 
58 -8 
8 -179 
-122 -138 
-163 -143 
-70 4 
169 -149 
122 23 
71 -70 
-114 139 
194 62 
-138 -63 
134 -193 
114 71 
-80 -66 
48 28 
-86 -41 
91 -78 
-127 193 
196 -38 
-136 -115 
-75 71 
-117 -69 
-29 81 
-115 166 
-81 -145 
-112 -49 
6 132 
-28 -68 
-34 -63 
174 10 
-42 -135 
101 164 
59 -101 
4 192 
-139 30 
176 62 
28 194 
188 -185 
-149 -160 
-5 21 
-58 -168 
8 87 
70 -52 
128 136 
-172 -84 
-108 -73 
77 -154 
-105 -62 
-185 -59 
-196 72 
106 -181 
15 -195 
-6 50 
-168 102 
28 107 
50 -3 
77 -115 
-28 77 
69 142 
-150 -185 
84 116 
133 -132 
197 68 
-144 13 
-62 -178 
-155 -32 
162 35 
14 92 
116 173 
-56 66 
31 63 
-172 181 
102 199 
187 0 
-32 -142 
-197 104 
176 192 
-51 152 
70 121 
-151 -111 
-9 -13 
20 36 
120 -49 
65 187 
-93 87 
-70 172 
29 -165 
107 15 
141 64 
-123 166 
135 -191 
-130 -61 
-157 -146 
40 16 
178 135 
100 137 
75 170 
162 -90 
84 9 
138 -33 
150 184 
-179 -86 
-1 -52 
-151 -86 
52 34 
185 101 
-160 96 
-114 -81 
-26 132 
40 -58 
140 52 
-38 192 
22 109 
59 -131 
-20 -41 
110 30 
91 198 
-175 118 
-69 -50 
-163 60 
-60 -123 
-142 144 
-121 48 
84 -128 
16 -115 
-36 62 
101 -17 
-126 36 
45 158 
65 -26 
42 16 
-26 107 
-69 33 
120 17 
-49 4 
132 -160 
-148 108 
170 147 
162 -99 
64 -70 
-190 -5 
170 169 
99 57 
-172 -22 
118 48 
-172 -119 
59 126 
94 59 
-131 121 
-164 129 
150 22 
58 -75 
165 124 
-42 -165 
11 -197 
23 -189 
44 -23 
-52 87 
-164 -166 
144 145 
-32 -38 
-97 60 
117 198 
-175 -167 
-135 -157 
173 107 
-114 -100 
130 -167 
-112 -166 
-180 -82 
-120 36 
92 29 
-67 -12 
-38 139 
-95 64 
75 -12 
-183 151 
-192 26 
-121 -65 
-15 -120 
-187 84 
-104 -100 
112 -18 
-167 37 
-42 45 
-1 -105 
186 -6 
-147 180 
-122 63 
-22 -46 
-89 -170 
4 -191 
-80 86 
189 -30 
-184 -163 
-36 75 
107 -9 
67 -53 
-196 21 
59 -188 
-57 -82 
-187 42 
-23 156 
-136 -77 
150 129 
-140 151 
-185 -81 
51 -190 
-20 181 
-156 -13 
102 -129 
-198 -34 
175 -122 
107 -145 
102 92 
15 -123 
154 -3 
155 8 
158 -93 
-8 -65 
-65 -183 
-197 -178 
-73 -159 
147 56 
-151 -199 
-171 -80 
-118 -112 
54 -77 
-42 -110 
-152 96 
-195 21 
167 -64 
145 -122 
-113 85 
-196 76 
-110 130 
26 -138 
169 -199 
-35 79 
-182 -90 
153 182 
180 86 
-87 128 
53 152 
39 -132 
-93 -192 
196 76 
-173 42 
170 -6 
152 172 
-108 -122 
28 134 
-63 139 
135 105 
140 170 
170 -17 
69 115 
11 -140 
36 85 
167 138 
104 -4 
109 -25 
-124 61 
-141 -1 
-24 -94 
96 100 
-81 -94 
111 107 
-59 -108 
15 131 
129 150 
62 -187 
86 -90 
-29 21 
-1 -164 
-104 57 
-48 177 
-156 -186 
-28 147 
-135 23 
-115 -29 
64 185 
78 -109 
108 2 
1 -21 
23 -54 
179 172 
46 -97 
-24 -152 
-70 -33 
176 -130 
35 48 
-54 46 
33 149 
15 18 
-150 38 
-92 79 
-77 -177 
-2 87 
-175 103 
22 -50 
-74 5 
148 -156 
9 -142 
-144 145 
-35 104 
91 -17 
-3 -87 
112 -153 
-104 187 
-168 10 
35 163 
-173 -30 
134 176 
104 -142 
-197 156 
17 -83 
157 -29 
-159 -36 
-78 123 
77 58 
-67 43 
52 13 
33 -37 
13 50 
134 -16 
-176 144 
-38 -2 
-101 -177 
51 -13 
-98 40 
-163 -139 
-60 -94 
-169 -150 
-84 -17 
63 -170 
177 111 
-93 -80 
-106 -61 
58 164 
47 125 
83 35 
84 135 
-109 -137 
52 104 
188 -76 
58 145 
197 -115 
94 -86 
-152 -7 
-128 -74 
28 -166 
-16 -127 
-144 -7 
-102 76 
92 -51 
-163 65 
-34 170 
-78 -61 
-12 -32 
173 -33 
193 -85 
128 197 
199 -42 
151 -92 
169 172 
-200 144 
-19 119 
110 -114 
159 123 
118 171 
-119 -32 
-5 -121 
-139 -17 
143 57 
1 -142 
118 -151 
33 80 
177 185 
122 44 
13 55 
-83 -57 
38 -169 
98 -86 
78 -189 
118 -119 
24 45 
5 -149 
71 15 
54 11 
-158 -96 
-181 37 
-164 3 
101 107 
-135 2 
61 -40 
-136 178 
-4 -143 
58 -5 
-131 -38 
120 -172 
3 142 
-78 18 
-12 -155 
96 -178 
-161 -164 
-146 -150 
-82 -58 
-27 -118 
-36 22 
-175 174 
-57 -61 
-113 50 
-74 78 
78 72 
164 -58 
-160 196 
175 193 
114 43 
117 -192 
-18 -157 
62 44 
-110 72 
118 101 
90 34 
-23 -80 
-19 -155 
53 173 
29 73 
192 67 
-170 -184 
58 -49 
-177 43 
-79 -110 
-78 178 
-165 -141 
-17 115 
-133 -178 
-107 146 
120 136 
-71 -23 
-150 -79 
130 -14 
-119 -89 
-121 130 
93 -85 
32 183 
173 -179 
168 17 
-13 -159 
-25 31 
-81 48 
19 188 
156 110 
175 111 
-111 -9 
113 52 
-85 -59 
66 -162 
-69 173 
26 -31 
-118 -54 
-179 -58 
-75 -13 
39 107 
-62 137 
141 -136 
-95 122 
-147 -200 
-159 132 
-61 -193 
119 -90 
173 -16 
174 152 
-90 -112 
149 16 
32 148 
84 -188 
-46 -37 
-40 -137 
141 -133 
87 148 
-17 -126 
99 -51 
79 -46 
-159 4 
47 -188 
-122 -76 
-162 -24 
184 169 
-47 149 
88 -132 
147 -160 
149 141 
-23 113 
0 144 
-20 -66 
70 -76 
-87 -86 
147 -114 
-120 -96 
15 26 
57 -72 
127 -23 
-86 -179 
129 36 
196 79 
17 70 
-11 -163 
50 72 
-50 197 
16 102 
-23 -197 
23 -94 
-24 55 
-99 125 
87 -13 
24 52 
75 -194 
0 152 
53 -120 
197 172 
164 1 
-191 156 
152 23 
130 -149 
-170 -12 
-167 84 
23 133 
30 86 
-168 -67 
-83 107 
57 -158 
-96 72 
-72 -121 
182 104 
-71 7 
170 -60 
-37 -59 
153 -95 
84 -24 
-178 -68 
27 2 
194 -103 
189 -155 
169 -46 
110 -44 
143 37 
-12 -190 
-143 -108 
-122 -63 
-156 127 
101 -106 
-129 -176 
-57 -144 
163 -112 
25 161 
174 -83 
79 -182 
183 -136 
-99 -155 
50 -151 
79 -16 
99 -16 
11 40 
-83 49 
-183 60 
114 -44 
47 96 
127 149 
-81 -100 
14 36 
-181 -191 
101 58 
79 -199 
-99 -116 
-91 62 
-139 83 
-62 -38 
-30 191 
10 -126 
-42 6 
196 69 
38 -11 
-62 195 
-91 10 
-33 -166 
-99 -114 
152 109 
-182 -103 
-44 177 
143 80 
114 17 
-149 -32 
173 18 
92 -148 
-28 190 
156 185 
18 30 
67 -160 
-10 -139 
-50 -63 
140 28 
47 -28 
6 -165 
-181 150 
-12 118 
37 101 
155 -13 
-19 -69 
177 -190 
-97 197 
196 131 
-58 -36 
173 70 
-73 -42 
-135 -105 
-148 6 
188 -102 
83 -96 
78 -127 
-99 153 
-78 93 
-74 -199 
127 37 
-38 -121 
-106 -110 
-166 -125 
-199 -161 
-180 2 
141 -88 
148 121 
-151 104 
-49 -41 
-58 156 
147 -77 
-132 170 
-3 30 
-105 -42 
176 106 
-132 -15 
166 21 
-138 11 
-29 157 
142 186 
-70 18 
116 119 
-38 -150 
96 -192 
98 -96 
-165 38 
14 136 
-170 -99 
88 -180 
70 -180 
-194 -192 
52 -195 
-162 -159 
-27 -67 
78 27 
-172 87 
112 -138 
24 148 
137 111 
-73 -195 
48 -147 
92 176 
81 -132 
-193 109 
109 -23 
-17 86 
-174 -131 
-39 193 
-81 33 
-150 -106 
127 -46 
158 68 
106 71 
-137 -36 
-48 -106 
25 -71 
-26 -71 
-117 -114 
199 -72 
93 -156 
60 -109 
107 2 
-47 192 
81 -39 
24 197 
-134 132 
-182 -73 
199 18 
-192 53 
-52 -116 
-11 192 
27 12 
47 -54 
-91 134 
-64 -109 
35 190 
179 -147 
-48 16 
162 -162 
52 198 
-157 -23 
98 -78 
125 -15 
188 -25 
-52 100 
-195 71 
-13 -61 
-154 9 
-177 30 
74 -148 
-57 20 
175 -91 
-8 -79 
-81 139 
10 -130 
-195 146 
199 -2 
170 79 
116 83 
-59 155 
-131 -174 
40 80 
-22 -165 
179 14 
-11 73 
-153 -108 
-90 -62 
107 -83 
168 -172 
-37 -64 
21 50 
-103 -28 
39 -58 
-90 159 
-184 -1 
152 -29 
135 186 
87 62 
61 -130 
195 -126 
174 -42 
17 -125 
71 43 
-44 -35 
-21 53 
76 -169 
161 -192 
65 99 
-61 65 
98 34 
25 98 
64 30 
58 -32 
-20 173 
-182 60 
123 -175 
94 -99 
-131 -184 
183 -133 
176 150 
-143 151 
-159 186 
-43 -8 
60 87 
147 -143 
-3 18 
179 168 
102 -42 
-38 184 
154 -122 
36 28 
63 -142 
96 -98 
-159 131 
139 -83 
-103 -37 
-167 66 
41 -41 
-171 65 
46 -47 
-193 161 
159 74 
35 -2 
-48 -11 
61 51 
15 187 
1 14 
10 -129 
-107 48 
-46 33 
-194 -145 
-179 -14 
-149 -166 
-80 160 
186 -198 
76 -182 
89 69 
64 -17 
125 -23 
191 49 
183 26 
38 -158 
-121 171 
17 -156 
123 -23 
160 135 
14 -49 
90 95 
16 134 
-83 21 
9 159 
-127 -114 
-82 143 
87 16 
-34 -89 
-38 100 
54 190 
93 -83 
-109 108 
-196 75 
-20 -9 
141 102 
102 -80 
-61 -19 
191 146 
35 7 
-133 185 
-149 27 
73 80 
51 25 
31 138 
195 -103 
-184 88 
-3 -94 
-108 198 
69 -83 
-114 133 
-200 -7 
-37 68 
80 10 
34 183 
35 -46 
195 185 
-42 -84 
-123 62 
-120 -23 
-155 111 
169 173 
-58 197 
78 -107 
55 -176 
-67 166 
-127 184 
-9 -106 
190 113 
145 164 
-28 -115 
-31 -112 
197 -28 
-81 115 
159 178 
51 100 
198 -142 
-126 -143 
-127 188 
177 -105 
-178 181 
184 180 
40 84 
74 143 
-196 83 
-195 77 
138 -49 
-75 174 
-67 100 
-162 41 
-159 -172 
84 -192 
111 -93 
-80 9 
-95 111 
54 63 
-182 198 
150 -108 
10 180 
-92 -131 
108 179 
95 55 
-139 22 
-125 136 
175 79 
-161 -1 
81 -174 
-49 185 
-183 156 
-84 -129 
-131 -32 
122 65 
-50 -53 
-180 -160 
-136 -180 
-66 -23 
-54 40 
-166 158 
-51 -107 
42 41 
-142 -183 
135 89 
-106 39 
35 175 
12 97 
-77 56 
14 -50 
-166 -92 
108 46 
71 -6 
174 -139 
-132 -69 
199 -187 
115 -123 
-71 -40 
-151 3 
121 90 
73 110 
-156 111 
-136 -24 
172 -16 
-44 -59 
132 -47 
-149 110 
110 -30 
130 95 
-87 64 
3 35 
128 -179 
177 -51 
-70 -118 
24 -170 
-90 3 
53 136 
183 -62 
120 -105 
-160 -108 
-71 -171 
-65 180 
195 -97 
13 95 
195 199 
-192 34 
129 -112 
-65 14 
62 113 
30 -71 
180 66 
-81 173 
93 175 
-35 -123 
35 -52 
-123 27 
115 -93 
176 -98 
-5 38 
-15 115 
-190 -196 
-197 -67 
110 -24 
21 148 
0 -29 
114 51 
117 -99 
-104 125 
-103 -99 
34 6 
82 118 
-198 23 
-27 -11 
-69 117 
-165 -159 
-140 189 
-12 -118 
17 -110 
-137 77 
-187 88 
-18 -68 
-10 -171 
105 -45 
76 -176 
135 -198 
-31 165 
90 199 
90 -141 
-8 -95 
-55 13 
-90 -14 
-39 -116 
-33 37 
182 -134 
-167 -96 
76 -45 
20 -55 
-163 -69 
184 98 
70 142 
-169 11 
-13 -101 
15 -56 
-104 88 
-181 6 
31 143 
-11 42 
-9 170 
57 -16 
69 -78 
71 88 
124 27 
53 2 
77 18 
-84 -187 
98 96 
-168 25 
78 -4 
-154 -52 
167 1 
67 -41 
70 155 
-31 -181 
-116 -118 
-107 26 
151 125 
-162 -183 
20 11 
145 1 
-177 34 
92 71 
-168 -91 
3 -93 
-51 -115 
-25 -142 
68 119 
-106 -21 
-96 191 
180 -46 
-197 152 
112 55 
139 -121 
122 -58 
64 -12 
193 -77 
-117 7 
12 131 
95 180 
-31 -69 
-30 113 
-42 39 
-122 198 
5 149 
54 168 
167 -100 
-177 -55 
56 147 
103 -177 
-195 33 
-31 -134 
-60 74 
134 -24 
97 44 
-191 0 
-128 114 
71 -142 
57 164 
187 149 
-75 -137 
187 123 
192 -116 
-41 -29 
-143 188 
130 -110 
58 11 
-8 96 
-49 -127 
78 11 
176 -177 
66 24 
100 -12 
30 25 
64 -179 
-99 -188 
191 95 
-109 -162 
-146 131 
-64 83 
153 -150 
-41 -165 
130 41 
-137 -46 
46 -118 
163 -119 
165 49 
103 73 
-148 -31 
-110 -61 
28 14 
41 38 
-81 -57 
199 -189 
-50 -41 
-111 -152 
-25 198 
19 169 
-95 -93 
-167 85 
-35 -164 
120 81 
-121 88 
-24 174 
185 184 
14 73 
-112 -36 
-108 186 
-145 123 
-12 96 
-46 -117 
166 -167 
41 -21 
180 -78 
-176 167 
-190 76 
156 -168 
24 -19 
-98 145 
-186 -177 
-127 -155 
-110 127 
-47 69 
140 -188 
44 -8 
-110 -82 
-119 170 
88 10 
-52 -84 
32 -127 
-78 103 
66 169 
-151 88 
124 -105 
-47 155 
198 187 
190 187 
-96 -4 
193 46 
67 -17 
4 -65 
55 -98 
41 -62 
30 152 
-27 -59 
30 55 
93 80 
45 14 
93 -130 
45 -135 
17 -46 
11 -114 
-111 37 
135 -78 
177 94 
126 -133 
-2 143 
82 53 
94 -62 
-63 -8 
-62 -23 
-168 67 
-133 95 
-72 192 
-121 193 
-186 62 
108 -168 
30 56 
-106 -150 
119 -97 
-42 83 
-105 -29 
-117 -174 
107 -68 
-154 -141 
159 -81 
-187 57 
134 -128 
38 -68 
67 -129 
184 -108 
129 -115 
-71 189 
62 81 
-95 28 
38 124 
-105 107 
-99 -120 
33 -132 
37 189 
117 -153 
-61 -185 
-41 -145 
-23 -172 
-87 69 
-126 171 
-122 122 
0 -172 
62 -120 
-113 109 
123 131 
-43 -138 
-123 184 
21 128 
-8 94 
178 35 
178 42 
-175 -33 
21 -44 
-97 -125 
91 -124 
16 116 
3 170 
20 137 
60 -178 
-96 -180 
-181 -13 
-151 -55 
92 69 
-182 -166 
18 175 
83 196 
-73 115 
-188 -53 
-108 91 
-95 155 
-161 -123 
124 -41 
56 163 
28 24 
-76 161 
-193 59 
-119 128 
108 -150 
-122 108 
1 12 
72 192 
62 8 
-38 92 
140 49 
-131 81 
-53 122 
-7 -28 
-173 76 
-191 -71 
-85 -35 
-69 -98 
-145 -180 
25 -105 
129 165 
123 168 
-160 89 
-182 -142 
28 58 
91 -184 
-184 -69 
63 -171 
61 120 
-63 -16 
111 -60 
-74 96 
-33 193 
-42 59 
-14 -16 
-171 -165 
-157 199 
192 -21 
141 -26 
-52 -34 
-17 113 
-167 -46 
192 3 
-33 120 
20 -170 
192 174 
-139 -162 
-100 48 
133 -159 
175 6 
23 40 
-2 -80 
38 7 
-37 13 
-75 39 
-80 91 
142 -77 
111 65 
-116 149 
68 110 
110 2 
-74 135 
-118 -160 
-151 -38 
-138 35 
29 -74 
-38 -137 
-175 2 
4 24 
177 -124 
-34 152 
-62 143 
165 114 
171 -76 
-97 82 
186 192 
-40 -188 
113 118 
18 69 
-188 92 
139 73 
37 137 
-120 104 
-148 51 
129 -96 
118 22 
57 -167 
194 47 
23 -105 
-173 -101 
179 -82 
138 121 
21 64 
-122 -136 
70 -108 
165 103 
-93 175 
109 -40 
172 -71 
8 147 
99 -187 
-54 -128 
128 -51 
-163 72 
74 -169 
32 -32 
184 -105 
-77 52 
-118 -36 
-158 145 
-44 -73 
-110 168 
-108 3 
-85 -190 
-118 -5 
30 112 
-102 4 
187 -32 
136 29 
-153 -44 
105 195 
137 -138 
-56 172 
108 69 
126 15 
-122 -105 
-59 -122 
-118 -12 
46 -105 
-129 21 
90 -165 
-144 39 
146 -65 
146 157 
-38 -98 
84 28 
-151 63 
31 104 
170 145 
-57 -3 
-126 93 
-124 74 
-149 172 
-154 -151 
97 -37 
-38 -183 
-41 -118 
-96 -165 
-37 -38 
43 -172 
-14 -72 
-14 -17 
14 35 
-168 -181 
144 176 
77 -109 
90 7 
-78 136 
45 -3 
199 -164 
-175 142 
-95 -68 
134 -27 
72 -141 
95 141 
-73 -146 
24 -90 
174 173 
2 58 
-139 20 
-102 129 
-23 153 
-13 15 
168 -149 
-143 141 
199 97 
-199 -93 
80 3 
58 146 
56 119 
34 187 
-150 -109 
-160 -50 
125 -40 
-97 -167 
178 103 
47 -47 
96 152 
-155 123 
-183 92 
56 184 
109 35 
108 -146 
-128 49 
120 24 
-162 -82 
18 0 
-185 165 
161 127 
75 57 
15 -135 
-177 -83 
-175 -37 
109 85 
-23 159 
-52 -4 
148 -95 
-90 -174 
-64 -2 
-153 121 
56 -139 
-31 -114 
46 -74 
-82 137 
184 -109 
20 168 
167 -117 
-32 154 
0 -118 
17 9 
-149 49 
-100 -2 
-21 -200 
44 47 
-198 -73 
54 -62 
-100 -192 
-171 129 
4 -18 
167 -172 
145 -177 
-69 -166 
88 133 
-137 -72 
-182 -143 
144 34 
-162 27 
-15 -156 
66 8 
133 166 
-187 -193 
-103 33 
-156 -181 
199 -181 
-9 18 
37 166 
-166 102 
66 134 
152 -109 
-55 -166 
-11 37 
53 78 
-86 63 
123 109 
-182 167 
102 -90 
12 -53 
35 -14 
-181 117 
143 -28 
3 -56 
87 72 
-27 101 
-176 -75 
-108 -44 
-170 -49 
5 -131 
-142 102 
45 181 
143 55 
-146 -124 
96 -137 
117 155 
52 62 
-76 104 
-101 92 
146 143 
-1 195 
-57 114 
-144 -108 
57 -94 
-94 42 
145 150 
-88 -79 
35 -42 
-158 -106 
-182 -111 
161 -118 
-30 -84 
-44 50 
-153 38 
107 -182 
-178 19 
-63 -147 
90 -37 
-194 41 
42 -85 
-142 47 
70 -187 
114 79 
-88 -121 
92 68 
-177 -184 
129 -134 
-19 -89 
179 11 
-123 123 
-148 180 
-118 -17 
70 39 
-150 188 
30 137 
-46 172 
127 -188 
103 96 
99 72 
141 -22 
55 -22 
138 -198 
-22 87 
40 98 
-90 80 
-9 -146 
0 -103 
15 -31 
98 -147 
145 -194 
-186 198 
-92 193 
-39 9 
168 141 
188 190 
-28 -147 
-159 12 
-124 49 
167 11 
158 148 
141 -51 
-154 185 
-91 -120 
-92 -93 
171 94 
-131 -72 
140 -112 
79 55 
-128 -146 
-55 69 
-69 -6 
174 -120 
37 -16 
-127 -157 
141 60 
184 128 
43 -105 
-2 -184 
14 22 
-43 92 
-166 36 
123 -144 
140 -84 
-125 19 
78 92 
161 69 
31 -91 
2 -70 
-43 -66 
-39 -180 
38 127 
-130 -12 
185 165 
-19 -125 
36 47 
116 90 
-189 150 
143 105 
-105 104 
-135 11 
22 -115 
90 -129 
-156 -162 
111 47 
-156 105 
-176 138 
-172 11 
18 57 
-72 -84 
187 75 
23 121 
-11 -13 
90 -15 
-31 -170 
-165 -199 
-160 -73 
-95 -193 
-60 95 
131 -85 
27 -42 
32 172 
28 -163 
70 37 
-92 -65 
-46 60 
8 171 
-164 184 
79 169 
168 -147 
151 -28 
126 -48 
25 -15 
163 196 
102 163 
-36 199 
-91 -138 
-183 129 
-38 -33 
45 77 
163 -193 
33 48 
-185 -126 
-198 -85 
-21 130 
-15 -1 
128 35 
199 -62 
-182 88 
-175 117 
-74 -43 
-171 -100 
-18 -182 
-65 -82 
53 -98 
139 -49 
-178 -158 
191 117 
22 -51 
51 -104 
189 -42 
170 183 
47 2 
-92 -166 
111 -47 
-170 179 
-99 96 
-148 -144 
93 88 
121 -101 
-112 -114 
-5 98 
-16 -61 
-106 93 
-130 -87 
104 -32 
-25 -68 
-137 -183 
-130 -22 
-18 -2 
40 -156 
-125 101 
-96 112 
-189 44 
-59 -163 
-126 10 
151 103 
-155 159 
-88 -139 
164 -189 
108 193 
1 166 
-138 54 
-88 176 
-182 -28 
-125 -162 
96 111 
-137 -3 
101 138 
42 -119 
76 155 
2 30 
151 95 
153 -93 
-23 157 
-40 -33 
-82 102 
46 70 
137 86 
-59 -74 
198 60 
-115 48 
82 -76 
100 105 
48 -61 
125 165 
63 -108 
152 -138 
-165 129 
93 -136 
-50 123 
135 179 
143 -72 
-193 122 
-103 192 
-147 20 
19 191 
61 58 
-164 105 
-8 -60 
87 -96 
174 -75 
86 -39 
-146 -141 
73 31 
113 -21 
-116 -105 
-139 -20 
39 -114 
-31 -117 
31 -122 
-177 -73 
131 33 
166 -92 
103 6 
-181 162 
5 -197 
112 -87 
71 104 
56 146 
72 148 
130 -60 
-11 72 
-153 -104 
-79 162 
169 156 
158 -106 
195 160 
161 -150 
18 -119 
112 -175 
12 47 
54 103 
165 140 
-115 141 
-178 -128 
-121 68 
164 151 
106 17 
-1 28 
13 -26 
-192 128 
-23 -103 
114 27 
-181 2 
-34 146 
-198 -5 
141 138 
157 173 
84 79 
-60 92 
35 -77 
-166 45 
93 159 
127 -98 
-31 -133 
-111 -20 
-82 69 
119 198 
129 46 
28 -60 
-108 -84 
-101 -74 
-128 -190 
138 192 
58 -37 
-166 143 
-172 -130 
85 -35 
37 -91 
-39 -161 
-2 -39 
-8 -98 
-75 105 
58 -133 
176 -119 
42 89 
-137 -191 
-199 -81 
-182 131 
-5 -145 
-89 77 
106 -73 
170 -104 
-128 151 
27 111 
-158 141 
-63 -31 
-188 -121 
59 -77 
183 155 
137 -195 
-161 153 
-87 -23 
96 10 
-10 102 
175 -72 
-107 -26 
161 166 
98 -40 
173 -127 
-7 -18 
-110 3 
5 -151 
-98 -125 
127 143 
24 194 
191 44 
-107 -53 
187 126 
75 155 
34 130 
85 61 
-101 166 
87 65 
181 144 
-140 144 
178 -33 
-51 -82 
-151 180 
-109 -192 
22 -10 
-75 -165 
118 -21 
-169 46 
-30 -173 
27 5 
184 49 
92 144 
-134 -105 
-96 100 
48 -55 
46 64 
198 145 
-165 -189 
116 94 
-58 -174 
39 -120 
-71 -134 
173 -14 
79 136 
-124 -37 
149 36 
-25 -182 
41 -9 
-104 -183 
-186 37 
-15 -114 
-71 152 
98 -93 
104 178 
73 101 
-168 -21 
110 -51 
74 -53 
-28 -53 
-122 21 
-76 -50 
198 -66 
164 -3 
151 -39 
136 -192 
15 21 
-11 29 
61 154 
-88 -54 
-160 -26 
-40 -3 
-200 -179 
159 42 
175 -198 
-106 181 
26 -154 
57 -141 
33 -24 
-152 -166 
-133 181 
-197 147 
-42 121 
0 136 
-94 16 
-67 -198 
121 103 
-5 -194 
73 -172 
-115 -153 
37 -161 
-165 163 
-152 199 
2 92 
-24 -111 
98 -38 
-29 -190 
63 -66 
115 72 
-92 -11 
-79 -180 
-42 -55 
-37 178 
129 16 
-156 133 
-189 -51 
-53 -132 
-131 -83 
22 117 
20 184 
-166 187 
-12 111 
27 129 
165 29 
80 -100 
12 -170 
-91 -160 
167 -136 
146 169 
103 40 
-107 38 
158 179 
78 -199 
-35 -146 
-154 194 
184 52 
-152 -103 
39 2 
157 -62 
-150 -34 
-167 169 
-83 183 
-4 91 
27 1 
87 11 
89 -157 
-118 177 
27 -20 
51 -75 
190 -189 
34 88 
-165 -170 
87 -112 
30 130 
143 180 
126 32 
-117 119 
-30 47 
-159 -143 
-72 123 
175 53 
157 6 
100 135 
81 199 
-176 60 
129 -70 
-174 10 
-142 77 
-131 37 
174 -45 
167 23 
-88 168 
1 -119 
138 -85 
127 -40 
16 89 
78 134 
107 -98 
-85 169 
-184 -65 
-33 -87 
166 -200 
174 113 
146 -155 
-186 -91 
38 161 
-114 49 
-189 -96 
177 21 
144 -69 
-18 -193 
12 -115 
-18 7 
-11 -9 
190 -54 
-103 -85 
97 128 
78 58 
-108 -12 
90 -21 
-71 -77 
-14 -172 
137 -63 
-11 116 
-59 191 
-151 149 
50 -135 
-102 22 
-139 -199 
-12 -42 
34 129 
-136 -62 
-151 -144 
-6 -173 
-173 32 
151 83 
-69 -95 
53 10 
-186 16 
-95 11 
-133 156 
193 -23 
91 60 
77 110 
156 -88 
3 9 
-124 -80 
8 3 
135 -88 
-95 161 
-90 15 
-177 7 
-123 -50 
50 65 
192 -79 
17 105 
176 120 
-90 138 
167 -17 
107 4 
-141 16 
-103 18 
14 -114 
-35 -200 
-121 -76 
55 3 
-65 90 
-176 119 
-129 -151 
34 -105 
141 140 
166 58 
-28 -181 
-198 -129 
186 -131 
92 -50 
57 -193 
-80 -185 
44 133 
145 -5 
-10 -120 
-76 -145 
-13 83 
-94 -146 
158 44 
-107 131 
-145 -109 
-162 -142 
-167 154 
68 -196 
-44 131 
22 189 
0 -105 
74 7 
-5 -118 
-106 -52 
196 141 
-9 76 
63 -18 
190 53 
-103 138 
-106 167 
148 -59 
-116 84 
-92 41 
-160 70 
-159 1 
-72 -90 
-108 173 
17 125 
-62 -50 
80 -34 
-99 -158 
-120 163 
184 13 
-118 -24 
171 -35 
-159 -179 
118 188 
31 3 
-194 78 
21 -72 
15 -58 
130 -40 
-14 62 
46 -15 
-48 110 
110 -113 
72 -140 
-162 61 
-107 96 
-72 46 
52 160 
-68 7 
153 15 
108 -97 
164 146 
-159 19 
-78 126 
-81 14 
185 22 
165 132 
-16 -135 
-192 -139 
-130 -136 
-90 24 
-127 -61 
-69 -126 
110 83 
-38 -41 
21 17 
-2 -83 
-76 -103 
46 -107 
-31 -172 
-15 -190 
6 142 
-116 69 
12 112 
12 -173 
1 122 
46 -129 
99 -144 
191 -104 
-48 -137 
-191 -8 
-169 8 
-54 50 
108 -44 
170 -46 
-78 185 
-97 -154 
192 93 
-60 69 
1 173 
128 11 
-26 -29 
149 70 
-92 -169 
51 -164 
168 -118 
-131 -197 
-120 63 
42 97 
27 -100 
-156 -114 
-122 -32 
-156 -35 
65 11 
57 -96 
88 -66 
59 10 
-172 -160 
-172 -103 
65 20 
189 -169 
171 -151 
-35 95 
39 -104 
-117 8 
-179 109 
120 -110 
-8 -190 
-43 50 
-129 138 
-143 -163 
183 -161 
-1 9 
167 199 
15 36 
126 -52 
-117 -33 
-26 -174 
-128 3 
123 21 
-120 -146 
-193 -149 
-16 170 
129 126 
-193 -147 
-191 -130 
-85 -62 
48 12 
-6 -106 
120 74 
-121 -38 
-194 146 
-161 127 
57 198 
118 -28 
-5 193 
-167 105 
-20 190 
-3 28 
-155 -132 
16 -89 
-52 -81 
-71 -27 
54 -143 
1 136 
-146 -167 
76 103 
156 195 
170 141 
-63 -152 
-34 -72 
-100 107 
-72 -85 
75 -93 
-16 -172 
-152 165 
111 -196 
36 -111 
-70 -196 
90 35 
-112 -173 
143 -45 
-125 -114 
130 105 
51 -121 
-86 -8 
-155 137 
149 186 
-152 190 
117 48 
181 103 
-50 175 
27 -159 
-84 17 
-139 -84 
-163 -101 
-71 83 
-55 84 
1 64 
-122 116 
-74 -26 
-22 45 
-98 -95 
-111 -171 
-4 186 
-57 62 
-116 12 
-28 -159 
-135 -174 
12 -15 
81 121 
166 29 
191 -138 
9 -98 
59 81 
139 146 
174 140 
-68 144 
-181 -155 
176 -184 
-142 113 
103 118 
-181 96 
-5 -136 
-121 -72 
13 126 
34 14 
53 168 
-126 1 
-15 100 
190 158 
17 -61 
59 102 
61 52 
10 -102 
-150 -152 
-129 -23 
134 78 
180 80 
160 21 
90 60 
-51 10 
-129 -17 
-140 -181 
-95 117 
-155 -43 
-91 -166 
-96 -155 
-157 -109 
175 -188 
84 -29 
-46 -168 
148 15 
-130 150 
172 -107 
55 -162 
83 173 
195 193 
-107 -56 
153 2 
132 46 
85 57 
52 -170 
-28 113 
-65 -192 
-190 151 
-99 -167 
-174 -65 
-3 -57 
43 -1 
95 82 
-99 -90 
163 159 
-28 128 
4 45 
166 -69 
14 57 
144 148 
165 -164 
-38 -11 
-158 -65 
-137 160 
156 135 
114 12 
162 -116 
-175 -34 
28 185 
25 30 
-133 164 
45 -153 
32 -38 
153 -90 
76 110 
-47 -97 
170 -70 
89 -94 
148 -189 
158 150 
-37 -39 
-173 2 
-24 -187 
-69 -115 
20 -86 
163 197 
92 -159 
-76 -129 
-119 -176 
46 -179 
52 67 
-1 -25 
161 -96 
-196 34 
145 -140 
-67 65 
-13 -74 
59 -82 
-5 -139 
-95 133 
87 -194 
163 -9 
59 -145 
4 1 
-141 -195 
28 -118 
141 -83 
-32 112 
-88 96 
190 34 
-174 -42 
-107 168 
-80 161 
69 151 
-156 -94 
-176 184 
162 -121 
-44 121 
180 60 
-180 75 
51 86 
-54 63 
-110 49 
17 -3 
127 0 
117 -15 
-121 53 
55 -200 
-37 137 
158 -49 
184 -51 
-200 196 
97 -127 
84 72 
20 -145 
-77 149 
-148 192 
149 -125 
-51 -20 
-148 -124 
19 -60 
30 -196 
-127 77 
99 74 
56 29 
127 -169 
-82 -31 
-70 -106 
-35 47 
-178 55 
-109 -185 
74 85 
-97 113 
-99 71 
138 -100 
186 -55 
-80 -9 
130 84 
-29 26 
15 -142 
-20 146 
-174 -68 
16 -135 
-163 26 
160 154 
-107 -41 
100 -53 
162 72 
26 -144 
-34 54 
117 -184 
65 66 
-48 138 
-145 28 
-82 148 
8 -148 
-189 -194 
141 -70 
29 -95 
136 69 
-153 21 
-112 196 
39 -160 
125 117 
0 -22 
-29 -109 
-108 -28 
7 -107 
-132 -134 
-55 10 
-182 7 
173 5 
141 4 
-123 176 
118 -132 
-127 -148 
-87 110 
68 -170 
117 -156 
-68 -179 
-97 -24 
-31 -164 
193 4 
-169 63 
15 -60 
-71 -17 
-143 48 
115 107 
-140 -158 
-175 -28 
129 38 
-31 74 
154 171 
-148 -183 
-1 58 
-56 109 
-67 136 
180 59 
-95 -3 
-178 144 
-151 35 
119 -193 
-168 3 
50 30 
142 -185 
196 -133 
147 -112 
160 68 
126 -137 
-100 -137 
-157 119 
-110 54 
43 -14 
153 44 
10 -133 
-56 -151 
-136 183 
-21 -176 
-173 14 
-177 59 
-108 73 
-54 89 
-92 173 
-81 163 
133 4 
-128 -183 
112 -146 
190 -122 
-115 28 
164 -24 
157 -197 
78 16 
-162 -35 
-77 97 
74 -152 
-185 -122 
-177 -198 
80 26 
139 -168 
-143 186 
16 108 
-4 40 
-72 -119 
-102 -106 
-152 38 
-30 31 
94 -91 
144 127 
136 129 
69 -156 
-130 -23 
-68 -45 
180 -60 
-176 -165 
134 83 
-40 -182 
-185 -128 
-18 77 
-184 -9 
-68 29 
58 -63 
-41 161 
46 -70 
-144 156 
-180 -1 
-102 -9 
-158 12 
-73 197 
-124 112 
191 157 
164 95 
-87 -73 
171 132 
-89 83 
-58 -69 
198 165 
120 48 
-147 60 
74 -27 
64 182 
18 41 
103 -194 
-159 -147 
131 -76 
-112 105 
-149 94 
-3 165 
-102 -67 
155 -30 
148 -19 
195 63 
-136 158 
-126 70 
-55 43 
-121 12 
37 20 
103 160 
-68 56 
122 -47 
-183 -10 
18 111 
41 93 
78 -10 
-126 176 
178 -77 
81 193 
41 141 
113 -105 
-22 111 
19 13 
-77 50 
161 -153 
10 133 
-13 -94 
-67 189 
154 -22 
118 -13 
-18 -110 
29 48 
-174 -116 
-166 -71 
-154 -64 
184 4 
-43 107 
109 19 
19 107 
9 190 
-8 -122 
152 -102 
113 50 
167 -12 
24 -73 
63 96 
-29 -11 
114 -18 
-9 65 
89 176 
-54 -100 
121 -45 
-113 -95 
167 113 
175 94 
168 69 
-7 65 
110 91 
-120 -17 
-168 76 
29 -119 
38 -110 
-101 -199 
-21 29 
-74 2 
-55 -72 
-155 -73 
89 33 
42 -20 
-172 170 
114 -100 
-31 -197 
145 -20 
180 -113 
-100 -130 
105 -199 
-74 -165 
23 -66 
-84 196 
-112 103 
-73 183 
-30 -114 
155 59 
-24 52 
-55 -114 
-64 -179 
39 67 
-161 -14 
93 -86 
-3 -150 
-142 179 
130 -113 
-5 139 
174 51 
82 158 
77 -1 
66 85 
149 89 
62 87 
95 151 
-15 90 
-183 135 
30 164 
-163 -8 
-33 30 
163 -103 
-194 141 
87 -176 
161 -197 
141 -130 
-108 -33 
-186 195 
174 -65 
-75 -133 
33 -89 
-131 143 
54 -163 
-87 -56 
155 156 
6 -94 
-47 -2 
11 111 
-167 190 
-133 32 
106 -66 
-117 172 
-7 117 
-40 -74 
28 -175 
-88 -77 
106 87 
-157 -158 
89 168 
16 -117 
-22 196 
-108 126 
-159 -57 
79 30 
93 106 
15 -121 
86 87 
-131 -173 
-21 -10 
-139 43 
15 -99 
-147 63 
192 -9 
182 23 
94 26 
-70 -34 
4 -164 
-186 159 
-175 -188 
-57 -194 
159 -151 
170 -75 
62 184 
150 197 
-167 176 
29 39 
-172 118 
-36 85 
150 -191 
52 85 
-10 127 
188 109 
-53 -169 
-103 197 
75 -133 
-189 -58 
11 6 
12 -44 
30 60 
-115 99 
-92 -186 
-150 -111 
53 -50 
87 23 
197 -185 
79 -149 
95 0 
144 52 
-183 97 
36 169 
-55 -161 
-59 -45 
92 27 
-107 62 
-189 115 
-120 -39 
-116 -54 
-97 -3 
104 58 
-102 -100 
6 -33 
82 -57 
-187 191 
-96 148 
149 4 
98 -62 
59 100 
-79 -104 
-35 -112 
196 9 
199 168 
99 139 
12 -14 
114 -175 
-101 41 
-142 38 
-94 91 
66 -98 
176 -87 
-192 -77 
-21 122 
176 147 
-26 51 
46 -130 
-189 146 
21 -102 
-174 -5 
179 -181 
130 -38 
-93 -26 
-167 -54 
59 172 
33 -75 
-166 180 
24 -78 
17 -14 
16 199 
-91 -26 
185 76 
51 -148 
179 140 
-184 -196 
97 21 
-75 -156 
-118 186 
-190 -14 
142 36 
31 47 
-94 166 
41 194 
-156 189 
56 129 
156 183 
11 189 
-133 96 
-166 164 
5 -86 
-46 22 
148 159 
-33 81 
-177 -144 
131 194 
90 140 
-137 -57 
-68 -174 
-189 7 
-106 74 
62 159 
-120 -154 
93 -195 
50 20 
-171 115 
76 81 
5 -187 
98 -69 
82 44 
-148 -184 
155 -35 
164 88 
-152 98 
5 36 
-163 74 
-87 -177 
-5 15 
-157 183 
-92 130 
44 166 
97 62 
121 -132 
166 -110 
-67 -134 
121 -116 
164 102 
144 -3 
120 -173 
64 97 
-90 129 
-58 -83 
25 160 
-28 80 
42 -5 
90 -135 
55 167 
-22 -16 
-200 -44 
-52 -150 
-75 68 
-165 -22 
-66 -108 
-79 13 
50 182 
104 -81 
-122 140 
-90 -47 
16 -142 
-55 -97 
65 -200 
40 -46 
-112 -196 
-156 157 
-38 -12 
-137 -116 
26 46 
-55 166 
-42 -107 
75 -89 
21 -194 
-129 178 
121 -42 
-191 -52 
-183 -112 
-16 99 
194 -66 
78 -38 
104 -165 
31 99 
103 -32 
-58 8 
44 -119 
158 93 
93 -164 
-195 -183 
-124 192 
177 -22 
158 -153 
-150 13 
-189 184 
-65 -121 
148 -83 
-185 -108 
74 -51 
-95 153 
-174 -37 
101 -51 
-171 -11 
-82 100 
56 131 
26 143 
-195 -84 
114 173 
34 -77 
-113 -163 
-21 152 
96 54 
-86 -71 
-24 -46 
-25 -7 
32 150 
-36 -77 
-167 143 
-26 -42 
76 20 
-121 -67 
105 -34 
-145 138 
137 -54 
-51 -62 
-22 122 
-93 -177 
87 185 
112 -21 
12 -105 
-63 68 
12 137 
6 -139 
82 9 
-103 -170 
-154 115 
-195 -163 
-117 -63 
-14 -42 
21 88 
97 -109 
161 149 
66 34 
160 -145 
45 -141 
-174 -130 
118 187 
-148 -49 
-19 -52 
-103 0 
175 -185 
124 -26 
-39 -117 
-134 26 
-141 -102 
-66 -163 
44 97 
71 3 
126 -184 
-170 -93 
8 -143 
-87 -135 
198 -9 
20 -127 
-20 -75 
-164 -119 
158 164 
180 -167 
-171 15 
32 -171 
13 -61 
-75 -47 
-144 176 
-50 -128 
-160 -195 
-167 51 
-8 160 
-20 -163 
116 182 
134 -139 
168 13 
-81 -89 
-48 199 
72 -122 
-138 150 
10 -196 
-5 164 
142 96 
20 102 
15 -102 
15 3 
-185 184 
42 142 
-161 163 
159 1 
-72 8 
-167 -83 
-2 104 
-196 -189 
193 57 
138 -141 
174 -127 
-187 127 
-15 50 
-130 41 
-12 -182 
-181 164 
188 -199 
64 -47 
-20 50 
76 55 
197 -200 
-14 196 
43 138 
62 105 
-189 198 
39 95 
165 -115 
-138 -112 
-10 -181 
88 -37 
11 141 
-192 -166 
121 24 
-53 -166 
54 -99 
-127 93 
-122 -65 
-68 151 
95 115 
-43 49 
-171 -84 
-73 94 
79 -6 
-51 88 
-66 14 
197 107 
98 -2 
159 194 
-3 128 
-143 27 
-100 56 
194 -193 
175 -109 
198 -165 
-59 -181 
-11 -123 
-141 164 
-65 -8 
-7 85 
-53 -47 
-43 171 
-48 115 
-63 -165 
-102 -70 
33 126 
-78 189 
-166 156 
159 55 
-82 -19 
132 -193 
-32 -143 
-177 78 
-90 124 
185 -199 
-1 -2 
-55 151 
100 155 
-182 192 
-42 99 
-41 -130 
124 -169 
-174 30 
16 55 
40 181 
63 -128 
34 160 
98 7 
48 158 
-9 24 
191 160 
-135 75 
-13 -91 
144 126 
80 92 
-125 -60 
96 -31 
181 69 
-54 -121 
-91 -18 
91 56 
-52 -141 
-191 -47 
-147 -191 
95 66 
173 71 
-75 -175 
-131 -59 
47 120 
-179 193 
198 -113 
46 74 
39 -27 
-140 110 
-121 -164 
197 -70 
-143 -182 
196 -162 
-102 136 
178 -34 
40 78 
80 76 
-152 170 
-34 -28 
-77 145 
-95 147 
-200 124 
-52 161 
-46 -50 
148 -65 
-126 84 
-185 -5 
-158 -89 
-144 -105 
-179 -4 
75 -143 
48 43 
98 180 
76 -56 
-146 -112 
52 46 
-148 72 
-183 1 
79 -103 
-127 -153 
-6 -191 
174 -136 
123 98 
47 199 
-198 32 
-96 168 
71 -198 
-1 -171 
-127 6 
-133 86 
-158 -128 
16 35 
-95 -178 
103 -117 
140 183 
-62 -141 
16 53 
178 -175 
194 92 
-102 59 
151 148 
88 78 
147 -53 
-167 -139 
10 1 
-13 -133 
-13 -90 
139 10 
34 -151 
-167 137 
93 -179 
7 -171 
-133 195 
-117 -162 
-95 -13 
-178 -109 
-72 164 
-187 14 
-47 -147 
-32 -173 
83 139 
66 113 
116 154 
125 -13 
-94 -118 
15 100 
-181 -129 
-61 119 
15 14 
-48 -91 
2 79 
194 15 
91 2 
71 -129 
-171 117 
-158 -187 
163 63 
17 123 
70 -55 
-158 19 
-197 171 
180 65 
126 -114 
-147 -166 
129 -159 
55 108 
73 127 
17 146 
-181 -25 
-192 142 
29 56 
107 -23 
23 48 
-198 -64 
-43 186 
15 -118 
180 163 
-93 -21 
77 -190 
6 171 
-33 111 
97 27 
38 -6 
-20 109 
182 -56 
19 20 
76 -51 
-53 -25 
63 140 
141 183 
-196 -42 
122 160 
-154 -90 
-56 159 
-22 -88 
66 165 
114 140 
47 135 
111 172 
145 183 
-140 196 
-23 39 
4 -176 
88 -147 
-14 -168 
-95 70 
-14 141 
83 49 
-138 -188 
-21 -188 
-158 -194 
-63 166 
178 -21 
137 -4 
73 181 
-174 -89 
-123 35 
-62 28 
-29 71 
-32 131 
188 -195 
-134 66 
37 -73 
72 -19 
-7 79 
66 32 
-72 -194 
-99 -97 
-69 -170 
-76 27 
-108 9 
-123 -104 
-123 -32 
88 -29 
-170 -59 
-111 -156 
14 -142 
-31 -68 
-84 105 
160 137 
-182 13 
146 -176 
77 15 
-157 -165 
-194 3 
-71 -13 
-159 -161 
-102 146 
-59 133 
86 195 
-193 -20 
178 146 
90 178 
-59 153 
196 139 
192 167 
-199 29 
-181 157 
171 -121 
-19 107 
100 178 
137 49 
-126 -157 
-93 -130 
114 65 
179 36 
-30 -156 
-198 -49 
-190 68 
195 -116 
-20 -141 
115 6 
-89 33 
-184 -109 
150 -6 
-2 -34 
122 -28 
56 -8 
44 -109 
-83 159 
18 -135 
2 -173 
-178 152 
-138 195 
-155 156 
114 -36 
184 133 
-37 -27 
149 135 
-45 7 
44 15 
72 36 
-105 158 
-105 0 
21 22 
-163 179 
-107 -101 
-57 52 
82 145 
24 169 
41 -93 
133 137 
199 -172 
-156 -127 
-100 -147 
-47 164 
109 -175 
113 -27 
-193 -129 
-157 -96 
68 -11 
-7 154 
151 -126 
116 197 
-36 152 
198 -188 
-142 -33 
-39 174 
-129 -164 
-140 -34 
13 54 
40 -169 
193 180 
-37 163 
169 -181 
-24 163 
179 -176 
185 -77 
2 22 
184 -58 
-179 -97 
10 -8 
156 182 
118 -124 
75 -62 
41 -159 
-159 193 
-151 146 
145 174 
49 45 
-155 161 
106 14 
20 -13 
-86 -51 
109 155 
-170 -79 
-57 -52 
-5 -187 
3 182 
-137 -125 
159 117 
-89 -35 
114 -176 
-108 -96 
-99 133 
-111 99 
26 -200 
199 -20 
148 192 
-194 -110 
-141 51 
-74 -83 
-73 -183 
-24 -103 
176 -53 
-29 -101 
38 -197 
175 136 
-187 -83 
-186 -82 
169 -33 
81 -190 
-76 140 
-1 100 
93 142 
138 176 
-150 78 
48 114 
180 -139 
-20 156 
187 93 
-144 -65 
-27 42 
-172 -61 
-49 31 
107 -106 
-125 15 
-158 -84 
-193 78 
-190 -179 
142 172 
-153 -78 
58 134 
96 107 
112 183 
56 148 
-150 162 
-181 91 
183 81 
190 -43 
-133 -171 
40 -116 
86 -184 
-145 155 
-23 -90 
-5 -172 
80 119 
149 170 
-174 76 
144 183 
-11 13 
112 -8 
-166 -13 
-88 -31 
-25 167 
169 -72 
-146 -68 
38 -57 
-94 -198 
71 147 
-180 -172 
-63 161 
14 8 
186 -130 
192 104 
-163 -70 
-35 195 
-187 71 
-142 184 
-84 59 
180 -96 
43 -71 
-56 -75 
-39 -130 
189 95 
-161 -82 
144 157 
194 -30 
39 -148 
-74 -191 
-175 -178 
-188 193 
185 -9 
-180 199 
-164 -30 
145 4 
-99 184 
115 187 
123 -163 
-68 69 
-8 -111 
-99 36 
-132 119 
-168 74 
63 113 
175 -154 
-115 -172 
-147 197 
89 74 
172 -79 
164 197 
-105 -192 
197 -48 
52 141 
-181 101 
-154 -194 
81 -8 
-126 -122 
-8 -3 
113 151 
57 160 
199 -141 
-142 -116 
50 40 
-108 -139 
-86 5 
-17 -78 
-158 76 
111 63 
194 -68 
-125 75 
0 101 
-159 -97 
-189 77 
129 7 
-162 -127 
-58 39 
-120 -38 
-83 26 
-21 -193 
156 -148 
-189 62 
20 15 
81 -136 
180 -2 
-126 -19 
-187 121 
-166 -118 
-67 88 
-164 61 
124 109 
-176 -155 
117 -174 
-65 -15 
185 43 
-168 199 
-164 169 
63 177 
4 43 
-90 -33 
-53 74 
-85 45 
52 -197 
57 161 
17 -96 
-124 -111 
-15 38 
112 114 
-145 135 
-171 136 
-91 -165 
-119 181 
184 -181 
163 155 
177 38 
86 -79 
-69 -138 
-27 30 
144 189 
-53 -111 
-190 -87 
110 -36 
165 13 
-54 9 
23 16 
160 161 
12 -194 
130 131 
75 184 
-188 53 
-15 2 
-106 118 
60 -13 
-36 105 
114 20 
-120 -149 
-4 -85 
96 -106 
198 194 
-120 -129 
-131 80 
195 -140 
-61 134 
-148 163 
131 98 
42 127 
-150 -107 
57 -64 
195 13 
-170 193 
-107 -102 
-137 -136 
-15 39 
-116 -29 
70 57 
-24 -58 
155 62 
-161 -67 
-188 -12 
-65 29 
17 41 
-143 122 
26 -67 
138 161 
-117 -89 
3 166 
-69 142 
-180 42 
14 109 
39 125 
-164 -3 
-127 -189 
121 -184 
22 13 
-73 70 
189 -199 
141 -33 
-50 51 
-28 4 
161 -139 
-17 188 
62 13 
169 132 
63 66 
74 -87 
-72 104 
-184 153 
126 79 
-19 -148 
150 11 
163 103 
43 164 
58 -28 
-57 -184 
17 86 
-82 172 
-33 72 
78 -46 
48 -81 
54 187 
199 -190 
185 -54 
173 57 
48 -79 
67 87 
-132 120 
157 178 
77 -198 
-119 88 
-121 -183 
-170 131 
-62 -126 
-143 115 
-80 165 
-183 102 
-82 -41 
-197 -105 
-50 -33 
73 89 
106 -18 
-94 -86 
127 -9 
-132 -88 
-186 -145 
121 151 
167 179 
107 -126 
115 37 
-116 133 
-41 -14 
-154 197 
5 -15 
-25 40 
-87 174 
-80 -104 
-155 -154 
167 145 
111 -144 
85 18 
165 -47 
-32 139 
40 -68 
-51 -108 
-34 119 
-72 6 
96 160 
128 5 
77 83 
79 110 
-40 127 
-83 -156 
-86 -147 
138 -118 
-131 165 
-48 179 
-50 190 
-135 -71 
-183 -94 
170 189 
-167 -63 
-113 51 
198 34 
90 -1 
48 -39 
-15 -69 
81 20 
166 -112 
-51 128 
-102 145 
-156 -183 
181 25 
-188 113 
-93 142 
-32 -44 
197 105 
111 123 
75 -31 
-184 54 
-3 -107 
-125 -160 
-200 -61 
-38 122 
13 169 
59 137 
-1 -101 
46 28 
-184 165 
90 -59 
7 -166 
-36 175 
174 85 
145 -103 
111 126 
-120 0 
137 159 
124 2 
22 9 
-96 143 
151 43 
-119 -70 
0 -141 
-198 39 
22 139 
-89 -78 
-175 3 
-23 -120 
183 -56 
-48 27 
166 124 
-84 46 
-70 6 
-10 -167 
15 72 
161 -26 
16 -22 
193 -67 
-179 -75 
-76 -167 
-164 -44 
150 147 
-67 183 
150 -32 
-112 195 
-189 -65 
-148 -164 
112 58 
63 -79 
69 -33 
57 38 
185 158 
-83 -18 
-131 84 
189 68 
97 41 
174 -34 
-150 -42 
-90 99 
-158 71 
187 116 
-83 36 
158 -78 
56 -20 
86 -125 
104 -30 
127 27 
-51 -197 
113 -36 
164 -119 
175 -145 
-114 -47 
47 85 
90 -116 
12 61 
30 -143 
102 -7 
123 39 
-27 12 
39 -61 
173 35 
109 -153 
114 -33 
-164 147 
-191 -57 
-174 120 
-147 75 
88 85 
167 4 
-70 7 
-193 191 
-186 -80 
190 -91 
60 88 
66 -174 
71 -150 
9 -49 
-97 145 
-108 96 
25 164 
-147 42 
181 -197 
-183 140 
9 24 
-114 184 
50 -161 
-135 17 
44 -9 
20 -38 
127 48 
-122 190 
72 35 
193 176 
150 -93 
-24 -16 
-109 -17 
111 -29 
-9 -196 
9 -15 
-128 167 
-88 71 
166 148 
45 -116 
82 -41 
30 -176 
74 113 
-3 29 
98 -57 
-110 123 
18 155 
103 -191 
-15 31 
-44 -120 
156 89 
-165 35 
141 75 
24 -153 
87 144 
-13 -65 
-60 158 
19 174 
-173 177 
89 193 
-154 -59 
-95 152 
93 102 
20 132 
29 -166 
-46 184 
137 104 
-189 67 
71 140 
-89 168 
-156 -130 
-145 -111 
-29 195 
182 83 
178 -80 
-54 -162 
119 140 
188 -112 
-125 55 
-4 135 
-32 -21 
11 -90 
-142 -160 
129 -65 
-42 82 
-132 50 
-154 -175 
125 57 
-73 -186 
-136 -195 
-170 110 
142 -114 
-91 -33 
21 -109 
-96 -172 
-53 161 
-167 -101 
83 140 
-116 4 
143 -86 
135 97 
64 126 
-153 -48 
31 69 
63 40 
94 -104 
-117 -34 
80 185 
-13 76 
102 176 
8 135 
42 -78 
-37 92 
10 -32 
65 -45 
-1 140 
184 172 
88 25 
150 -166 
124 -178 
-97 175 
38 -183 
130 94 
-54 133 
-114 -36 
19 -132 
-165 -44 
-83 -17 
-107 -124 
80 99 
-193 -79 
12 -166 
192 -31 
155 -58 
-104 108 
-198 191 
-151 150 
15 -134 
-198 -164 
174 27 
-86 -64 
175 -120 
115 -50 
-148 -128 
98 105 
38 196 
45 -56 
-180 133 
-132 -152 
-148 147 
-62 -187 
-179 -178 
-87 136 
-90 -176 
-63 -34 
124 125 
193 -7 
173 13 
180 193 
87 -151 
192 -117 
75 186 
-101 90 
-64 42 
-22 -23 
191 170 
-82 25 
-147 157 
-34 6 
108 -28 
-141 -94 
24 -188 
156 -95 
-166 146 
21 116 
102 -106 
65 -134 
-97 -79 
-89 -145 
-183 53 
-143 -138 
-124 57 
-144 -27 
-147 85 
-14 -53 
-62 56 
-71 70 
-114 176 
118 -133 
3 -54 
20 97 
53 65 
124 -2 
-164 -174 
-100 -186 
34 10 
-77 -80 
-154 196 
-189 -171 
117 109 
152 -84 
-165 -40 
-162 10 
105 17 
82 -105 
165 -185 
-196 46 
-114 24 
63 37 
185 -122 
-124 66 
43 194 
153 -55 
-157 42 
146 168 
-136 -171 
179 57 
-114 43 
-163 94 
42 -7 
133 -108 
-200 -91 
-87 185 
-153 -121 
13 74 
141 -42 
-162 135 
75 -121 
-70 -109 
-187 -189 
9 199 
-188 -200 
-70 144 
-84 -93 
-47 25 
75 122 
115 -40 
-2 112 
177 161 
-134 53 
-121 -18 
159 -50 
115 -167 
-74 -71 
6 104 
75 -146 
-129 96 
-154 88 
111 -27 
-103 181 
