111 -23 
54 -199 
60 -136 
53 197 
153 -9 
21 18 
-175 -36 
-136 -163 
27 -147 
66 175 
-3 69 
181 -81 
36 113 
-185 -111 
-126 -184 
80 -124 
187 -68 
-87 193 
11 -175 
167 -145 
-198 -171 
-85 -19 
-56 177 
-76 -150 
-41 -123 
-13 -28 
-6 127 
109 133 
-142 -157 
69 196 
194 145 
90 178 
162 42 
-128 -189 
-154 9 
-195 96 
-136 114 
197 -40 
193 94 
-193 -61 
22 139 
-72 95 
37 1 
-140 125 
-8 -149 
51 -21 
-186 125 
-187 -60 
-105 1 
156 -4 
114 95 
65 5 
185 103 
112 13 
-63 194 
-114 -156 
-81 170 
-8 65 
-124 -136 
-29 198 
-102 152 
9 47 
-111 -57 
104 -106 
134 -119 
-72 59 
83 -181 
-112 -84 
159 129 
-19 -77 
-124 117 
-22 -38 
-183 139 
81 69 
-46 72 
-103 194 
69 -192 
186 39 
-81 177 
152 -13 
85 -80 
-137 -52 
61 150 
-164 1 
-40 -180 
3 170 
-39 -128 
-115 180 
13 45 
111 105 
-59 -11 
-64 -176 
112 27 
191 -194 
3 -6 
-40 -66 
-96 192 
197 169 
-83 199 
-157 -41 
-48 -159 
-26 -89 
-194 195 
58 -98 
-169 81 
-98 140 
-49 161 
148 98 
99 177 
156 128 
-52 -84 
179 37 
-61 -180 
-108 91 
-152 14 
-171 -181 
88 -61 
6 -128 
-5 51 
92 -170 
118 -107 
-183 -35 
2 -30 
-22 -69 
-33 131 
179 -162 
-4 -74 
119 -91 
-164 198 
-189 -127 
-107 -176 
39 -191 
3 -199 
-57 172 
25 35 
-182 4 
-7 -40 
53 104 
92 -9 
-170 -89 
-53 -52 
-142 -82 
82 41 
-36 -90 
36 -64 
-86 -185 
-155 -191 
-195 -177 
-68 40 
176 -193 
-2 -80 
-90 105 
-193 177 
88 -163 
161 -130 
55 -107 
6 14 
94 35 
-187 -118 
14 -153 
108 -62 
107 27 
-83 87 
72 192 
-34 50 
63 38 
76 140 
52 -86 
119 44 
49 -94 
42 135 
164 -128 
-39 -172 
174 120 
89 55 
178 -47 
-56 -139 
79 151 
134 -112 
-78 185 
-185 169 
-130 8 
-127 126 
152 117 
-37 29 
100 192 
-64 -129 
-90 -21 
-143 -81 
-169 -15 
-43 105 
179 173 
-175 -139 
-142 8 
-160 -50 
54 89 
-146 106 
118 -19 
77 22 
42 -34 
-61 89 
174 56 
-71 129 
-27 -42 
159 117 
-90 1 
125 -9 
87 190 
166 180 
140 156 
-54 6 
57 133 
-101 70 
-4 88 
-42 -18 
175 -103 
91 -189 
78 -32 
-153 159 
-199 168 
-61 113 
-34 129 
52 -175 
-180 92 
-193 -93 
-32 -5 
83 -88 
162 -197 
-61 -130 
-141 167 
107 -24 
51 -71 
-199 -99 
68 -74 
184 -159 
-180 179 
109 163 
198 55 
-93 122 
7 182 
82 -143 
-63 -3 
-104 -87 
70 -159 
199 144 
166 63 
68 4 
-16 57 
34 55 
4 -120 
185 117 
-55 11 
77 134 
-112 151 
-77 127 
-51 -90 
11 -191 
-176 4 
23 -37 
192 -167 
190 80 
131 -52 
72 -119 
199 -84 
-61 -33 
166 41 
196 -172 
-53 4 
-185 -38 
-64 155 
-142 -136 
-188 -132 
128 -83 
-186 27 
-28 -98 
-52 -152 
87 100 
132 41 
-115 -30 
-89 71 
-78 -11 
-82 40 
177 134 
83 -183 
113 -89 
6 153 
-136 152 
-185 -190 
-139 -198 
92 -26 
8 -124 
96 94 
-160 -186 
74 90 
-14 75 
-50 161 
-185 191 
126 6 
-200 126 
-107 35 
-184 -117 
102 42 
-145 -95 
156 118 
132 -85 
-5 -63 
197 139 
-31 29 
18 36 
84 164 
-107 77 
97 -72 
1 83 
92 8 
49 -85 
-180 -171 
-53 -153 
111 134 
47 -182 
-187 -108 
-194 -91 
-63 -75 
126 142 
134 44 
127 51 
-3 65 
163 83 
197 182 
-93 -64 
72 -68 
-41 103 
25 -47 
6 69 
-110 -47 
128 -142 
-108 58 
79 64 
125 192 
139 -173 
29 -149 
128 186 
114 113 
118 -41 
-36 145 
-75 141 
-66 116 
-95 -28 
-134 -65 
20 113 
-154 5 
-3 129 
169 36 
-171 124 
197 103 
-22 -73 
-13 -12 
-117 -6 
-60 125 
114 136 
36 -35 
-81 -87 
-13 1 
-111 -197 
43 61 
166 14 
74 -9 
162 -169 
199 -135 
1 -30 
95 17 
-120 -102 
-18 89 
-13 11 
162 69 
-68 -9 
172 188 
-196 -57 
-153 -186 
59 129 
19 183 
58 -130 
-127 1 
-64 -42 
-116 69 
-5 -130 
117 -107 
-158 182 
-166 -151 
182 -30 
194 -181 
96 82 
-38 -179 
58 -133 
-31 41 
-62 132 
-138 82 
184 -170 
0 97 
90 -154 
194 184 
132 150 
-23 196 
55 -137 
-23 185 
-105 -167 
81 -141 
-159 -11 
66 -184 
-160 -164 
71 -192 
13 -32 
74 -57 
121 9 
12 114 
6 -22 
-69 -114 
74 -51 
-99 115 
92 -156 
90 -103 
49 -54 
-169 -74 
-155 -186 
161 177 
164 -107 
-31 36 
-36 -184 
-34 -127 
134 136 
84 28 
-110 48 
-96 -192 
-107 49 
-56 171 
-162 -197 
-186 -103 
155 62 
-69 20 
170 -193 
-175 -152 
34 -84 
-169 26 
71 55 
175 14 
-164 -54 
121 157 
-165 -176 
72 172 
129 65 
45 -117 
119 80 
-52 17 
-45 82 
135 -9 
-152 154 
90 -186 
-33 62 
79 94 
-146 -54 
179 69 
-125 68 
172 140 
79 157 
197 -108 
199 -125 
190 47 
13 -43 
-172 -28 
-15 -75 
157 136 
-168 -189 
-58 -139 
-162 -2 
129 40 
89 -91 
-198 191 
-65 -181 
-115 178 
196 -169 
-136 -141 
13 -118 
138 -139 
114 -48 
3 -23 
22 122 
193 -145 
172 -132 
-96 -129 
156 -13 
-22 8 
-64 -167 
-175 185 
-133 -10 
-82 25 
-93 -25 
-164 -15 
-193 192 
124 -57 
167 116 
-193 167 
21 177 
-191 -120 
-121 154 
117 167 
-88 142 
116 -182 
125 42 
-50 -183 
-6 73 
-7 -178 
-37 -197 
84 -158 
-95 -195 
-158 -192 
-90 50 
-148 55 
-170 -150 
13 160 
26 -30 
165 108 
-82 -69 
-67 -78 
-137 -57 
96 -166 
10 -131 
-171 188 
-114 -45 
130 84 
-93 108 
16 167 
-140 -16 
80 39 
-107 103 
-1 -98 
135 -59 
-138 -150 
-104 146 
13 -112 
-176 34 
-141 52 
87 -2 
-26 101 
-175 -125 
98 -137 
122 -79 
-133 17 
-59 1 
141 -42 
-50 55 
-73 138 
157 -75 
-123 -153 
136 -185 
81 -76 
-58 -138 
64 -7 
-15 108 
-76 -174 
99 -191 
98 -107 
-146 -196 
169 104 
172 -14 
104 107 
-66 173 
9 -44 
-115 -37 
-110 -123 
-135 60 
127 165 
-83 -160 
-6 -145 
-176 140 
-132 -147 
-133 -187 
-64 -25 
-108 -6 
73 31 
-4 -137 
-164 73 
157 134 
192 112 
173 125 
14 -37 
-102 -107 
14 35 
199 -94 
-5 15 
133 183 
26 170 
-50 -83 
73 -5 
82 -77 
107 -183 
14 133 
-159 185 
67 198 
-77 156 
-33 -175 
93 -168 
16 -173 
133 -57 
-12 62 
-59 73 
188 34 
62 149 
141 158 
40 -109 
73 -106 
36 56 
108 192 
99 -189 
155 22 
-189 -105 
4 26 
-104 162 
-110 89 
1 155 
36 -19 
54 77 
-44 92 
45 125 
178 65 
-83 73 
165 -54 
-90 133 
43 100 
70 163 
-132 131 
24 -58 
-95 60 
-173 137 
-160 126 
-197 -106 
55 108 
159 -197 
80 -112 
-41 -148 
89 -68 
-99 121 
75 -34 
-146 159 
-97 49 
-90 -26 
-142 -200 
62 86 
-40 89 
47 -93 
33 163 
182 108 
-108 187 
-131 -198 
171 -1 
167 87 
124 -157 
110 119 
165 49 
-89 -18 
127 -158 
-186 -86 
86 151 
9 -197 
170 181 
86 171 
187 112 
182 45 
8 176 
84 133 
-144 -168 
194 178 
-79 178 
138 22 
38 26 
-29 44 
-9 191 
177 7 
-32 105 
-44 -142 
-64 -11 
118 -184 
192 -147 
152 49 
-1 -100 
-58 109 
63 34 
144 -26 
-4 169 
-19 42 
-69 -171 
194 -106 
-198 55 
164 189 
-62 -167 
-149 7 
138 73 
175 79 
147 -131 
-14 89 
53 89 
-71 145 
78 -107 
191 28 
90 188 
-74 -43 
87 169 
195 176 
174 186 
127 138 
-174 175 
70 -157 
4 -17 
-20 39 
-11 164 
-168 80 
50 22 
-125 125 
-39 64 
160 -185 
-36 -120 
-105 -114 
140 -105 
137 149 
-122 -200 
122 177 
-116 -162 
36 144 
74 80 
92 -133 
8 126 
-12 -88 
-89 184 
126 -40 
-138 -109 
-108 72 
-142 105 
-24 -28 
14 66 
139 196 
134 -144 
8 -180 
-43 175 
-153 -52 
56 103 
-111 -59 
40 -139 
163 50 
196 -150 
85 -141 
29 105 
179 95 
-13 -49 
18 10 
-188 -168 
160 134 
25 -54 
-154 -50 
-16 62 
19 -19 
-9 -118 
108 190 
-15 95 
-10 -75 
-49 -77 
-139 -92 
27 -14 
95 -48 
-97 -36 
142 185 
158 -78 
137 180 
61 -172 
-106 -135 
-176 183 
-19 23 
-97 -168 
198 -93 
111 90 
131 -151 
2 35 
6 -162 
112 74 
38 12 
66 27 
-4 -29 
-188 12 
-191 199 
-177 -30 
-50 139 
-181 50 
-24 115 
-3 153 
-45 78 
48 59 
161 -166 
-18 172 
122 -101 
48 -147 
-58 54 
129 182 
-135 -8 
75 -79 
28 135 
-37 -190 
38 109 
141 -157 
-41 160 
-116 -104 
135 -51 
-22 -83 
-193 81 
-19 86 
109 -129 
-190 -134 
-41 -10 
125 123 
-132 100 
91 -73 
177 88 
-171 51 
180 -88 
108 32 
30 152 
111 127 
-95 -143 
-49 23 
158 27 
-139 126 
-166 -12 
48 159 
-95 -187 
-63 -56 
-185 -83 
-4 104 
145 186 
-54 106 
-194 -79 
-4 48 
141 149 
-47 59 
71 -180 
129 12 
-30 -109 
-133 94 
-9 -80 
125 -165 
-95 81 
1 -107 
-192 136 
-75 41 
-152 177 
111 149 
115 -163 
188 167 
-5 -49 
-130 -140 
-103 28 
-199 115 
-136 -145 
-105 74 
-89 -42 
-113 26 
-28 42 
-158 -31 
133 -53 
199 -38 
12 145 
-23 13 
181 -9 
131 122 
-35 89 
0 -136 
102 -154 
-154 -110 
115 -173 
199 -79 
-53 124 
-53 10 
108 -113 
-65 -156 
97 -191 
178 6 
-10 -194 
-92 88 
-58 119 
137 195 
189 184 
136 32 
-25 77 
-106 -12 
142 -136 
181 -142 
54 18 
-98 -157 
-175 -145 
137 -117 
-44 76 
33 82 
-26 44 
-128 -94 
159 40 
-30 -148 
-122 107 
-78 16 
191 -65 
185 -43 
146 192 
-154 199 
-138 -18 
-37 -98 
100 197 
-88 -75 
53 -163 
109 -30 
-104 -38 
-139 -170 
-108 64 
-83 -62 
142 135 
34 -3 
152 71 
-113 38 
-32 -29 
-181 -10 
-154 -94 
-97 -68 
188 66 
167 103 
45 91 
-34 -76 
-22 -194 
117 68 
-133 -186 
47 -166 
-48 130 
156 -45 
130 10 
132 -22 
-44 -193 
94 -27 
-44 39 
-57 87 
-173 -74 
-136 -5 
81 -179 
-25 -84 
9 62 
-124 -74 
-104 -18 
44 136 
-124 -60 
-161 107 
-147 161 
127 141 
47 -124 
-171 -80 
34 -16 
-159 -165 
-107 187 
-30 -12 
-16 -34 
-165 -31 
-165 -84 
-118 51 
194 -116 
-74 71 
-103 -197 
-40 -200 
-170 181 
-120 -29 
109 125 
-159 78 
-157 -81 
155 -79 
164 -75 
164 -106 
107 -40 
168 -100 
-77 -15 
119 43 
97 62 
-128 84 
124 26 
179 -182 
-195 -82 
-200 -134 
-161 129 
-130 167 
-76 28 
-190 181 
-199 40 
-158 158 
98 -170 
113 -61 
67 88 
68 -171 
36 -174 
114 -197 
84 61 
