-100 -53 
-13 -21 
168 -165 
65 82 
-50 104 
42 -105 
55 -53 
32 -30 
158 169 
-130 -111 
92 32 
-99 161 
-66 23 
-73 45 
57 -185 
-174 -64 
42 -191 
1 153 
-181 -187 
-45 108 
-88 -178 
171 7 
-99 129 
96 84 
-93 137 
161 29 
156 197 
136 -74 
174 -156 
158 15 
110 132 
-64 -27 
-71 -70 
90 -162 
136 160 
-4 -21 
192 169 
-50 159 
-61 54 
168 -80 
-93 162 
-33 157 
90 41 
-66 -86 
191 121 
-31 -57 
-61 -189 
107 194 
-58 -51 
71 -76 
-92 26 
167 34 
-180 192 
-118 119 
46 -109 
168 191 
43 5 
-16 -84 
104 169 
-23 161 
-3 54 
46 112 
-53 146 
-146 -48 
108 149 
71 -9 
-54 112 
169 -177 
-108 119 
26 87 
0 44 
140 198 
0 146 
183 193 
-186 -199 
107 151 
0 195 
-192 176 
-153 108 
-89 -194 
26 -83 
17 155 
105 -12 
11 75 
-191 65 
-78 -134 
-140 -160 
-103 -64 
109 -81 
70 -71 
33 -148 
57 30 
198 165 
-65 -56 
-189 -162 
128 -198 
154 -108 
-87 -151 
-31 147 
113 160 
-86 109 
41 -51 
-196 -127 
-1 153 
40 90 
-162 -98 
-47 145 
165 62 
71 173 
-114 -200 
133 84 
36 3 
136 -64 
-35 -137 
-190 -40 
106 70 
63 180 
167 26 
68 -185 
-31 -44 
-142 122 
-77 75 
11 -163 
167 53 
-105 146 
-117 14 
-181 96 
-76 -10 
98 82 
-171 -115 
148 156 
187 -48 
-176 36 
193 -167 
-147 122 
135 -170 
23 -156 
-56 -159 
-55 114 
-40 -24 
29 -23 
185 -174 
-57 -136 
-15 111 
171 69 
-15 188 
-75 -115 
74 -10 
-167 -10 
-112 -54 
149 55 
57 -106 
27 189 
-89 -118 
155 -78 
23 120 
-191 -47 
-106 -111 
184 -182 
9 -58 
-116 173 
58 193 
-67 -118 
187 142 
-42 144 
174 -8 
149 -136 
33 -79 
111 134 
-116 -48 
108 -107 
-155 -60 
-149 -33 
46 27 
-10 2 
-159 -131 
14 166 
-195 -87 
13 61 
188 -192 
88 195 
-103 -19 
47 49 
-185 -180 
-141 -196 
-81 168 
-135 189 
112 -75 
37 20 
-190 47 
54 -51 
-162 67 
-44 109 
73 156 
-157 161 
-31 -172 
151 -11 
-131 128 
-113 16 
47 -3 
-2 -73 
141 -168 
181 169 
121 161 
-86 68 
-25 -32 
-190 -67 
-86 183 
14 3 
-145 8 
-9 74 
15 -117 
83 146 
175 -95 
-15 -167 
195 90 
-132 23 
5 135 
-180 22 
-181 -61 
91 61 
-164 121 
192 -116 
118 86 
138 172 
27 -190 
5 198 
-168 -101 
165 8 
-35 113 
152 58 
-64 -76 
-95 -87 
-45 -39 
-134 -137 
-126 -94 
-118 -9 
-150 107 
-190 28 
111 -40 
-11 -82 
-68 -34 
-52 -114 
-36 -195 
-103 -70 
170 -82 
74 75 
177 -17 
13 -52 
-171 -72 
171 71 
-120 20 
-192 183 
162 194 
-25 -200 
92 -16 
-8 72 
-94 -80 
-197 129 
-79 -157 
-160 26 
184 -20 
-42 43 
129 -141 
-93 -118 
73 1 
92 18 
-29 -113 
-52 -167 
-94 3 
-160 -16 
-18 -1 
-130 -54 
113 116 
145 69 
-183 86 
39 -53 
167 188 
186 145 
-82 60 
-3 -39 
170 -81 
99 -170 
69 -79 
-71 -172 
154 -80 
-191 154 
-116 39 
-17 -56 
103 89 
113 51 
16 139 
-15 -13 
83 -13 
-15 -163 
-190 -87 
44 -52 
-77 -120 
-110 24 
-83 -87 
26 186 
-43 -90 
-31 -7 
60 189 
123 -180 
131 6 
-63 -169 
-194 -89 
-55 -127 
-76 89 
93 101 
-153 41 
187 21 
-37 49 
-18 85 
-163 5 
-99 11 
80 34 
118 -141 
-118 -10 
-80 -136 
190 122 
-170 -197 
115 -192 
71 -82 
73 -121 
-39 190 
-11 -136 
70 67 
197 105 
130 -178 
18 25 
-159 -157 
28 4 
10 -40 
129 58 
191 29 
-55 -162 
-35 61 
-85 -82 
28 -24 
154 183 
-50 33 
-124 0 
125 119 
-135 -147 
119 -88 
-132 -139 
-165 40 
67 43 
173 -168 
-151 -6 
24 50 
10 41 
-19 -180 
62 194 
-14 -176 
69 -200 
-102 88 
-183 -11 
-162 65 
-26 -195 
157 28 
119 180 
53 130 
-30 -141 
-97 -193 
64 -140 
-177 -115 
-191 -52 
43 -180 
-87 -45 
80 -126 
34 -111 
-101 80 
61 20 
-142 33 
171 149 
-77 112 
-7 -44 
51 198 
138 196 
-91 -26 
84 123 
186 -127 
58 37 
30 -114 
30 80 
96 8 
-79 -126 
180 86 
-33 -17 
145 -35 
63 -20 
119 -137 
-139 -53 
66 -198 
-71 163 
14 -4 
-64 146 
99 25 
-92 15 
9 116 
-161 -94 
-107 -188 
96 -103 
-107 60 
-117 40 
70 -86 
-11 -187 
-15 96 
152 -121 
-189 -27 
-152 7 
35 96 
116 -109 
-73 108 
-86 -96 
-114 -21 
-182 142 
-98 175 
143 -3 
-104 85 
-153 111 
61 -141 
151 77 
-148 -174 
86 -6 
-84 -167 
142 -197 
-110 166 
7 73 
40 -104 
165 44 
-173 -78 
-20 197 
-147 192 
180 54 
-50 12 
-120 -169 
-68 -149 
173 76 
-57 149 
96 52 
46 -108 
-70 118 
-77 191 
-58 1 
119 33 
-11 -19 
-63 -170 
-109 134 
155 144 
-191 117 
120 16 
-116 46 
194 75 
-34 -195 
-78 -178 
-64 10 
43 -51 
61 -82 
-175 162 
-177 -36 
91 48 
-4 43 
-144 194 
-13 -110 
-92 -82 
-146 151 
-100 -47 
172 -184 
-95 -137 
-187 133 
-124 51 
67 5 
129 106 
-144 157 
-58 -135 
73 -128 
172 -189 
47 -55 
126 81 
41 36 
69 187 
26 -174 
163 48 
-28 -69 
17 -107 
136 -143 
-136 -160 
-49 81 
-145 10 
-64 140 
30 159 
146 127 
-175 -46 
130 169 
-197 -85 
60 -178 
-18 -97 
33 133 
-160 -99 
119 139 
-135 124 
91 -144 
-163 186 
-70 90 
-8 126 
-41 -171 
148 -147 
-97 102 
-73 106 
-39 -129 
-5 36 
-193 -186 
90 85 
44 -68 
128 9 
-78 175 
20 -182 
-170 -17 
188 -119 
169 -142 
-76 96 
101 118 
-158 -176 
-173 113 
130 93 
84 -147 
-195 122 
-70 139 
171 88 
36 -12 
154 56 
-109 59 
166 -42 
-34 1 
-51 118 
-75 156 
-23 166 
-65 11 
139 -70 
141 55 
-31 51 
-61 183 
-90 -74 
-174 -155 
197 -22 
131 70 
-166 -133 
-44 -117 
-62 -25 
96 181 
142 -127 
160 161 
177 99 
-27 -34 
188 36 
-97 198 
104 165 
-110 -99 
166 21 
-33 -147 
-166 -30 
101 -59 
-170 177 
183 163 
66 -41 
-34 2 
61 159 
26 174 
127 15 
-20 -109 
-190 149 
-41 -127 
-50 -180 
40 -89 
-155 -72 
-31 -134 
-52 -130 
-61 14 
99 130 
-168 110 
168 -113 
63 43 
-9 -194 
-88 73 
-70 17 
-41 -136 
21 171 
87 52 
-162 69 
-112 7 
132 59 
-186 -88 
-108 -123 
-91 -134 
153 15 
-70 172 
64 57 
-198 -48 
15 -6 
-15 -73 
-158 -93 
83 10 
134 85 
-78 172 
-153 -65 
120 62 
132 -69 
41 -184 
-95 -176 
-112 -180 
-68 -135 
-172 -47 
160 80 
-70 -170 
91 -147 
-75 -25 
74 91 
-180 101 
-171 89 
-54 91 
90 131 
-61 79 
189 148 
-151 -175 
31 196 
-114 168 
176 132 
-137 86 
-15 -199 
90 -86 
61 196 
-190 -110 
-75 -181 
-48 -37 
-140 -103 
9 82 
66 21 
87 -88 
71 162 
-102 -108 
-3 173 
146 -72 
-2 -167 
-89 -27 
-58 -153 
47 5 
-42 21 
-17 -136 
0 -96 
-99 -68 
182 -136 
-33 -39 
176 10 
179 -130 
61 -131 
102 -27 
93 -85 
47 -76 
-10 58 
194 -38 
-178 153 
86 154 
156 16 
157 -152 
73 -157 
-102 165 
91 -78 
158 -192 
-145 -136 
-167 79 
98 173 
123 20 
-82 -22 
-134 -13 
-80 -72 
112 168 
-79 121 
-96 9 
-158 66 
-63 -105 
114 -36 
-161 -80 
29 4 
-89 154 
-120 28 
78 130 
175 56 
-157 -188 
-26 130 
144 188 
-58 -63 
-71 -99 
193 -138 
72 -143 
16 -141 
174 25 
154 133 
-54 -196 
-62 114 
51 -107 
127 86 
111 -163 
10 77 
-6 81 
-134 139 
9 108 
181 -125 
-101 -39 
-14 -191 
192 155 
-84 -138 
83 -57 
14 50 
-107 -200 
-30 -133 
16 -2 
8 76 
36 95 
-195 -66 
164 -182 
-28 65 
91 -15 
11 -148 
46 41 
-55 173 
117 81 
66 -14 
-189 153 
-69 -92 
199 -3 
33 124 
-119 25 
-128 114 
127 -94 
184 -111 
85 19 
-79 -20 
33 117 
188 191 
-167 -30 
10 -153 
75 161 
-48 106 
-85 -56 
54 -151 
167 165 
-20 -96 
113 -196 
145 5 
-67 -148 
2 43 
-188 -123 
146 -55 
144 31 
-36 -177 
93 -196 
-110 -133 
192 -79 
-126 100 
115 64 
-89 -183 
-142 15 
27 -31 
118 -98 
31 14 
-12 160 
-115 -148 
-92 55 
165 117 
169 43 
46 -191 
-169 -193 
180 115 
79 193 
92 -192 
-143 9 
89 -13 
58 103 
45 183 
-94 -63 
-185 -2 
66 -48 
-87 -13 
6 194 
102 -171 
-151 194 
154 89 
-44 100 
-13 -80 
-78 -43 
134 94 
-152 160 
135 -105 
18 15 
44 11 
-83 91 
-182 128 
101 -130 
-107 -119 
20 -154 
-187 67 
1 77 
-21 95 
22 -76 
-118 -121 
-134 -195 
188 82 
149 74 
83 60 
-58 -110 
21 -12 
119 148 
34 16 
68 -163 
59 -156 
-125 105 
-55 103 
-185 -132 
155 -40 
76 -69 
-73 186 
12 -167 
66 -69 
-14 -200 
-101 68 
-198 129 
53 -73 
-3 -132 
-104 -171 
-89 86 
20 121 
-86 85 
-51 68 
105 24 
175 11 
117 -189 
-168 -85 
-88 -141 
95 -199 
-182 18 
103 29 
-74 -158 
12 -11 
130 105 
28 -50 
-69 70 
-154 -3 
-129 133 
-188 -15 
-103 -49 
-130 -171 
43 -110 
-19 60 
-11 -10 
105 -178 
47 -115 
-50 -168 
171 -131 
-123 21 
193 22 
199 -129 
-171 -41 
191 -84 
61 -122 
-182 -164 
157 186 
112 31 
121 -130 
28 -161 
177 34 
-154 79 
199 -135 
127 -79 
185 -37 
126 130 
152 -198 
119 -123 
-134 190 
-15 -116 
17 -125 
159 -27 
56 -149 
-48 154 
87 -81 
-131 71 
-13 -123 
-124 -96 
-99 107 
180 37 
69 172 
-115 152 
16 186 
-68 -63 
147 126 
-99 -13 
-47 -16 
172 -69 
-127 185 
-142 -98 
78 10 
-19 24 
55 -130 
180 -49 
-36 183 
-135 -141 
121 88 
193 57 
147 124 
-23 5 
-22 -26 
14 144 
55 -149 
2 -107 
176 129 
122 -200 
-62 -55 
115 -173 
-13 -23 
-108 4 
129 125 
-177 -61 
-121 126 
153 54 
-6 -104 
-34 136 
20 175 
134 48 
138 42 
-192 -22 
-61 -144 
-46 37 
138 -145 
-2 -97 
-61 -99 
-87 47 
-24 -81 
-130 -85 
97 37 
-121 67 
90 50 
-7 -14 
161 144 
-18 77 
-50 -152 
49 -33 
-151 62 
-152 122 
151 149 
-89 165 
64 -16 
-97 -78 
-157 -29 
148 -168 
114 -16 
43 63 
-184 133 
43 147 
-95 36 
120 -172 
155 -65 
3 -148 
144 1 
33 -156 
156 -40 
-159 -153 
114 -77 
188 -184 
-195 19 
-194 89 
-172 115 
109 172 
124 -1 
117 26 
69 -148 
42 -167 
-177 -198 
-107 -95 
166 18 
-21 -148 
36 136 
189 5 
117 -177 
14 -16 
-12 3 
121 -196 
-168 -87 
150 -129 
-49 162 
-118 -193 
