33 27 
-100 -149 
-12 193 
182 42 
-61 123 
-152 116 
4 114 
-159 -118 
87 119 
49 -17 
162 53 
-73 104 
24 -198 
191 19 
26 19 
-100 -60 
2 -41 
101 40 
-126 71 
-153 -36 
-122 56 
49 -134 
40 -86 
24 41 
-174 157 
124 188 
-21 184 
47 -77 
-163 -46 
-131 115 
79 29 
118 -12 
142 72 
78 -60 
-145 70 
-36 62 
167 -123 
-112 103 
72 -71 
-170 161 
127 -162 
38 -42 
18 -86 
-182 -34 
-148 -159 
68 -14 
45 -26 
144 -76 
-28 60 
-38 -159 
128 198 
28 -193 
-136 150 
-31 -57 
-112 18 
131 80 
196 109 
87 17 
-44 -7 
-101 58 
128 -158 
-43 -87 
-171 112 
-159 -30 
117 89 
120 146 
116 92 
154 -195 
-33 108 
129 -2 
-73 -145 
-41 -138 
51 8 
-42 -195 
47 93 
-103 -147 
-81 199 
-130 -163 
49 174 
176 21 
-145 -193 
-63 117 
-133 54 
-190 189 
142 144 
119 -59 
-115 -114 
54 -5 
199 73 
31 -80 
-160 -52 
31 131 
-43 81 
77 121 
-187 -169 
11 -194 
-6 -47 
70 118 
-157 90 
85 -29 
117 -69 
127 23 
75 -19 
-94 -116 
112 72 
110 -102 
-191 135 
8 40 
119 169 
-56 127 
-66 -180 
-22 107 
-82 -157 
95 -114 
-4 170 
19 -174 
57 -27 
-87 -180 
-45 -27 
-44 187 
-170 -199 
70 195 
-135 -31 
-36 21 
-152 150 
25 -88 
85 112 
186 159 
85 -65 
-54 -20 
-85 -122 
-78 -17 
-20 44 
-160 -40 
-58 -176 
-168 36 
-13 0 
-9 62 
46 -96 
23 -173 
195 -189 
-87 -110 
-54 185 
86 8 
132 41 
46 -117 
-76 167 
-174 -83 
-126 -12 
98 -82 
-164 -89 
-194 28 
134 121 
48 153 
-143 114 
36 -99 
8 181 
-88 192 
-24 -40 
186 188 
-148 -182 
65 184 
-121 24 
-192 23 
161 -128 
136 71 
-141 97 
-157 -9 
168 155 
37 71 
27 22 
-173 -132 
-71 -165 
63 17 
-156 -195 
-46 -164 
64 -139 
-143 -74 
-44 -74 
188 167 
-117 136 
-38 -1 
65 -31 
-129 -103 
40 -79 
71 81 
194 56 
-156 -144 
133 144 
-28 -163 
-140 -167 
40 -84 
30 -141 
52 -188 
5 -128 
0 -49 
-145 122 
-166 173 
118 100 
-32 33 
-33 -134 
-77 -139 
-97 -100 
-115 60 
37 155 
-7 -125 
-30 -125 
7 -97 
11 -34 
-106 171 
-7 106 
-31 165 
-176 118 
121 -160 
-43 196 
51 55 
-182 160 
132 -179 
-146 141 
156 79 
13 -39 
39 180 
159 59 
170 -101 
-37 20 
19 -142 
-16 -12 
-175 78 
112 87 
160 -178 
-197 131 
-105 -164 
65 36 
47 114 
139 -41 
24 42 
189 133 
139 -31 
-191 -163 
39 87 
51 -95 
18 20 
-17 25 
168 145 
-143 -54 
-104 92 
-15 33 
-187 -184 
116 -159 
173 165 
-43 125 
-103 -22 
-105 26 
-29 -84 
-10 -194 
142 18 
115 -176 
-70 -23 
-143 70 
104 10 
134 -98 
-34 3 
-140 33 
119 -192 
96 -101 
23 -67 
-147 -113 
-79 -150 
28 120 
42 163 
-5 -185 
-150 91 
-122 -55 
-103 76 
-65 -46 
-2 -199 
-20 -75 
93 132 
66 78 
-127 3 
-68 182 
173 -153 
-178 -53 
38 182 
-53 95 
47 -171 
113 63 
-185 -178 
-129 -81 
-186 -192 
-40 69 
-199 79 
-74 48 
199 53 
21 109 
21 -125 
88 -42 
-169 -81 
-20 186 
-124 -141 
95 -165 
-69 103 
-181 35 
131 92 
32 -155 
59 -97 
0 27 
-8 137 
-107 145 
-45 -178 
77 190 
-185 62 
117 -7 
71 151 
-162 69 
189 184 
-171 -197 
86 -198 
-80 -182 
-138 85 
66 -132 
67 181 
-142 -137 
-162 -172 
-169 -100 
187 -196 
-79 49 
114 -89 
0 -77 
156 -35 
109 -153 
-151 -177 
-165 -42 
-128 -160 
-160 32 
188 -95 
-65 -168 
-164 144 
127 -8 
49 -150 
-173 -2 
-146 199 
127 121 
-198 -97 
8 159 
69 -71 
48 -174 
73 -168 
-76 -134 
79 -45 
-74 -142 
165 126 
-50 -124 
193 6 
-120 93 
101 197 
189 163 
14 -171 
39 160 
-190 19 
-98 -136 
37 119 
12 -71 
-185 190 
-101 -42 
-114 -181 
-6 -100 
-89 34 
166 67 
130 82 
-190 -17 
-149 153 
-155 131 
56 25 
2 98 
65 72 
88 177 
-5 132 
-135 74 
-200 83 
-191 84 
-128 -126 
98 196 
188 -142 
142 -180 
95 19 
47 -165 
-25 -18 
-61 129 
-187 -108 
138 -147 
-157 43 
-130 41 
-118 115 
128 186 
182 151 
-126 -78 
-168 -167 
-73 -49 
-193 -100 
11 109 
-59 141 
-100 159 
111 -134 
110 41 
86 -95 
82 -78 
14 199 
-48 189 
-123 -50 
112 83 
12 157 
-85 197 
-134 164 
48 -36 
-60 -120 
189 -149 
69 -116 
-62 -26 
-29 -6 
-106 106 
137 67 
28 177 
61 -175 
-171 61 
-146 -2 
157 159 
-135 1 
89 -2 
-53 122 
-169 -157 
26 -143 
89 -96 
-170 -135 
-134 -151 
4 -121 
-101 142 
-123 3 
76 43 
81 -63 
-121 57 
23 184 
28 77 
81 195 
-66 -124 
154 106 
-81 167 
-81 -168 
-81 9 
-27 -177 
181 -45 
-48 -40 
-31 -85 
189 -46 
-94 -49 
193 -28 
157 -153 
-102 81 
-71 -108 
132 189 
126 -65 
-27 -151 
-38 -100 
94 -126 
-129 -36 
175 -196 
-15 48 
140 192 
199 -188 
115 45 
-164 -135 
-61 -194 
51 113 
-145 -159 
17 155 
6 -13 
16 -89 
-69 2 
-8 -98 
-22 177 
110 187 
61 -180 
184 149 
-171 -62 
-157 188 
-112 190 
-75 68 
-8 -31 
196 -125 
162 26 
-79 61 
-190 -43 
-179 22 
81 15 
102 -75 
-38 -175 
72 -23 
-147 -184 
-184 -175 
-51 -193 
66 123 
117 -77 
-198 93 
178 -166 
68 -146 
-83 90 
154 -30 
-159 112 
104 105 
-82 -95 
-69 138 
-162 -4 
-87 -80 
-120 101 
-127 31 
172 125 
-38 72 
-42 -51 
-162 191 
36 141 
53 127 
115 7 
-81 190 
-46 -109 
79 -162 
42 26 
192 57 
20 -174 
-128 130 
144 189 
-103 -101 
-58 78 
95 117 
-181 20 
155 181 
94 -130 
63 -197 
-187 166 
188 -107 
-31 -8 
176 17 
-13 115 
6 -104 
139 100 
-63 4 
-34 50 
143 -51 
-88 -157 
-48 190 
174 68 
132 90 
171 85 
62 -63 
-88 91 
-191 -12 
99 34 
29 -103 
-191 -190 
-110 16 
4 -13 
-176 2 
-79 117 
-194 -38 
72 -133 
135 -83 
107 68 
-120 -150 
-103 123 
173 -38 
-101 -90 
8 -141 
119 -21 
-56 79 
38 -105 
148 74 
-59 -90 
-78 116 
-38 157 
191 -27 
-179 139 
126 108 
118 157 
-81 -93 
-134 -127 
21 155 
94 187 
106 -145 
76 108 
40 139 
122 -80 
32 -112 
74 42 
29 -14 
54 29 
110 144 
-146 85 
-149 -95 
-13 -127 
-50 -165 
-141 -86 
-82 -174 
47 190 
-77 -180 
-48 -54 
119 0 
46 6 
-83 -54 
-119 55 
150 45 
-158 165 
-72 17 
64 152 
133 -182 
54 -72 
81 158 
39 20 
-61 -79 
60 -192 
-59 -30 
-71 144 
50 -187 
-180 34 
-105 -176 
-123 -61 
-46 106 
-190 167 
49 -99 
149 -44 
113 39 
52 192 
17 -99 
54 155 
-7 -150 
-200 101 
-29 193 
-8 110 
-24 -81 
-66 0 
130 139 
37 56 
109 193 
-181 -166 
-127 100 
16 27 
89 26 
-79 86 
-170 107 
-145 26 
125 -2 
81 -161 
-75 -80 
-36 165 
-74 167 
125 -60 
72 124 
66 50 
2 -157 
52 69 
107 -181 
52 -189 
130 -108 
28 -147 
24 199 
-30 155 
196 85 
165 -191 
-128 148 
-86 34 
-58 103 
9 -179 
161 8 
60 165 
82 -11 
196 59 
-169 -147 
136 -21 
144 119 
67 -119 
85 163 
176 11 
-23 30 
-140 96 
55 -160 
-189 -65 
-151 55 
131 143 
31 -58 
-155 -133 
-51 -112 
110 153 
44 -135 
89 -150 
-4 16 
-142 -85 
133 178 
72 9 
-167 6 
55 -116 
-43 144 
-126 107 
39 -34 
-172 19 
-125 41 
-68 81 
77 23 
129 -184 
23 17 
-158 -16 
-5 18 
-151 91 
5 -159 
158 133 
136 131 
6 -69 
70 172 
-68 43 
-162 106 
142 -157 
-169 -133 
172 0 
-71 83 
-190 -75 
83 39 
159 -91 
160 -189 
120 -187 
-64 -141 
168 -128 
49 -135 
-36 113 
-188 173 
3 -17 
-101 92 
58 -83 
175 71 
-68 196 
-47 23 
140 9 
-99 165 
-134 -110 
-4 -109 
-67 92 
128 -111 
-132 -45 
-47 69 
-29 -112 
-185 -44 
-70 -188 
-49 -41 
-22 -165 
-82 133 
-63 110 
-88 152 
141 45 
-106 26 
-8 191 
48 -57 
183 -94 
-179 -151 
111 -6 
170 -60 
33 -135 
-157 7 
136 123 
119 179 
-68 195 
185 -66 
-103 119 
76 125 
-170 5 
123 -199 
6 188 
48 -114 
114 -71 
76 104 
54 -50 
103 14 
98 -53 
154 96 
55 153 
65 -121 
116 -175 
177 -53 
-117 91 
-96 88 
-71 -11 
67 -184 
54 121 
22 141 
-138 -176 
89 107 
-120 -191 
128 139 
-30 -118 
108 -152 
-104 169 
-51 10 
156 -28 
187 36 
-196 43 
159 37 
-134 -36 
8 137 
-174 98 
-28 -185 
62 -36 
-84 -61 
10 187 
64 1 
-18 1 
-45 129 
-77 -92 
66 -41 
198 132 
-75 -171 
-53 70 
-195 60 
-7 -136 
43 -61 
183 30 
1 33 
100 -176 
102 -20 
-40 -122 
26 -76 
-181 -157 
-11 73 
94 -54 
0 -158 
-195 137 
160 177 
-80 185 
78 41 
145 164 
-180 163 
49 109 
76 117 
154 98 
-51 181 
-79 -55 
102 -54 
-123 108 
35 -28 
34 176 
-9 -80 
186 -31 
-104 -184 
95 -26 
129 60 
37 111 
145 94 
-126 66 
-27 -196 
98 -109 
-38 -17 
68 -140 
149 -147 
16 -102 
53 0 
-22 186 
10 33 
156 -162 
78 34 
3 -106 
15 111 
186 82 
56 151 
-85 -24 
104 21 
170 59 
-48 177 
63 3 
-97 113 
-142 -10 
-69 8 
-18 74 
182 177 
6 95 
109 29 
39 -171 
-62 176 
25 159 
92 -140 
-22 -27 
-71 175 
92 84 
-90 -75 
-37 1 
-20 176 
-94 -26 
165 121 
-99 -149 
20 69 
109 -177 
-94 115 
-6 -110 
-132 45 
-62 -48 
-179 -6 
-157 28 
-124 -161 
194 46 
-52 -194 
46 118 
24 -120 
1 -47 
-40 18 
90 109 
-51 151 
29 -73 
41 -43 
91 -197 
-129 -20 
-12 30 
121 -79 
79 -158 
94 -9 
-1 34 
192 -155 
-27 -163 
-123 -140 
-120 -46 
-198 -91 
129 17 
-85 -101 
177 -143 
-144 -197 
-35 17 
-166 98 
33 141 
172 -54 
-77 -187 
-180 -22 
-125 152 
-98 76 
73 -192 
-174 -157 
-104 -76 
57 79 
180 34 
176 -56 
-136 -32 
47 -74 
101 -101 
-22 -106 
-55 107 
88 -61 
16 -94 
71 -165 
191 -5 
-20 39 
-152 -143 
112 81 
-6 -17 
-34 -89 
-69 41 
113 -69 
-146 196 
176 -57 
-186 -106 
-55 167 
-71 -178 
-97 144 
56 -142 
71 89 
-28 -193 
-49 189 
12 125 
-176 33 
-24 101 
51 43 
130 -125 
-106 -75 
-119 -51 
-108 -198 
173 -135 
-129 181 
87 -74 
151 21 
169 -118 
166 40 
146 104 
-1 -116 
3 44 
-164 55 
-65 53 
44 -62 
81 31 
73 -117 
-32 -12 
198 157 
48 -95 
-77 182 
-118 -135 
43 -103 
178 3 
-91 197 
57 196 
