26 191 
-185 -144 
-69 33 
33 -141 
12 -125 
181 125 
-107 -116 
133 129 
173 5 
-42 154 
-10 167 
195 -134 
-178 -122 
126 167 
-15 184 
-160 136 
34 0 
-121 -117 
-38 -199 
-44 -30 
-149 70 
140 16 
-192 148 
-158 151 
104 109 
-150 102 
63 -56 
-134 -101 
-165 -28 
-175 103 
72 16 
-11 162 
172 -39 
20 -1 
-8 -86 
59 139 
87 152 
102 49 
-54 97 
-127 89 
-113 -174 
88 0 
188 -196 
179 90 
2 -200 
-89 -182 
-79 9 
-177 -133 
-191 73 
-49 162 
-88 -50 
-142 -139 
-174 26 
139 -20 
35 184 
22 109 
-85 -132 
-104 -151 
-36 -43 
-59 154 
44 199 
156 109 
-62 188 
88 -59 
121 -21 
-14 -175 
114 148 
-31 6 
-37 -41 
101 195 
82 56 
170 44 
149 198 
182 92 
66 -52 
83 -42 
41 -176 
0 71 
-35 43 
80 -196 
-86 198 
-9 -176 
-198 -53 
-94 -20 
15 44 
126 -181 
15 -101 
-115 -102 
-3 186 
-130 -188 
86 139 
-124 61 
-107 91 
-154 88 
-153 -147 
157 128 
34 42 
199 165 
-118 127 
56 198 
18 91 
-198 128 
153 -20 
9 -4 
170 -157 
-132 8 
-187 9 
197 112 
99 -132 
145 185 
199 79 
-199 51 
-139 68 
-101 56 
-106 -135 
-26 142 
125 14 
-107 199 
164 57 
-32 129 
-46 16 
79 -127 
-26 59 
-122 -10 
108 188 
-190 123 
-99 -109 
-46 -55 
-195 184 
-73 173 
-141 64 
-100 12 
147 17 
-125 154 
-199 50 
-165 -186 
-191 31 
-61 183 
-35 169 
-185 -125 
-147 172 
0 150 
-182 -36 
48 59 
171 -82 
-179 16 
-30 -161 
39 18 
23 -151 
-142 177 
-187 78 
58 -183 
55 128 
-63 55 
-105 14 
-89 -91 
-43 -183 
122 103 
130 198 
184 -111 
198 178 
182 -146 
47 -23 
-142 -7 
94 72 
181 97 
111 -41 
-100 -154 
-169 109 
-91 152 
-154 -173 
-8 90 
-191 -51 
196 123 
85 23 
-175 -112 
142 26 
145 36 
74 134 
-74 136 
-43 -169 
154 37 
182 -115 
151 -191 
-177 -189 
-140 199 
-10 -188 
117 -131 
-130 -51 
9 95 
-28 -71 
-144 -58 
185 -11 
167 -122 
93 83 
163 47 
116 119 
-174 -146 
162 132 
176 78 
-37 -31 
191 81 
164 150 
35 92 
53 -59 
171 -50 
143 8 
-23 163 
-101 23 
-110 182 
54 159 
-18 57 
-110 -175 
-141 61 
58 176 
-60 -49 
-134 -18 
95 187 
55 -124 
112 -102 
63 -161 
33 -137 
86 -75 
39 -42 
-105 171 
-17 -90 
-177 -58 
-73 -175 
-178 96 
64 161 
135 -161 
141 88 
-121 72 
150 -65 
145 10 
156 -33 
-61 74 
-188 -123 
98 143 
67 75 
102 -81 
-84 20 
-3 17 
-73 177 
-175 -87 
-75 27 
-198 -21 
-182 -12 
-94 -66 
161 -177 
-84 45 
-199 171 
-17 134 
-57 -119 
163 -161 
-19 52 
-65 -154 
-54 36 
83 -176 
-40 19 
136 -116 
-95 -62 
181 90 
99 -154 
103 -43 
-22 -26 
-175 19 
168 -123 
68 0 
-104 56 
-145 70 
159 -97 
-140 59 
-145 -181 
-108 19 
-77 -169 
32 -152 
-194 -189 
-55 63 
-128 -151 
-55 -179 
24 -182 
-193 -187 
-38 -139 
64 -129 
108 60 
-199 -73 
-35 24 
47 -38 
-167 -177 
124 -76 
-193 151 
-197 -69 
134 -32 
85 -162 
-37 58 
27 138 
-194 137 
181 54 
-83 35 
189 -29 
-198 145 
-93 -153 
60 132 
10 26 
-123 -48 
155 -182 
-169 78 
-78 -98 
-198 65 
118 -176 
-18 50 
157 -187 
34 -146 
198 11 
51 5 
37 -72 
111 187 
-131 -40 
171 -199 
70 -34 
151 -185 
-17 116 
-44 -26 
94 -171 
187 3 
-142 -187 
58 61 
-164 -73 
84 108 
-162 -30 
70 -152 
-155 177 
-115 -35 
183 78 
26 112 
-63 153 
30 -28 
18 -115 
44 19 
-91 -92 
-177 126 
157 154 
101 -190 
-26 -194 
146 181 
181 -53 
184 -127 
-2 21 
-193 48 
-54 -134 
-24 -47 
188 -132 
32 176 
-193 -194 
15 119 
74 -26 
191 -26 
80 89 
60 47 
-99 1 
50 -54 
49 173 
-76 -159 
123 86 
-101 -140 
-60 -125 
8 115 
55 -32 
133 156 
170 89 
60 -83 
17 -28 
-143 -131 
-75 -110 
-199 -140 
39 119 
179 -114 
53 38 
-168 6 
34 176 
146 175 
-162 164 
-104 -70 
-123 -153 
78 -90 
75 114 
-33 -192 
191 193 
44 141 
156 -10 
-123 76 
-79 -114 
-77 -183 
-154 54 
37 29 
-134 187 
28 -77 
158 -110 
-73 101 
-51 -38 
-10 -53 
194 126 
-23 -129 
-18 60 
-94 84 
51 172 
155 189 
17 -179 
-199 103 
41 -186 
-88 -64 
47 -146 
8 58 
64 -10 
70 104 
-147 -106 
-54 -178 
-199 -84 
177 95 
32 -71 
-125 -196 
-3 10 
132 185 
157 -10 
188 62 
-161 158 
169 -65 
-192 186 
-61 -97 
141 -127 
-52 -38 
125 134 
115 119 
-184 -133 
94 -6 
-120 -38 
191 132 
-53 -15 
-84 33 
174 36 
-85 -90 
-144 -193 
98 -38 
-152 -54 
-119 50 
-135 -20 
-182 -135 
-148 30 
-148 -145 
-9 -27 
20 125 
-105 193 
-19 -166 
-62 146 
190 -44 
50 167 
-11 -54 
5 -7 
138 -151 
73 -106 
-120 118 
-29 -81 
173 130 
92 4 
125 -160 
-120 -54 
-61 -63 
-32 -129 
-100 -45 
25 -112 
-98 -104 
110 18 
67 -67 
162 -88 
107 17 
125 -198 
46 31 
71 25 
-125 158 
106 84 
-24 -200 
45 62 
50 142 
-100 -179 
-38 47 
-160 171 
47 -93 
98 166 
192 33 
-88 -109 
-145 -187 
-87 -97 
-88 137 
-107 155 
107 -33 
-9 -51 
-188 -106 
-88 141 
181 -106 
-189 -131 
-99 -48 
70 -50 
179 100 
-40 157 
-105 -42 
155 -34 
107 156 
-106 117 
138 -45 
-7 -22 
76 190 
87 56 
-124 19 
-58 41 
-71 -127 
-75 141 
63 53 
198 -134 
15 31 
-7 -51 
6 -1 
-6 85 
152 -112 
-107 -117 
43 98 
165 10 
41 131 
-196 -54 
186 -56 
72 146 
-3 -136 
-45 65 
44 -81 
-47 -146 
49 -158 
-107 184 
-110 115 
47 89 
104 -71 
-184 38 
85 166 
-92 -108 
51 -16 
-110 171 
61 68 
-88 -114 
52 -82 
130 127 
-20 188 
0 20 
-146 111 
-140 55 
-166 -113 
-11 -20 
-58 -16 
128 110 
-15 -7 
73 161 
-81 44 
108 -158 
189 -78 
127 13 
43 -111 
173 122 
29 -185 
-10 145 
-18 27 
-68 -99 
82 181 
193 -13 
112 7 
133 4 
-178 -169 
166 176 
22 -52 
-43 65 
-170 -14 
160 -4 
-133 -35 
25 -161 
-181 52 
-157 -9 
-53 -50 
-91 -7 
-33 83 
19 -195 
160 -23 
82 -149 
90 -114 
-186 -23 
76 -75 
31 148 
79 20 
-149 129 
-148 -24 
161 186 
162 43 
-162 70 
-172 71 
-131 118 
24 -51 
-51 19 
-150 -83 
-138 -43 
-24 -184 
-40 -45 
196 10 
123 -67 
-127 -84 
52 173 
33 -155 
-157 -102 
-92 -43 
-151 -72 
-90 -167 
156 31 
112 32 
-50 -194 
-31 -186 
124 4 
123 -143 
-153 -199 
-127 -48 
-191 21 
17 181 
173 -161 
31 -111 
-52 -107 
-57 -58 
166 103 
26 153 
-62 -30 
-50 -145 
92 45 
-14 -50 
-185 -105 
151 164 
51 0 
169 168 
56 66 
-183 2 
-104 -195 
-47 -199 
171 129 
-37 123 
31 -166 
158 119 
141 -11 
-193 -47 
59 -90 
56 -7 
175 110 
109 -82 
-198 -192 
5 58 
109 -132 
-166 -150 
153 -101 
-163 184 
-51 -95 
-197 148 
-162 -93 
104 -194 
134 -81 
197 38 
180 167 
-68 102 
148 37 
-84 127 
-148 -19 
177 -96 
61 -122 
104 -102 
110 -43 
139 -60 
-186 -80 
79 -67 
-150 -16 
-187 -38 
-20 78 
-56 111 
79 -170 
127 -91 
-100 24 
-3 140 
84 183 
-76 -128 
-73 21 
-19 -140 
-161 -66 
-8 68 
-31 192 
22 92 
59 30 
67 -144 
22 -106 
-112 -146 
-183 -48 
-171 -6 
194 -137 
-166 -181 
178 -96 
-188 -27 
81 -153 
-144 -84 
-185 192 
66 -160 
-194 38 
-16 -193 
-111 -33 
-187 119 
-43 149 
115 11 
195 -81 
-19 -138 
-3 -124 
-129 166 
151 114 
16 -156 
189 -177 
138 -60 
145 30 
183 103 
-71 3 
-94 -113 
-123 51 
168 -21 
4 86 
-146 17 
172 -189 
-40 -149 
-109 179 
37 86 
-26 -19 
-37 22 
-184 86 
40 122 
187 108 
55 191 
118 -148 
166 -199 
55 9 
164 139 
-18 52 
-114 172 
78 -104 
135 51 
-89 -147 
71 -70 
-153 101 
170 189 
-160 153 
150 -179 
-35 -20 
40 76 
106 184 
156 81 
-170 178 
166 -182 
134 -73 
161 180 
-66 192 
-74 127 
158 68 
35 -86 
-152 73 
-117 50 
-24 8 
42 -161 
-18 -149 
195 -110 
106 156 
-162 158 
81 118 
174 53 
-55 148 
-45 87 
170 -177 
67 -137 
112 -146 
-87 -21 
-64 133 
70 6 
17 56 
198 -145 
163 -42 
-132 189 
-140 -42 
137 86 
20 -103 
59 182 
43 -79 
65 169 
-50 106 
-155 -189 
-55 111 
-21 -158 
87 -78 
19 84 
7 -113 
101 121 
-71 -80 
-131 -41 
6 105 
132 46 
-136 -52 
-198 90 
-196 -71 
129 -200 
171 -196 
-128 -172 
100 -144 
-64 -145 
197 51 
85 91 
-62 -187 
18 -123 
-6 -169 
139 -151 
78 -42 
32 90 
-1 -47 
-16 -54 
-71 91 
139 -115 
135 103 
-192 -156 
117 -35 
0 185 
154 -3 
34 -101 
175 113 
-76 -44 
132 177 
164 -195 
-48 -198 
-126 -159 
-168 157 
159 121 
-21 148 
-167 -138 
107 166 
136 116 
168 -154 
173 -119 
112 -97 
-54 163 
-16 -162 
12 148 
-40 117 
-24 129 
116 -13 
52 -39 
-4 32 
13 110 
-175 21 
-198 20 
-57 -197 
81 -132 
-147 -31 
-32 -81 
-108 -33 
-186 -90 
142 -26 
33 80 
-32 -197 
-159 -1 
-145 162 
-163 -69 
-126 134 
-199 151 
95 192 
-59 -150 
-168 121 
157 -45 
-180 13 
179 43 
147 -192 
18 29 
-9 -86 
-26 -134 
28 184 
-71 -186 
-187 196 
58 -54 
156 -104 
24 61 
-129 -199 
5 -146 
-60 -149 
135 170 
-45 8 
115 -107 
-103 15 
-199 -71 
-185 28 
41 -58 
148 -193 
108 28 
-138 19 
-28 -112 
199 34 
-143 -135 
81 58 
-169 -70 
11 82 
13 -105 
-108 -155 
10 -142 
-180 -90 
64 -184 
-144 -117 
-57 184 
39 -165 
157 5 
-38 -17 
127 -146 
12 38 
-15 169 
-44 9 
-155 -193 
-92 4 
-107 -138 
-104 -175 
196 -115 
116 -55 
-80 -128 
16 -193 
9 5 
36 149 
-173 114 
-7 -127 
-112 5 
177 125 
-117 -44 
127 -5 
-132 -78 
20 23 
-9 173 
16 188 
11 163 
-81 167 
-138 -166 
193 179 
-152 -22 
-198 -83 
122 -142 
172 152 
-11 86 
-127 -162 
135 173 
21 197 
-41 57 
80 196 
109 162 
-24 56 
-167 61 
62 19 
-25 -172 
-60 110 
73 45 
164 -148 
105 -108 
83 96 
107 -188 
-134 57 
-7 -24 
-6 -148 
-181 65 
177 -140 
-69 113 
91 19 
-197 -89 
128 122 
-167 110 
-162 84 
98 -53 
68 -108 
-162 42 
32 -12 
25 59 
-43 152 
155 -25 
159 -129 
50 -105 
68 -13 
-135 -168 
191 -14 
-167 -186 
127 75 
-62 28 
-55 -18 
-179 -153 
112 -106 
-38 132 
