-184 50 
104 -106 
-114 -198 
67 -24 
-114 -200 
74 135 
-28 -168 
138 -16 
179 56 
-114 112 
4 18 
-45 -157 
15 138 
146 73 
180 19 
-89 148 
-183 82 
5 25 
22 -190 
55 -119 
-149 158 
-92 -151 
-151 -80 
49 -43 
193 -153 
98 173 
33 -153 
40 -79 
-1 194 
26 77 
-89 90 
-53 138 
83 -85 
-41 183 
51 185 
132 -19 
28 156 
20 -9 
-152 156 
-44 123 
-158 99 
132 126 
114 -113 
180 -166 
88 -73 
163 49 
80 19 
31 -138 
91 -164 
154 -113 
149 95 
4 70 
-90 73 
185 -184 
-18 114 
-16 11 
-36 137 
159 -183 
-169 190 
-116 16 
-62 47 
20 15 
27 -68 
126 89 
-5 -34 
-105 -99 
-191 -48 
143 -177 
-161 -6 
6 -147 
176 -150 
161 -168 
-154 -4 
-40 -47 
-19 121 
-171 -65 
-109 -123 
0 190 
9 -85 
93 -164 
-159 -166 
-134 -29 
31 191 
193 -190 
-69 -193 
-196 -54 
-42 81 
178 168 
-112 120 
-25 158 
-30 -31 
-2 9 
59 173 
178 -10 
174 -139 
-82 -179 
-173 -91 
-107 36 
-58 32 
-94 62 
-65 3 
77 -134 
21 -179 
35 81 
149 27 
38 138 
-149 -76 
101 38 
148 -38 
164 -110 
12 62 
134 -124 
-17 -94 
-103 -164 
-124 165 
-131 -152 
29 -158 
-171 42 
-81 102 
144 -123 
-99 -17 
-17 91 
26 -90 
-9 44 
-90 168 
97 195 
11 -14 
116 81 
18 -11 
39 -111 
-145 -171 
129 146 
-16 -186 
141 -91 
52 -21 
82 -44 
159 -119 
7 183 
-40 -83 
-196 16 
-116 53 
-132 141 
-110 112 
-49 178 
-24 -152 
116 141 
-15 141 
154 -183 
24 -69 
136 -198 
2 -69 
-149 176 
170 -113 
97 -78 
-132 137 
-164 116 
-169 -193 
102 -145 
50 189 
161 84 
-83 20 
45 -98 
157 163 
79 151 
-62 181 
48 68 
-164 -76 
96 192 
-136 158 
183 -199 
115 137 
20 -167 
161 -110 
-63 -105 
29 185 
136 -64 
129 162 
-39 -94 
159 -129 
-59 -22 
167 93 
23 64 
-50 -164 
166 -171 
170 -105 
183 -2 
150 78 
96 86 
-150 41 
-164 171 
88 57 
5 154 
-169 43 
-58 -157 
-97 79 
5 -20 
-131 -52 
-106 153 
186 57 
11 -194 
121 -15 
10 32 
-132 2 
48 -140 
-53 -151 
186 -90 
-190 100 
132 -85 
-91 -20 
121 70 
182 -161 
54 -65 
-8 47 
-160 -151 
-184 -110 
-17 191 
67 -178 
-87 102 
-88 30 
-33 -195 
14 191 
30 155 
180 -97 
68 199 
-192 39 
86 38 
-59 175 
89 71 
-29 181 
-146 39 
156 49 
-199 -2 
-149 64 
-124 108 
-104 -120 
119 39 
41 158 
181 197 
-156 48 
140 43 
-83 58 
-142 -171 
-5 -180 
-127 69 
-42 75 
51 98 
50 -179 
1 -81 
117 -23 
-170 -20 
50 123 
105 -18 
48 55 
-95 68 
116 -86 
51 67 
197 95 
-149 146 
97 38 
-130 72 
113 108 
-138 41 
-28 -96 
-69 106 
-95 -116 
144 -15 
18 -86 
-184 -20 
87 134 
87 196 
-193 -26 
-65 180 
-117 -140 
-29 85 
-178 120 
-55 -108 
178 -149 
-138 6 
134 44 
-115 68 
-182 67 
-131 102 
-128 86 
-60 10 
-190 -124 
-60 -194 
42 161 
-3 -48 
-190 120 
154 -38 
181 143 
41 88 
-154 -76 
-23 106 
115 -95 
103 -27 
81 1 
-81 160 
-42 -106 
195 96 
140 83 
104 -53 
199 158 
57 131 
175 138 
-76 -96 
68 -4 
-191 -122 
105 93 
72 131 
-20 -49 
25 -84 
-66 81 
168 140 
-97 199 
16 -170 
181 160 
73 159 
59 -182 
123 2 
77 57 
186 103 
88 -54 
91 -101 
-131 134 
-76 -26 
-161 -28 
-18 -49 
-185 -11 
61 40 
72 157 
-11 95 
-70 -195 
-75 -63 
-199 -26 
107 -53 
-128 -104 
31 153 
-78 79 
112 -188 
74 -15 
59 22 
-188 -76 
45 47 
-84 123 
-43 -57 
-186 135 
148 81 
-40 -137 
-163 -17 
178 56 
-16 -166 
193 194 
-27 -25 
40 186 
-73 173 
32 -88 
-179 24 
-136 192 
41 -50 
-121 63 
21 63 
138 -11 
-192 -57 
-55 -43 
-112 -120 
109 104 
-84 -143 
104 -116 
132 -96 
145 133 
71 -148 
-70 19 
34 127 
178 188 
107 -62 
-33 109 
157 77 
14 -40 
-38 107 
146 -193 
-83 -140 
-97 -4 
-47 -63 
-62 139 
-142 -46 
-134 61 
46 26 
-176 -44 
128 -66 
-108 113 
59 39 
-50 -129 
-14 5 
172 -187 
-30 -58 
94 -58 
-105 -59 
-53 -77 
182 -137 
186 168 
-129 49 
-22 185 
-73 -98 
-11 -132 
166 42 
122 -115 
-158 132 
77 -73 
196 15 
161 11 
-5 171 
-103 -135 
-125 -74 
194 -168 
-1 162 
132 83 
12 -140 
145 -140 
-116 31 
-31 76 
181 -146 
36 9 
190 -100 
-3 92 
-188 -181 
-23 -135 
-138 9 
-174 -126 
32 -95 
18 -73 
-166 55 
-200 42 
84 111 
-196 57 
-49 -148 
183 84 
60 -43 
-158 -177 
19 57 
-69 -178 
136 143 
69 -109 
186 128 
-128 -73 
-187 120 
-147 18 
-159 87 
156 91 
-163 -184 
80 -156 
24 193 
-9 73 
37 -165 
-71 102 
32 -190 
91 -165 
126 -3 
9 47 
-49 -157 
-1 -81 
-21 -48 
77 78 
-23 -122 
-143 67 
103 -112 
-40 -165 
30 -120 
-66 -77 
26 122 
75 -37 
-57 33 
107 158 
-54 -156 
140 64 
185 56 
186 86 
-102 -11 
147 -175 
145 29 
-140 85 
96 -80 
-92 31 
194 -26 
55 -94 
-74 -165 
-22 -199 
-128 43 
-152 -21 
-160 63 
170 -39 
-178 -102 
64 81 
-36 -20 
25 154 
30 -52 
-182 103 
28 -61 
28 -34 
-147 -42 
-50 -175 
-184 101 
83 121 
-187 -122 
150 -36 
-126 -12 
141 1 
62 176 
58 184 
126 80 
-107 135 
-35 -41 
-131 -91 
-191 -7 
107 24 
177 100 
138 46 
-59 56 
193 173 
42 129 
-185 153 
0 -36 
126 130 
0 -26 
-53 -84 
44 -17 
5 133 
180 -48 
-106 -84 
159 -23 
179 28 
-186 -95 
149 -112 
-175 -156 
154 17 
115 152 
75 -167 
19 -184 
-33 -172 
135 -114 
166 155 
74 -31 
-22 -140 
151 32 
-104 -179 
173 -124 
145 197 
-15 150 
-22 140 
145 3 
-14 -103 
71 -73 
-146 190 
65 -190 
-79 130 
-181 2 
131 -103 
182 134 
-39 -8 
-149 100 
-89 16 
-189 -185 
-80 163 
172 -79 
96 190 
164 -103 
92 -78 
143 88 
-161 173 
31 -123 
-195 91 
-15 -58 
17 193 
177 69 
131 -156 
-39 3 
-79 71 
-9 90 
-66 118 
-64 174 
49 18 
184 149 
-42 170 
136 -74 
68 -157 
-174 13 
-32 159 
-65 -6 
56 -96 
8 -2 
143 -28 
174 -37 
47 78 
-100 -4 
-6 -147 
-180 185 
-27 75 
-64 -84 
41 -9 
-38 -11 
-195 -70 
190 -29 
-66 29 
-56 -55 
46 38 
-146 -181 
-109 -95 
122 -68 
169 189 
35 -29 
-82 165 
50 96 
-21 41 
-29 76 
122 -128 
-84 97 
-85 -81 
135 -30 
-18 -74 
182 -151 
127 171 
-125 6 
-30 120 
-45 -113 
-119 -4 
-164 107 
6 -164 
-146 -48 
-68 198 
-182 -69 
46 18 
59 48 
-199 185 
-84 148 
170 -14 
116 62 
62 -4 
-168 37 
-174 -36 
-60 64 
143 10 
-93 88 
12 -70 
-168 -186 
-137 192 
103 -12 
168 -163 
57 -107 
66 -111 
-193 -190 
-75 82 
20 59 
-81 -189 
191 63 
-137 -175 
183 36 
136 -112 
68 100 
-129 119 
68 -48 
-186 -73 
127 -181 
-184 197 
28 87 
-45 -161 
49 -163 
197 -177 
115 -117 
87 13 
13 156 
-162 162 
-21 35 
87 -34 
180 -174 
190 197 
-3 56 
191 -59 
-145 42 
82 -163 
-27 108 
138 -5 
-196 121 
86 -17 
-94 -165 
-142 -69 
-60 153 
-163 118 
54 -14 
102 20 
-172 -103 
69 5 
188 -7 
-183 -96 
152 -157 
-155 -111 
17 -89 
109 -20 
96 182 
-45 -61 
-8 -62 
-146 144 
-104 -110 
-187 -164 
138 155 
-55 -52 
20 161 
138 188 
-42 -154 
40 -163 
99 170 
-152 143 
31 -199 
-11 144 
-66 -200 
-140 190 
-179 -173 
135 99 
-121 52 
184 151 
-54 -160 
-184 -15 
123 -141 
61 -182 
120 143 
-35 -101 
58 27 
-89 84 
65 16 
-170 -74 
26 65 
-104 -191 
-95 118 
-58 -200 
-6 71 
-21 194 
-172 86 
-158 150 
151 109 
-97 186 
10 -142 
-71 126 
11 197 
-13 186 
28 63 
171 106 
-23 59 
109 124 
-155 10 
120 -197 
-133 80 
-176 -166 
15 -186 
69 161 
130 -86 
31 131 
0 31 
38 -156 
104 17 
173 -12 
20 -94 
-8 -92 
-188 -169 
-33 -167 
6 -105 
65 -44 
197 -5 
2 -176 
-20 -116 
-121 32 
-117 194 
-55 182 
165 -72 
5 -81 
88 61 
163 1 
-156 147 
-197 177 
-158 163 
13 39 
-182 -5 
112 154 
-179 58 
-3 8 
23 3 
100 -116 
-15 107 
-60 -90 
61 178 
-131 67 
145 91 
62 -52 
-172 164 
151 179 
4 -65 
163 -128 
52 165 
-161 88 
-62 141 
-89 -42 
-141 153 
159 -100 
-194 -186 
-77 -116 
-29 -134 
13 135 
20 74 
110 1 
-199 -66 
-130 80 
78 28 
-179 151 
159 -177 
-3 80 
31 146 
-59 34 
198 -164 
70 -59 
53 -198 
-86 198 
-42 28 
-198 -99 
115 189 
178 -196 
22 137 
-20 173 
196 -69 
-15 99 
169 40 
-112 19 
-157 198 
-77 -175 
-189 131 
-12 159 
-70 110 
-30 73 
78 -198 
-139 5 
-102 -139 
84 -38 
70 -198 
21 -71 
-119 115 
170 173 
-31 -80 
191 -40 
182 109 
-24 14 
179 -33 
194 198 
-67 -54 
-116 183 
12 191 
104 94 
-119 158 
-54 -121 
2 -67 
-79 125 
106 177 
41 -193 
2 3 
-119 195 
-200 159 
128 151 
-116 69 
73 -120 
121 -46 
93 11 
26 116 
-166 141 
-131 188 
159 54 
134 -130 
58 -1 
104 -81 
121 -165 
28 -200 
-3 -186 
-71 50 
130 171 
-191 -46 
115 -14 
9 -46 
135 -112 
-176 -67 
142 12 
-99 -103 
-60 140 
-179 -155 
-98 -132 
-65 24 
-80 -177 
86 11 
56 119 
-30 -45 
-109 101 
2 -115 
-48 80 
-76 45 
86 194 
-16 31 
68 -89 
109 187 
-1 -157 
-120 49 
-5 60 
-108 153 
-20 150 
6 -65 
-140 -75 
75 -195 
168 -136 
-118 0 
-38 63 
41 -93 
-151 -196 
163 -147 
35 -89 
56 39 
-41 24 
79 -128 
-122 -165 
-149 -181 
-140 15 
-60 -197 
85 -108 
-183 -154 
88 -149 
68 -85 
116 196 
-99 -182 
121 184 
11 155 
93 118 
-59 71 
145 0 
-72 -30 
-178 -72 
-22 -121 
-120 112 
39 79 
24 -79 
121 -45 
-90 -199 
-127 -132 
-17 -9 
170 -157 
-131 143 
-176 193 
29 81 
34 -198 
-146 -55 
35 10 
-24 -31 
66 -138 
121 62 
-81 84 
-49 -21 
-7 50 
-193 193 
-120 47 
179 -132 
81 149 
96 13 
-197 133 
48 -21 
164 122 
-172 -36 
189 -2 
127 194 
-146 -126 
146 -14 
-23 -10 
17 185 
188 -141 
65 -97 
77 156 
-54 -57 
-196 -91 
95 -163 
-161 122 
-23 172 
52 -147 
-130 78 
153 190 
166 145 
-51 -166 
172 -2 
171 -11 
-144 -188 
-83 110 
188 116 
67 138 
89 -18 
-124 88 
-121 -30 
84 -117 
-84 -34 
-103 18 
-66 68 
151 -182 
78 -99 
-54 -70 
18 63 
-104 110 
-167 161 
84 40 
7 -108 
-140 -8 
-146 108 
-10 139 
116 -187 
152 -114 
-140 -139 
-87 -73 
157 119 
-54 4 
-180 -41 
3 -79 
83 -168 
-156 63 
-33 34 
-42 138 
42 62 
182 124 
102 -151 
-128 -37 
176 -182 
141 136 
-129 114 
-118 -106 
17 57 
70 109 
-87 87 
-6 142 
-113 48 
71 186 
123 101 
-47 -176 
-22 130 
119 162 
49 -176 
76 90 
80 -158 
94 140 
-107 108 
195 175 
195 -43 
-117 -15 
-122 52 
72 -138 
-109 -107 
67 115 
3 -50 
-158 183 
-138 95 
-16 51 
49 165 
71 76 
-118 -143 
140 -84 
79 193 
-157 36 
198 91 
-26 160 
-125 -126 
5 -95 
155 -171 
-87 -172 
150 -187 
-57 35 
-116 -137 
-152 -181 
199 -83 
34 -57 
-23 166 
78 173 
-119 -133 
94 -200 
145 -70 
-121 -32 
29 -170 
-32 -24 
133 69 
-17 73 
-59 121 
114 -181 
139 179 
-88 84 
122 192 
-64 188 
-162 -41 
116 -79 
-60 50 
-23 -139 
-180 -104 
-47 -194 
74 161 
185 -151 
-159 -171 
33 -172 
-38 -121 
-75 116 
-50 -47 
-97 -58 
-93 -90 
-124 91 
151 -102 
110 97 
18 83 
13 174 
116 -38 
72 -11 
-42 74 
190 114 
-48 -37 
-43 -39 
-190 130 
99 -102 
-57 61 
7 -105 
-13 182 
-105 66 
95 54 
62 3 
-97 -125 
-91 -142 
164 -60 
107 -75 
166 -55 
-145 -152 
117 -20 
-135 20 
176 -198 
138 63 
-180 -56 
-115 179 
-118 6 
136 99 
-113 -39 
44 -39 
44 -181 
-114 -122 
35 -36 
-133 48 
-15 -155 
-103 65 
102 -174 
-62 -84 
141 -163 
-108 -123 
-16 50 
-199 -7 
-150 -45 
-1 -84 
-78 115 
-50 54 
-196 -43 
-39 -83 
-55 161 
-8 198 
148 -49 
-115 -151 
-200 -96 
31 -80 
-25 -150 
43 -114 
-190 88 
6 -118 
62 81 
-79 105 
-194 -11 
38 -79 
-53 -58 
-181 183 
101 -89 
-73 91 
59 33 
128 -182 
-129 110 
94 -77 
44 -120 
94 -117 
103 93 
129 -105 
-160 171 
-18 -52 
-6 54 
37 15 
181 -145 
193 48 
-149 13 
142 -67 
-107 -19 
-82 -64 
7 -57 
-133 -157 
88 -118 
-91 -40 
-35 -43 
147 -92 
36 -142 
-141 49 
129 -64 
176 -109 
111 -185 
-130 183 
-50 118 
-75 -181 
-36 -141 
52 -101 
153 180 
169 27 
89 -140 
-195 83 
-64 -37 
19 155 
146 71 
-78 61 
62 -185 
65 62 
-168 45 
67 -93 
178 -163 
188 -188 
97 -39 
-135 166 
-22 -176 
29 30 
-9 112 
-35 -81 
151 -31 
-111 102 
125 163 
196 152 
115 -124 
30 190 
134 -31 
-5 -144 
-62 -27 
-22 -3 
-98 175 
-128 -27 
-1 -18 
50 98 
-181 60 
-75 -89 
-86 16 
81 18 
-97 -169 
-65 53 
-161 -159 
186 123 
121 125 
-20 -191 
-93 70 
130 140 
-138 -42 
-42 -67 
176 -199 
31 83 
-65 62 
-43 60 
-58 -63 
-47 79 
62 167 
-29 -15 
-44 91 
74 186 
162 -72 
183 29 
92 -147 
-98 -6 
43 -172 
74 -168 
178 -148 
184 -108 
174 -140 
-135 56 
89 48 
60 -183 
-136 -155 
157 -111 
171 -169 
46 65 
-105 30 
182 -49 
-165 -28 
27 -193 
-50 -6 
197 156 
99 -22 
-68 187 
176 193 
108 -150 
-49 181 
105 98 
-146 -35 
41 51 
189 27 
146 -188 
-36 -143 
-85 92 
-37 -36 
163 -196 
-187 -199 
-153 56 
141 -39 
-34 -140 
-193 149 
142 -71 
-21 -161 
3 -45 
-66 -82 
-103 -174 
138 -190 
29 122 
-59 -120 
29 142 
-156 79 
50 76 
-22 -100 
-159 127 
64 44 
-48 -18 
184 -94 
-62 -183 
-130 -172 
-156 -111 
-122 -192 
-91 -184 
-34 186 
-4 -31 
-200 142 
132 -127 
-152 -31 
140 66 
-60 169 
-39 -66 
-3 -124 
185 15 
-30 -189 
-98 197 
56 132 
23 15 
-144 109 
59 154 
177 -141 
194 189 
117 105 
-147 89 
78 -117 
39 143 
-181 -195 
-132 19 
148 -174 
-96 38 
79 27 
165 -85 
188 96 
-120 32 
146 192 
87 1 
-132 -62 
-77 169 
-6 60 
158 -57 
-83 -4 
47 34 
79 -90 
127 181 
-53 131 
-171 111 
-159 11 
153 145 
160 86 
-124 176 
12 162 
-165 197 
-142 -34 
57 -8 
53 114 
-126 141 
-22 -65 
32 -194 
-116 -68 
-126 -63 
-124 143 
184 197 
-53 -67 
110 -170 
117 -67 
156 -45 
-2 29 
-106 103 
13 41 
191 -102 
39 106 
-134 -16 
175 -25 
-84 -98 
113 -173 
-25 -21 
-165 -95 
-51 176 
-134 182 
9 154 
-72 -88 
198 89 
-130 187 
159 -135 
-99 -102 
49 22 
32 71 
194 -13 
-101 71 
-107 194 
-25 143 
7 28 
172 -47 
-162 -124 
-61 -138 
97 -144 
157 -173 
-82 59 
82 56 
-78 -120 
143 -132 
-159 -75 
-14 -141 
-194 134 
-105 43 
159 115 
65 -187 
-34 -169 
-26 -66 
127 21 
-62 -137 
125 196 
185 43 
191 34 
-88 -136 
34 21 
146 39 
-75 -56 
123 156 
96 -134 
16 83 
1 -72 
118 -72 
19 107 
-1 153 
5 183 
-113 21 
99 -40 
-75 195 
131 118 
-49 -37 
-53 69 
-114 197 
-50 -191 
-78 188 
-124 -36 
61 158 
-127 -16 
189 -176 
112 42 
-3 18 
-60 129 
22 119 
-85 107 
84 145 
12 27 
-171 119 
47 36 
-28 178 
-63 198 
-187 182 
133 -124 
25 -116 
-154 -3 
149 -95 
17 -173 
32 -53 
-154 115 
148 -180 
102 94 
-138 167 
8 21 
-121 152 
-81 -126 
13 191 
-88 -184 
-191 -104 
57 -169 
48 -90 
-184 -97 
138 -4 
39 -107 
18 -94 
-119 -32 
23 93 
-137 -122 
-71 -52 
-97 132 
4 -116 
-167 -168 
-156 -173 
-176 -98 
-2 43 
199 89 
-53 -52 
-128 -124 
-182 126 
-122 120 
-115 63 
103 -122 
-161 25 
6 38 
188 187 
25 -163 
171 -175 
81 -176 
149 147 
-4 -186 
164 -141 
-159 179 
198 -6 
120 -67 
-126 -34 
195 -38 
-187 192 
-196 -72 
188 -13 
147 -100 
-144 89 
159 124 
-43 -83 
-183 48 
13 145 
-30 144 
44 59 
-177 148 
-10 78 
37 75 
-115 92 
-133 -107 
2 -147 
-143 194 
153 -152 
119 135 
-44 -124 
-65 187 
-183 124 
-56 40 
199 -52 
-122 8 
-75 -28 
-55 -9 
-98 100 
-114 -171 
-147 -134 
163 -192 
-52 125 
-73 -36 
12 6 
197 153 
14 82 
173 63 
-112 68 
-13 -130 
-42 -99 
193 63 
-186 -149 
194 -84 
105 -200 
-187 -149 
-35 -160 
143 3 
37 -10 
-144 111 
166 69 
-1 -147 
164 64 
61 -119 
-75 43 
6 172 
39 -158 
33 160 
37 -9 
-14 130 
-51 -186 
-65 -19 
103 197 
142 15 
-3 169 
199 84 
76 136 
121 118 
-88 -38 
135 152 
-47 86 
-71 -183 
92 70 
93 -188 
-12 -5 
-95 -142 
44 43 
-176 -21 
-172 129 
38 -17 
54 -93 
75 -172 
195 -75 
150 135 
-117 26 
93 130 
-88 -84 
-78 -115 
142 -47 
-182 -2 
159 58 
195 -92 
-76 -42 
-115 -53 
-141 -66 
119 -108 
-34 188 
146 -74 
59 155 
33 -110 
131 105 
-104 -71 
-118 158 
-180 79 
131 -76 
16 185 
-18 134 
-198 -71 
95 0 
-143 156 
19 38 
147 -24 
-156 -100 
152 -49 
37 39 
-122 -132 
-78 165 
136 -162 
-75 133 
61 -139 
-64 158 
114 -185 
-71 146 
-95 -48 
177 -129 
-149 189 
146 187 
-20 -183 
-45 -180 
18 -129 
-84 -10 
-119 71 
-157 65 
192 103 
53 45 
-8 -90 
145 83 
155 36 
1 -127 
-143 94 
6 43 
-186 -167 
37 158 
155 -11 
-136 -198 
134 -139 
-136 182 
-169 -90 
-119 -75 
194 188 
-191 95 
-15 74 
119 -191 
-133 0 
25 1 
-1 79 
88 79 
89 -22 
157 -121 
-181 51 
192 150 
-174 7 
176 190 
-117 -89 
-150 -55 
-158 -60 
-40 -11 
138 -112 
-37 115 
-51 110 
-139 93 
-111 -82 
-5 -37 
139 108 
-21 151 
-23 -19 
-158 65 
-190 -177 
-108 84 
-71 157 
54 5 
-57 -66 
137 -38 
10 -92 
74 46 
-79 49 
167 156 
-179 -183 
1 68 
97 -107 
132 199 
-28 52 
30 -92 
-87 -145 
-126 99 
168 -78 
109 -97 
-23 -24 
53 66 
-14 90 
31 156 
96 -26 
139 -93 
34 95 
189 -149 
159 -180 
56 -3 
-19 -1 
-28 -97 
64 20 
99 -56 
91 61 
117 61 
45 90 
81 -49 
139 122 
-183 -89 
105 119 
79 139 
-152 57 
144 -139 
-180 156 
66 8 
145 -44 
-66 -79 
-101 127 
-54 -97 
-114 -95 
118 -152 
0 65 
-182 -26 
40 -111 
127 84 
174 -197 
-135 34 
-90 180 
146 124 
-67 179 
199 112 
-200 -71 
-135 91 
32 182 
155 89 
-76 -47 
-69 -92 
-118 135 
19 56 
186 183 
-123 120 
18 -60 
-88 -95 
-38 -41 
-138 -140 
44 -5 
155 -65 
93 -23 
-45 139 
-114 129 
-143 -134 
-150 42 
-41 -189 
150 -166 
192 55 
-102 -51 
118 -17 
190 -97 
129 1 
130 75 
-152 -176 
-90 122 
-146 -157 
70 0 
163 -102 
19 -129 
-71 -2 
-189 148 
97 175 
-154 152 
196 166 
-156 118 
56 -195 
-72 57 
38 -158 
-14 122 
69 47 
-12 -148 
-120 93 
16 -30 
14 181 
-149 188 
-20 16 
-92 19 
-50 -173 
140 20 
-31 150 
-100 69 
-89 39 
-61 197 
-171 162 
25 59 
-111 49 
-123 39 
-118 -182 
-62 -177 
86 16 
-89 -55 
-106 98 
73 131 
-42 -7 
83 100 
107 -2 
-80 -109 
-162 174 
92 60 
87 62 
178 -100 
-119 17 
4 -89 
-172 77 
185 48 
-117 -96 
-31 -97 
-148 -144 
-113 -145 
66 -22 
-83 124 
-63 81 
-108 -101 
175 -3 
-122 -191 
161 89 
-81 -139 
-158 89 
3 40 
187 -132 
-1 -199 
-50 -70 
-68 178 
-144 -160 
-138 105 
-24 136 
94 176 
-109 198 
-193 124 
-60 118 
-192 73 
150 -15 
143 -75 
178 -156 
44 80 
85 -161 
-42 194 
-60 -122 
-14 175 
-170 79 
189 17 
9 -161 
127 63 
4 -171 
124 45 
144 -67 
-80 143 
24 112 
116 -157 
49 -72 
-57 -148 
-58 -127 
62 163 
-172 -15 
-36 -60 
158 -128 
-47 63 
-176 -121 
-151 150 
154 -54 
5 35 
152 -89 
-12 186 
131 159 
-57 92 
159 135 
138 -73 
66 32 
158 71 
153 60 
56 -176 
173 38 
-63 88 
30 -17 
192 -197 
190 -194 
-75 27 
67 188 
175 12 
177 -11 
149 -25 
-138 10 
117 -114 
-175 -124 
24 -148 
157 -187 
-190 41 
82 -26 
183 131 
-37 -177 
-23 148 
-27 175 
-19 -31 
83 14 
104 -91 
128 140 
-101 -98 
-26 -14 
-49 -80 
57 54 
81 145 
-46 -86 
50 -63 
-36 183 
-172 67 
104 147 
-180 -77 
-179 120 
-196 -197 
185 179 
153 154 
143 -30 
-159 6 
-36 -178 
-2 -142 
103 -25 
-116 -44 
26 191 
192 -70 
159 61 
189 24 
-109 31 
-61 66 
-70 -103 
-65 -23 
157 191 
-148 185 
49 68 
-4 -198 
26 -116 
-4 -173 
31 71 
81 -97 
-75 95 
-121 161 
81 11 
152 74 
193 -53 
-194 117 
11 -99 
121 -22 
-61 1 
-196 -125 
146 -48 
93 174 
-115 26 
-106 -90 
186 -152 
-193 -14 
-88 -10 
45 -138 
-193 133 
9 114 
59 182 
11 52 
-171 -193 
-158 -54 
-66 117 
66 -153 
-89 -67 
189 117 
-21 63 
18 163 
175 -28 
-72 83 
-119 116 
-136 180 
-27 -60 
-53 199 
-92 -173 
126 -100 
146 118 
-166 -96 
0 -4 
-22 59 
61 -55 
189 -10 
148 -25 
-53 98 
-27 171 
-39 -34 
89 19 
-41 182 
-139 4 
-137 -7 
148 143 
-3 55 
-153 188 
82 18 
-73 -196 
9 -114 
-17 -123 
15 132 
25 38 
2 -60 
184 6 
-130 107 
77 139 
-135 -90 
-199 34 
-153 -41 
-107 -192 
-172 87 
-1 139 
-14 71 
162 -111 
-109 35 
-68 -72 
24 -16 
21 -125 
-110 155 
-47 55 
61 -98 
-53 152 
-69 82 
-189 157 
-2 18 
146 164 
-197 105 
-151 -155 
-45 153 
-171 144 
189 -85 
-21 11 
115 56 
-137 173 
-75 -112 
167 191 
16 -129 
-68 36 
-11 -25 
-186 76 
33 39 
155 -97 
-55 -98 
24 -170 
-179 -66 
22 67 
47 146 
94 -54 
-85 50 
-199 108 
-56 -49 
40 -198 
19 3 
166 -146 
163 -16 
124 -13 
69 -176 
60 182 
104 -164 
-149 79 
-129 69 
71 -84 
112 157 
-80 88 
180 99 
-76 -156 
150 -66 
-107 -98 
-80 -49 
-50 51 
52 -133 
136 176 
73 85 
102 -54 
183 85 
-84 -50 
-144 -169 
58 -194 
-199 172 
54 134 
41 -187 
167 -129 
-81 -41 
-90 -23 
-178 -103 
-48 2 
-197 -137 
-142 -87 
-82 -154 
90 -171 
66 16 
-80 -119 
-122 -22 
-33 166 
-185 -3 
183 181 
118 166 
-128 99 
173 -194 
192 104 
130 -177 
-58 -115 
22 -134 
-123 74 
110 -130 
16 107 
-159 76 
-109 36 
-142 -153 
145 49 
99 -44 
67 -45 
62 175 
-180 76 
-3 74 
98 -133 
-186 -40 
-62 88 
80 -79 
106 185 
25 34 
84 150 
-151 156 
59 -68 
149 -120 
-88 -90 
60 -90 
124 116 
179 -103 
-70 -19 
-163 -93 
185 -77 
-36 96 
-194 177 
-58 75 
-5 103 
155 -166 
-198 -16 
-60 -95 
32 -143 
166 114 
-101 44 
105 55 
187 67 
-33 50 
11 136 
-128 -83 
-7 0 
-97 61 
-196 22 
54 -90 
30 128 
-85 -103 
-89 -3 
130 -158 
-162 199 
112 -116 
6 4 
67 -54 
-197 -81 
49 73 
76 152 
155 175 
-180 127 
113 -62 
-138 -195 
107 -81 
132 -192 
-117 169 
-52 101 
173 -118 
115 15 
-21 -1 
49 -59 
-29 -36 
-96 -77 
-127 55 
-161 -1 
172 -197 
60 -151 
-36 78 
-192 -59 
-141 89 
-19 193 
69 -73 
146 -96 
-99 113 
38 102 
-85 31 
126 -159 
-2 84 
41 14 
-190 -79 
139 115 
-116 3 
164 134 
-160 -87 
-144 107 
-163 -100 
112 -129 
-66 139 
-109 47 
-167 43 
-77 167 
42 -148 
-178 189 
-25 -188 
-17 -31 
-34 -106 
180 24 
-92 143 
157 -51 
-133 -4 
116 -92 
137 142 
-19 -14 
117 -78 
-77 111 
-106 -113 
49 115 
-73 -112 
180 195 
-58 37 
-93 183 
67 71 
-127 23 
122 -78 
4 109 
181 -150 
-185 -141 
-50 -52 
-107 131 
-95 -177 
61 -2 
8 94 
192 84 
114 -17 
161 112 
-36 64 
-164 173 
74 -67 
24 -114 
102 -77 
-183 -31 
-154 170 
103 98 
-113 65 
52 -195 
159 196 
-52 12 
183 -31 
-76 7 
-155 -15 
122 -57 
-78 -135 
-149 32 
2 -178 
-30 -153 
-80 128 
-19 -155 
-52 -40 
-149 123 
147 180 
-181 -136 
-197 -168 
153 199 
-40 -160 
78 -182 
22 8 
-110 145 
-53 -25 
-42 -137 
-128 196 
-89 -143 
-155 -79 
14 34 
187 68 
-49 -178 
-63 69 
-170 -184 
-123 46 
114 -37 
131 155 
-8 127 
33 -66 
-193 49 
104 121 
32 -48 
-120 -79 
106 199 
-95 35 
57 105 
124 169 
137 29 
-119 22 
12 -95 
8 -130 
-70 193 
110 -136 
-140 -142 
160 -126 
-200 180 
97 -124 
-3 -77 
165 -15 
-87 135 
-100 -43 
86 8 
-142 -162 
172 5 
-3 -122 
74 91 
160 155 
-56 -172 
138 173 
-148 199 
-105 74 
90 -161 
-46 87 
92 48 
7 -117 
-124 78 
-166 154 
-195 183 
-181 -19 
18 1 
152 -162 
101 34 
-144 -70 
-75 -31 
-114 135 
165 -134 
89 34 
-126 -112 
84 106 
144 67 
-172 -123 
139 -22 
109 73 
-78 -48 
144 118 
98 -71 
-97 -171 
-67 -125 
-127 -71 
95 196 
52 25 
-6 -46 
107 46 
-44 -49 
-63 -61 
-173 -172 
144 -170 
62 130 
-177 -48 
27 -156 
76 147 
-25 -29 
-168 158 
190 43 
79 -115 
124 -111 
185 11 
96 -9 
124 86 
-117 158 
-178 -188 
16 -56 
144 20 
-175 56 
104 192 
82 -154 
145 134 
189 91 
-36 -173 
-29 166 
-166 -129 
-46 49 
-126 -196 
69 -170 
35 186 
-99 -3 
54 -81 
-2 176 
16 81 
-135 103 
-60 67 
-139 -86 
-51 -17 
198 42 
-3 93 
-163 160 
47 68 
-113 47 
-109 -71 
-44 -134 
120 -62 
-100 -192 
-178 -144 
-102 -144 
148 75 
143 -197 
170 -189 
98 -22 
88 186 
-175 185 
-57 80 
41 -170 
-168 134 
-132 121 
101 85 
90 48 
163 176 
12 -193 
-94 -98 
13 144 
121 -180 
33 -103 
-101 -172 
54 -167 
-50 -183 
-107 49 
-16 118 
127 71 
146 194 
159 185 
-95 -52 
157 -109 
86 141 
-175 47 
-9 95 
-50 -100 
-90 112 
-72 65 
-112 79 
-22 -148 
157 17 
15 -3 
-13 -17 
-54 -49 
-191 -189 
77 -28 
-169 136 
161 -97 
-88 178 
-184 75 
9 111 
73 105 
-119 26 
177 -73 
123 -192 
88 83 
-99 -118 
-64 82 
5 185 
-101 -108 
7 -106 
-42 3 
-21 -147 
-92 88 
90 12 
178 -95 
197 -53 
124 -188 
116 178 
126 154 
-43 59 
-197 36 
8 -26 
42 -26 
20 -100 
41 97 
-2 90 
132 135 
-168 74 
-140 86 
84 -181 
-12 27 
-183 137 
54 87 
192 21 
-128 18 
-161 52 
-46 132 
-178 96 
170 -197 
-14 -80 
-6 138 
23 195 
182 5 
-158 154 
128 188 
-40 -43 
42 145 
-12 -30 
115 64 
26 -99 
-30 -154 
30 -157 
122 65 
87 -30 
4 -63 
84 28 
-68 -148 
131 -72 
67 -172 
-105 -8 
-85 -4 
-87 139 
-31 -56 
141 -167 
113 163 
-13 158 
30 74 
83 -154 
-15 -84 
-7 130 
162 41 
85 98 
-172 -77 
-55 -179 
37 57 
-94 97 
-6 135 
-145 -89 
66 64 
-127 24 
-86 169 
164 -22 
49 -186 
-8 -57 
151 -72 
172 -54 
138 -12 
-103 -59 
184 -53 
-103 33 
198 -101 
-132 34 
79 77 
-77 88 
103 144 
-53 -191 
-179 -159 
-91 -69 
-69 -60 
37 -133 
-192 134 
-19 106 
40 113 
83 -9 
187 -114 
-198 23 
101 -57 
-52 45 
-88 -26 
-185 -164 
-94 -168 
-136 33 
-167 123 
-128 -155 
114 180 
56 -178 
69 -128 
111 -99 
-127 -121 
-179 146 
-95 -183 
13 4 
-112 40 
-72 129 
197 -3 
-61 20 
-54 92 
-67 -49 
105 38 
-147 -173 
-129 -112 
-18 11 
-103 29 
48 149 
195 180 
46 10 
67 -168 
33 6 
111 152 
-103 -119 
-192 86 
83 98 
-31 -30 
-19 -22 
-123 165 
182 45 
-7 143 
155 161 
-61 -168 
41 -174 
-161 -176 
150 125 
-120 20 
-116 -142 
-147 31 
-12 -138 
-168 -197 
77 -136 
55 -124 
23 -17 
-133 81 
-10 82 
82 -173 
-114 40 
-95 -29 
198 164 
52 50 
66 -123 
80 -94 
83 -1 
-86 -136 
32 -167 
28 -59 
150 90 
-188 -182 
-182 -30 
119 -164 
-74 23 
-26 52 
180 100 
31 13 
-43 -25 
135 -192 
115 -147 
63 155 
13 -116 
77 71 
-35 -105 
-145 1 
118 -103 
-123 137 
-157 26 
56 -41 
-125 178 
119 132 
-61 -153 
-62 36 
-81 162 
116 155 
81 2 
179 -37 
-63 50 
-66 -78 
-191 127 
-74 99 
111 -119 
52 -44 
-150 -101 
108 -87 
192 -29 
-102 85 
182 111 
133 -192 
-3 -146 
89 -145 
-7 -31 
1 31 
-86 -103 
-23 -46 
41 -171 
-65 -106 
115 -101 
-171 -72 
-83 147 
45 -27 
48 -151 
-114 191 
-159 0 
-9 37 
-12 90 
10 -191 
-175 6 
73 173 
-57 66 
-171 78 
181 -139 
-185 84 
-110 166 
-36 -86 
-93 95 
-36 -197 
-71 -44 
187 113 
-96 -116 
-2 -121 
-118 96 
-166 -92 
-47 -62 
102 -162 
-148 -83 
129 -68 
-167 115 
-92 -169 
141 -101 
-184 -92 
190 133 
-29 -106 
160 58 
78 105 
-41 -61 
152 132 
170 -80 
84 77 
-155 191 
-165 -22 
-59 106 
82 -24 
-150 197 
-43 170 
-195 97 
-167 -113 
130 -12 
154 46 
19 28 
-190 -78 
-29 137 
-73 24 
100 65 
77 86 
-37 197 
119 170 
-178 1 
-119 12 
150 -152 
-24 51 
75 -144 
-119 -48 
-90 -68 
7 -109 
44 -9 
-42 -3 
-173 -79 
47 -99 
189 179 
156 24 
99 101 
188 99 
193 -143 
136 -132 
143 180 
-166 -44 
171 48 
193 53 
-53 -138 
170 -88 
-156 189 
-116 87 
131 29 
84 80 
-94 -6 
-158 -187 
-24 106 
-149 -42 
11 146 
172 174 
98 -85 
-4 35 
188 -48 
52 64 
-49 -39 
-84 -73 
102 -11 
7 -50 
48 -160 
-14 -169 
-81 115 
187 183 
-121 -7 
178 -178 
-63 90 
161 149 
186 -21 
147 34 
165 -153 
-138 34 
-34 -13 
174 1 
77 184 
-141 159 
-104 -170 
-128 -30 
151 145 
-127 199 
-157 -46 
140 -13 
-188 82 
174 -132 
22 -119 
-91 36 
-44 40 
-86 131 
-144 -12 
-61 -84 
-4 1 
101 89 
32 61 
-107 98 
-131 118 
-183 -130 
-81 -144 
188 -15 
15 -48 
-161 -151 
130 -46 
114 80 
85 67 
-108 -156 
-14 189 
-177 161 
-76 -133 
-77 -7 
-114 -15 
-139 92 
-171 67 
88 -146 
185 195 
-157 117 
-109 -64 
34 151 
-104 -39 
156 67 
75 -36 
115 -37 
47 91 
148 181 
37 174 
176 43 
-154 184 
196 -47 
-46 138 
-195 -91 
143 113 
76 153 
-175 10 
15 126 
119 122 
107 28 
-107 39 
-33 40 
175 -35 
-184 -129 
-87 66 
30 -85 
-84 -79 
-157 126 
57 -86 
146 -136 
34 -34 
-178 69 
-26 -46 
84 -15 
-148 -113 
-123 -149 
-80 60 
7 90 
-78 84 
118 124 
125 24 
-82 -170 
6 160 
-45 103 
-183 -172 
15 167 
192 66 
10 50 
-82 152 
-2 -67 
21 -176 
-132 123 
144 -111 
-122 -170 
119 96 
72 -42 
139 -150 
-167 -195 
-45 -18 
-153 127 
-13 27 
-164 20 
183 117 
27 25 
-193 21 
30 115 
92 157 
2 -46 
-18 -110 
72 5 
-35 79 
-123 -6 
127 -38 
10 -101 
-119 -196 
-72 -168 
-83 6 
-130 193 
-17 8 
151 -55 
-162 90 
-115 166 
11 -153 
171 78 
-22 193 
-93 148 
-143 -72 
145 63 
44 -83 
170 -64 
198 -102 
-10 -133 
96 153 
-53 135 
69 163 
53 -142 
65 -109 
-35 76 
76 144 
56 82 
27 24 
53 76 
-140 -136 
99 -106 
127 -23 
-197 -96 
-196 -44 
163 169 
-159 180 
-195 14 
-157 16 
-157 -196 
63 -139 
-28 122 
-130 -43 
69 64 
154 182 
163 12 
67 197 
-181 -139 
-86 -12 
21 107 
185 193 
127 64 
71 -198 
-65 -107 
39 129 
156 -170 
-178 57 
81 6 
176 19 
166 -62 
41 6 
92 79 
-59 -200 
64 134 
-45 -9 
56 -130 
161 184 
156 -186 
-127 -157 
-115 37 
160 -83 
147 -96 
-168 67 
146 143 
190 93 
82 -165 
57 49 
0 -61 
-88 10 
-159 131 
-57 -60 
-186 -104 
91 -173 
-62 -142 
78 -23 
-2 -47 
21 -46 
129 197 
130 -85 
23 -103 
91 99 
139 -57 
-114 185 
119 97 
-68 -149 
-109 -34 
21 64 
121 47 
148 -108 
-187 -123 
52 -145 
144 -80 
-137 -85 
-1 99 
98 45 
64 -165 
-114 60 
106 175 
-39 -79 
184 25 
34 -185 
59 -77 
-9 182 
199 145 
126 -107 
-62 -157 
-74 33 
48 -24 
-176 164 
59 -23 
84 199 
-137 47 
144 92 
73 -118 
109 158 
-106 -70 
-102 157 
175 113 
188 -40 
87 8 
161 196 
-19 15 
115 8 
85 -10 
21 160 
-145 78 
44 -60 
-14 -126 
-85 -6 
133 -138 
-114 76 
-77 -52 
188 192 
126 134 
61 -116 
180 102 
88 147 
-53 28 
165 -81 
156 -71 
57 140 
-117 131 
51 -185 
0 155 
-26 -136 
-26 -95 
-90 193 
68 -75 
53 162 
31 -176 
38 140 
167 70 
16 172 
-182 -174 
-168 107 
34 137 
36 -45 
-165 -174 
21 -35 
-113 25 
154 -125 
-162 184 
-194 -9 
28 -136 
-94 -130 
171 53 
-92 74 
51 192 
86 -159 
122 141 
-114 -24 
111 32 
-131 20 
154 -95 
129 18 
-116 199 
-97 -79 
108 86 
-190 151 
182 30 
-35 24 
-2 -49 
-67 -110 
-93 172 
-22 -78 
-117 89 
49 187 
-182 87 
-91 142 
32 -125 
-93 31 
124 -6 
96 -196 
88 -164 
-194 -26 
110 -70 
3 -145 
-23 47 
-79 193 
108 -115 
-26 -52 
-73 70 
-143 37 
-167 -172 
51 3 
-63 -72 
40 -37 
-21 -126 
-104 65 
-77 121 
179 -31 
25 -33 
-105 -106 
175 8 
100 123 
9 120 
-157 85 
-178 19 
-93 101 
128 47 
104 -71 
86 -87 
23 59 
-112 -122 
70 37 
-71 -37 
174 171 
-48 78 
185 140 
-37 -146 
-12 140 
-46 -179 
-96 15 
67 135 
-29 -163 
-190 -130 
38 103 
174 155 
183 126 
-84 90 
80 148 
28 141 
187 -62 
-144 181 
-27 -35 
35 74 
64 -107 
-36 29 
-126 -192 
-173 -145 
108 12 
-94 -150 
6 -108 
-146 -8 
67 78 
25 87 
175 29 
154 -17 
153 -177 
142 -9 
13 -176 
-93 -151 
84 182 
52 -184 
195 56 
-99 -161 
-150 -181 
-65 -150 
-144 -34 
-119 177 
-145 180 
-186 -7 
-22 -81 
58 -7 
-167 102 
193 54 
-133 72 
-55 -188 
-90 147 
-58 -110 
-188 -29 
-138 -200 
169 -83 
-143 85 
143 -108 
-52 -23 
14 150 
-60 -13 
101 -60 
-123 -47 
151 -96 
-135 -112 
147 -162 
-128 10 
27 -198 
76 189 
178 121 
-172 18 
-129 -57 
-155 -167 
121 -117 
-171 156 
117 19 
-96 -23 
-179 -18 
138 38 
-86 -124 
-63 -133 
93 -13 
182 69 
-119 72 
111 98 
100 -56 
-104 194 
76 -57 
39 -120 
-73 -92 
-162 16 
151 12 
159 -26 
23 67 
-117 192 
188 -64 
-131 27 
111 -167 
87 45 
109 116 
55 13 
-46 -119 
68 -180 
6 84 
-109 -97 
-49 165 
107 164 
126 -51 
-88 59 
-42 142 
-165 -73 
188 24 
191 -78 
9 77 
-68 -33 
-108 -48 
41 178 
-21 -168 
176 -5 
-157 55 
13 97 
124 180 
49 186 
124 -21 
43 143 
-146 -159 
-121 -109 
-28 165 
23 -83 
-97 -12 
21 -36 
-78 -187 
-74 67 
35 -39 
-5 58 
51 -19 
-27 -118 
27 1 
172 -157 
-49 138 
-90 100 
13 -28 
72 133 
38 99 
-24 -191 
179 161 
-120 87 
-31 109 
-70 -172 
-67 -164 
-116 147 
17 -7 
155 165 
-131 84 
-121 -188 
122 -165 
33 -107 
-140 35 
-119 -117 
45 106 
-71 -179 
-64 53 
-132 -102 
0 7 
-108 22 
-22 -71 
-151 -107 
186 115 
-44 173 
-147 -8 
97 -72 
-111 58 
7 -46 
198 160 
-174 -198 
117 -134 
25 -191 
169 -6 
118 -60 
181 188 
-106 33 
-39 -10 
8 115 
-156 33 
-81 70 
25 159 
-83 77 
29 45 
90 71 
-35 -20 
-196 74 
-196 -198 
72 -21 
193 -68 
-166 24 
-36 -176 
-115 76 
-99 -52 
-71 16 
145 -149 
-68 99 
-74 96 
-31 11 
19 -24 
87 193 
178 179 
-80 -197 
-83 -76 
-177 100 
82 74 
-142 -122 
97 -86 
8 -161 
-166 -185 
-158 -194 
97 -52 
120 70 
-61 -102 
184 -158 
-63 -3 
-77 103 
182 -131 
-17 -111 
188 -167 
-183 193 
-158 -131 
10 44 
107 131 
-161 -66 
-80 -29 
-193 194 
-96 181 
-63 -55 
-168 -38 
-8 -112 
197 -169 
-4 40 
-125 166 
-108 -188 
-39 77 
147 -178 
104 -77 
122 -71 
-139 -45 
61 -115 
-37 62 
36 103 
141 124 
38 -66 
-148 -16 
11 184 
30 -133 
11 -160 
10 68 
-117 -146 
118 -76 
-21 144 
-194 -90 
-99 173 
98 103 
47 93 
71 -17 
7 95 
71 190 
43 -151 
-151 -65 
156 167 
23 -153 
-181 -161 
-148 -21 
-52 44 
-97 -24 
-149 83 
-178 116 
9 10 
-48 10 
185 166 
63 -56 
148 -200 
98 -59 
-55 -101 
162 171 
-128 144 
165 -71 
109 36 
43 -67 
-28 -149 
-101 -120 
141 87 
-96 122 
-25 -174 
103 -54 
-75 79 
-54 149 
-98 39 
-188 177 
-69 -169 
-147 -103 
48 -35 
15 -115 
-3 -161 
-125 136 
86 187 
-150 -115 
196 170 
48 -59 
133 -68 
38 -125 
79 187 
-162 110 
194 -52 
-70 68 
-165 -90 
-120 114 
68 18 
-133 60 
63 -64 
168 108 
-138 177 
30 -175 
69 -7 
198 -4 
47 -199 
63 20 
107 135 
146 -143 
11 -126 
93 33 
-44 -142 
-26 -60 
-94 -55 
-184 162 
-44 9 
-129 8 
88 154 
-80 107 
-168 -193 
-114 90 
-6 25 
-92 -108 
163 -69 
-65 -123 
140 -90 
84 -112 
22 -18 
-88 61 
-136 24 
150 -91 
104 184 
60 -189 
151 -108 
-20 -166 
88 -174 
146 -91 
-67 145 
50 138 
190 -49 
18 155 
175 -120 
45 -78 
-148 -71 
194 143 
137 130 
199 -155 
186 -22 
-6 92 
-114 164 
24 10 
100 87 
-150 13 
-69 -81 
-86 -138 
156 -4 
-43 14 
86 140 
78 -103 
95 177 
-35 195 
36 -161 
86 57 
193 -197 
-111 95 
65 185 
-116 57 
103 193 
161 -152 
153 89 
41 -8 
-22 43 
100 13 
146 -17 
15 -172 
116 -140 
-27 21 
24 187 
143 144 
-180 -39 
18 41 
-121 28 
-104 193 
-97 142 
142 -133 
-172 -85 
-143 -153 
-17 -12 
-118 169 
-116 167 
17 136 
-187 -1 
-116 -183 
144 191 
-24 142 
49 112 
-188 42 
104 -189 
12 -9 
-53 -34 
-73 -99 
-152 52 
165 23 
-128 173 
86 -1 
-43 -44 
-33 -189 
164 4 
67 -139 
-20 -195 
87 -74 
84 172 
-116 -36 
78 20 
-43 99 
-7 123 
150 60 
-89 -188 
17 -116 
55 -165 
-77 64 
-26 89 
-121 96 
190 6 
126 152 
-95 50 
-153 23 
-72 -196 
186 83 
83 7 
122 142 
-68 50 
180 -112 
94 9 
-120 -45 
120 40 
-107 -12 
112 -70 
5 -127 
-66 197 
149 119 
-145 -156 
-114 3 
63 -159 
-176 187 
144 4 
-141 -166 
12 -190 
148 -5 
171 -66 
108 42 
-196 93 
149 -173 
98 114 
120 -50 
183 53 
-84 42 
118 -8 
31 -67 
-190 -186 
-190 -162 
163 197 
72 46 
48 -146 
-55 47 
63 -135 
86 -175 
50 197 
123 25 
171 85 
129 57 
162 52 
-115 -48 
0 76 
-22 35 
59 -168 
-62 -124 
88 78 
182 161 
81 139 
77 -191 
33 179 
-111 -173 
-57 173 
-161 38 
-25 -126 
-135 98 
-94 -22 
-170 158 
138 37 
23 -74 
-182 151 
-63 -157 
124 -73 
81 -55 
23 17 
-82 -56 
70 -56 
-49 -72 
58 -175 
-174 -142 
119 -121 
-119 -66 
65 -67 
167 -199 
107 17 
173 50 
-32 -64 
143 87 
161 -42 
76 143 
-44 69 
-196 52 
-163 -27 
-86 96 
66 -121 
-87 169 
-54 5 
-126 25 
-172 -115 
-129 -43 
98 -170 
51 -2 
2 -168 
-125 -190 
34 -142 
77 166 
-96 173 
48 -178 
176 180 
-176 68 
-161 5 
-78 -106 
82 191 
176 25 
22 164 
-121 -114 
83 -72 
49 -148 
-180 -185 
-40 -129 
23 -119 
-195 22 
122 150 
28 -164 
-43 180 
10 196 
-154 -189 
-56 147 
66 -70 
-16 -134 
7 -115 
-3 -183 
-199 72 
-170 -132 
182 -104 
-31 -143 
53 -76 
-35 -114 
188 95 
-61 94 
-48 -71 
-18 -104 
47 12 
169 -90 
-197 -151 
156 -65 
-31 190 
-11 78 
-182 41 
-133 -63 
158 -46 
-171 -166 
-26 31 
-2 86 
-162 43 
60 -112 
142 -159 
1 -35 
-180 -167 
49 -104 
-109 -134 
82 -200 
84 -124 
181 97 
-9 -18 
-119 73 
-160 -145 
-168 -172 
-184 30 
-170 -140 
-137 -127 
-139 95 
32 -168 
64 126 
-110 -168 
-36 105 
190 -30 
-72 -64 
189 169 
-171 28 
-146 -16 
-65 194 
-135 -159 
-197 173 
32 7 
32 -116 
22 -174 
12 -168 
40 -97 
-57 -42 
-115 -197 
-52 47 
126 86 
101 -189 
-154 -75 
20 189 
99 70 
3 -150 
5 -185 
-200 59 
63 17 
166 -78 
106 -60 
167 -165 
-186 161 
17 -43 
198 -193 
-59 -52 
-170 69 
45 160 
-98 -18 
-99 176 
160 -138 
-164 153 
-88 58 
-85 -9 
-31 -71 
-198 -134 
-49 18 
-5 -95 
80 82 
-94 47 
-40 17 
-127 -181 
24 -141 
122 -4 
121 61 
-13 -3 
97 82 
103 168 
-127 166 
-82 83 
-171 -114 
118 -16 
-199 86 
21 104 
-190 108 
-110 199 
-109 85 
-64 23 
83 -139 
103 -108 
89 98 
163 -32 
43 152 
68 -91 
156 34 
31 -101 
54 35 
129 -60 
134 -186 
-141 -102 
-9 -138 
88 101 
158 104 
-105 -145 
-168 0 
70 181 
-4 116 
169 20 
52 95 
-142 -16 
148 -3 
-81 -23 
-145 -178 
3 29 
22 -158 
183 98 
48 -37 
108 -75 
-9 196 
54 -79 
-96 -91 
182 -23 
125 32 
-154 -163 
62 -91 
-132 103 
175 75 
-169 -103 
-36 -38 
181 -124 
-52 179 
-194 24 
94 -12 
175 65 
110 136 
72 -161 
-87 198 
-146 60 
-33 -78 
-4 123 
169 -32 
131 121 
120 -54 
50 75 
-167 -146 
-51 67 
-170 182 
126 -197 
91 162 
-81 -77 
3 -146 
122 109 
195 157 
-118 109 
-112 -32 
179 -54 
15 -119 
149 -178 
169 42 
-19 -167 
183 48 
-156 -40 
36 26 
-97 -30 
-155 197 
-179 -178 
-37 -114 
71 131 
-168 -3 
-94 116 
153 173 
-49 164 
27 144 
-41 -167 
107 -74 
156 -123 
69 -149 
69 -178 
-137 -21 
-34 59 
1 108 
-10 137 
134 114 
-96 95 
-53 43 
-109 196 
133 159 
-50 61 
145 184 
15 83 
194 -132 
-33 139 
101 65 
186 -98 
5 -32 
-110 62 
-2 36 
-34 -90 
190 97 
-43 -165 
93 -94 
-22 199 
-114 83 
-128 181 
181 39 
93 -184 
-87 -97 
-122 -9 
192 145 
138 6 
102 61 
134 45 
147 164 
-106 102 
-111 -176 
162 176 
-160 -59 
6 130 
-102 151 
-151 -161 
-111 182 
0 156 
-44 96 
26 -35 
100 -128 
172 -188 
56 -87 
-63 180 
-162 -59 
149 163 
73 3 
71 169 
191 133 
32 -20 
-138 114 
129 -100 
-188 -114 
-31 -72 
129 -156 
-197 -53 
-93 153 
9 157 
181 -173 
-37 -133 
170 -158 
135 188 
-32 52 
-5 93 
8 -66 
121 -134 
188 102 
-25 27 
-129 -169 
-193 39 
-200 -31 
150 196 
69 7 
153 -27 
-142 -88 
10 -63 
-69 164 
133 73 
155 67 
-171 81 
-117 -33 
40 61 
-92 -91 
68 10 
41 137 
-174 -12 
4 170 
-41 -33 
-22 -79 
60 88 
136 32 
-67 69 
-167 -136 
13 -142 
25 -117 
11 -79 
138 165 
-143 -12 
-159 -177 
-161 128 
144 -125 
-194 3 
-21 -122 
105 80 
-170 -144 
-108 163 
-3 -55 
104 -176 
129 199 
-40 84 
135 195 
-78 -167 
18 -70 
48 -78 
-21 -181 
-94 146 
-85 -117 
91 -40 
118 115 
57 102 
-140 -158 
-112 -10 
-167 111 
-48 -183 
99 176 
185 160 
126 122 
179 31 
-64 96 
-154 -120 
-66 67 
-33 -163 
192 -121 
84 19 
130 -84 
-131 -168 
136 -32 
8 -123 
75 -84 
-69 47 
-43 28 
33 125 
38 -166 
13 -123 
-155 -177 
58 144 
-175 -87 
-43 156 
-180 -88 
-174 54 
-98 -184 
-125 97 
-88 -51 
23 117 
-80 -111 
52 148 
86 130 
-63 -101 
-13 -58 
127 -61 
-193 -146 
121 -87 
189 9 
45 49 
-54 22 
65 158 
-81 125 
51 30 
102 -57 
-50 -116 
-45 142 
-71 -65 
-47 -54 
50 184 
24 137 
27 -43 
122 -27 
-165 -83 
-21 -179 
-28 70 
-79 132 
-18 -35 
-170 -1 
78 -128 
44 170 
95 47 
-38 124 
48 -196 
118 -93 
119 133 
159 42 
62 31 
-105 137 
147 -121 
97 140 
31 163 
-54 -73 
-28 -49 
147 68 
87 24 
46 103 
-173 -117 
-143 -38 
-170 171 
63 -35 
128 -106 
-29 -78 
123 -154 
-44 -60 
145 -5 
-71 -11 
-171 -155 
42 136 
-100 56 
-115 -50 
-118 117 
-128 -20 
146 -187 
-195 173 
-93 -33 
141 -177 
-3 -164 
-139 -73 
128 -28 
-70 -74 
-72 161 
97 44 
100 84 
197 -21 
11 -170 
-149 -39 
-5 51 
-81 -100 
-144 -59 
149 -42 
159 -79 
-149 45 
111 -103 
161 73 
-92 -67 
100 -99 
81 -87 
35 0 
130 -159 
46 -193 
155 -77 
-86 -139 
27 131 
147 -97 
76 186 
-42 -28 
37 -50 
-117 -82 
-13 -135 
-95 123 
148 -143 
-102 -58 
34 176 
74 -94 
-95 128 
164 171 
123 93 
-193 -155 
-91 -59 
-91 83 
85 142 
-58 -22 
-7 -162 
28 75 
-50 106 
127 -64 
103 161 
90 -121 
30 136 
-116 96 
-29 25 
-198 133 
-73 -114 
-164 19 
-97 153 
75 -113 
57 -191 
167 -36 
113 -50 
-174 -90 
-190 70 
-36 144 
55 60 
-187 121 
183 -187 
176 148 
87 -85 
-173 130 
135 -42 
-127 -133 
64 84 
-152 -111 
-164 -84 
-39 75 
145 -88 
70 44 
-177 -46 
-60 -76 
190 127 
87 -77 
40 26 
-168 165 
39 -51 
-176 163 
54 156 
104 -179 
17 -131 
-16 -89 
-17 98 
167 -131 
183 -53 
-75 -148 
143 82 
-198 101 
-43 100 
135 89 
71 -145 
-23 43 
187 -86 
-146 40 
42 -150 
-164 -103 
-119 -110 
53 -92 
96 116 
36 -173 
-130 -141 
156 -190 
131 -57 
-176 36 
12 41 
-35 -54 
-189 111 
6 -130 
-169 -88 
-153 38 
-41 143 
-3 -56 
114 -169 
190 -119 
-75 48 
-10 -71 
164 78 
42 192 
26 125 
-170 73 
-94 51 
-73 69 
59 14 
70 -126 
-60 -106 
-88 17 
-23 -35 
172 155 
-85 183 
-3 95 
148 -134 
99 -54 
-110 172 
32 25 
-142 57 
-80 16 
117 90 
-65 12 
-29 -121 
155 130 
60 172 
-88 -199 
-1 136 
133 57 
-120 -160 
-142 -92 
60 73 
-88 -194 
-117 120 
-124 -152 
-23 -90 
21 170 
133 -109 
118 -158 
-62 -6 
-160 41 
50 174 
158 41 
-119 133 
136 13 
-82 -86 
-110 -25 
-133 146 
-1 76 
9 58 
-102 -45 
-190 -166 
-22 51 
82 -71 
75 172 
163 -127 
98 174 
-140 -95 
-120 -115 
6 -200 
-1 -103 
104 145 
134 186 
-189 165 
149 -31 
-86 36 
127 -86 
-119 -50 
-75 -102 
-56 -51 
-73 157 
-136 184 
110 174 
101 187 
-91 33 
29 -137 
96 -185 
-84 -139 
19 25 
9 -168 
196 141 
-68 41 
124 -26 
-146 139 
112 47 
-194 -180 
-100 -139 
67 177 
127 35 
108 -11 
-132 -133 
-38 61 
53 131 
-51 -36 
-139 193 
16 76 
59 -102 
-164 102 
100 -187 
-138 110 
-89 -92 
147 -117 
175 69 
82 -28 
-93 143 
141 -93 
135 -168 
-112 190 
65 -118 
-40 43 
-188 -36 
-125 31 
-131 -35 
-97 -155 
-131 -159 
55 -29 
-52 -90 
-68 -196 
87 -63 
147 -171 
-144 85 
-60 -31 
94 -165 
172 0 
-140 -85 
-89 -174 
-16 -3 
83 178 
-66 142 
-48 122 
-157 -35 
185 163 
-98 -177 
68 -116 
-141 196 
-92 -39 
-169 149 
156 154 
-120 64 
117 -102 
198 136 
-65 -146 
138 26 
116 -20 
15 -58 
102 55 
-149 136 
112 107 
-96 22 
85 31 
60 -188 
108 -120 
-129 143 
52 75 
29 -199 
-51 -174 
141 37 
57 -18 
-192 165 
156 -139 
-4 -18 
183 -102 
-190 -57 
179 -107 
142 -21 
-188 197 
151 190 
-40 33 
-94 -136 
133 -110 
-59 78 
-94 18 
-55 39 
-136 29 
134 121 
-139 24 
134 -45 
80 35 
47 114 
-137 -107 
-76 178 
13 130 
-155 -194 
55 194 
-100 -12 
-129 -85 
-144 -138 
-188 33 
114 152 
-54 49 
7 -112 
-63 0 
1 -75 
-97 -146 
-53 -105 
-77 55 
-49 -155 
-170 -145 
-22 79 
188 -98 
190 15 
77 51 
-43 3 
176 -135 
129 131 
22 149 
152 168 
78 -108 
-72 -193 
-180 -78 
-145 19 
142 193 
-22 179 
-91 -119 
-24 -39 
-36 59 
174 184 
96 5 
-188 -81 
-106 -59 
-144 -31 
106 -159 
-48 190 
104 -157 
-83 107 
120 62 
-198 51 
-173 38 
12 99 
-141 -79 
-53 19 
122 83 
32 37 
97 19 
-160 -147 
-95 -147 
-89 170 
-23 32 
-92 102 
-27 -176 
-31 -58 
-5 -132 
-92 199 
170 25 
146 25 
88 -166 
81 -59 
-103 121 
-161 -126 
-101 157 
-149 -100 
-176 -111 
123 -48 
-54 -87 
190 -63 
-48 -26 
-48 199 
89 -104 
187 33 
-26 108 
30 -46 
-106 -51 
73 183 
-123 -44 
-155 176 
178 -62 
-74 -135 
-10 76 
94 149 
142 -54 
-141 154 
75 -58 
136 193 
-84 46 
-59 -163 
25 -175 
9 -134 
-180 184 
-37 180 
-94 -122 
129 107 
-148 -137 
-142 41 
-134 -49 
-199 -62 
195 181 
24 149 
166 -145 
169 11 
-101 -79 
-81 -187 
164 178 
-26 -103 
34 -190 
34 -1 
160 -19 
189 10 
-177 -66 
26 183 
-195 49 
-95 -79 
-51 138 
18 -83 
167 -87 
183 -77 
-44 -45 
38 -39 
-120 35 
-183 -60 
-159 24 
10 3 
-97 45 
-161 58 
81 -161 
-36 63 
-135 -102 
-105 95 
156 105 
-69 -77 
-42 98 
-116 -98 
41 136 
-7 -199 
110 28 
-50 135 
-173 116 
199 -167 
-124 187 
48 92 
-98 148 
-66 -112 
-182 -187 
15 -36 
-106 173 
199 151 
-195 -200 
9 89 
-133 -134 
53 -98 
112 14 
173 -143 
-193 179 
159 -52 
17 -167 
-187 112 
-150 -188 
-137 35 
-186 121 
88 -134 
-152 5 
151 110 
182 -170 
-10 -189 
-17 0 
111 22 
-75 113 
31 -5 
119 74 
164 140 
112 -65 
-33 -128 
-97 170 
64 19 
-146 -136 
60 -156 
-1 -43 
-131 -134 
-51 -167 
-116 -51 
33 -25 
58 49 
184 -125 
137 12 
84 141 
-179 169 
-118 -96 
61 -11 
169 -39 
0 -184 
-162 -50 
-103 69 
88 49 
167 43 
42 -182 
-46 190 
-32 -69 
-134 116 
156 -29 
182 -75 
-124 -82 
-108 -57 
-57 -194 
6 -71 
76 -89 
26 187 
-65 -122 
51 21 
132 180 
122 -161 
-62 -168 
-133 179 
16 123 
-29 -171 
51 -38 
76 -168 
126 118 
-29 -107 
63 -19 
72 66 
-14 -1 
-126 21 
-63 -22 
83 197 
-14 -30 
23 4 
21 151 
19 75 
147 -9 
-62 -166 
-148 155 
167 39 
-57 64 
169 -167 
-171 -35 
-118 -100 
150 -37 
-156 -8 
113 -68 
-48 125 
174 -125 
-56 32 
153 -156 
-154 97 
102 160 
186 171 
-161 131 
120 -52 
192 -109 
-63 66 
149 -15 
-5 -118 
-172 -134 
180 122 
186 -7 
140 107 
69 -15 
-114 -116 
27 89 
21 -168 
12 128 
43 19 
129 93 
173 -2 
-6 162 
71 -164 
80 -134 
45 -173 
-89 -93 
61 -126 
-59 -41 
23 -88 
-184 185 
51 171 
-65 107 
-143 -24 
82 86 
-27 -53 
-187 68 
-49 -50 
6 -68 
-58 -118 
197 138 
-154 -73 
-25 -98 
6 79 
1 -159 
113 -74 
-37 15 
10 -68 
-12 13 
-105 171 
106 131 
-168 -96 
-17 -53 
40 -185 
-21 92 
-19 66 
68 -169 
115 161 
32 -47 
53 83 
5 96 
-31 -146 
139 155 
198 -123 
-73 -85 
51 194 
-130 -187 
107 -114 
52 -81 
151 3 
151 13 
-129 -102 
-200 -51 
58 -71 
162 -118 
23 68 
90 -69 
133 77 
5 24 
40 -27 
-50 -63 
136 -75 
-108 -197 
26 -193 
129 198 
94 -73 
-7 -67 
-94 -77 
-62 -188 
165 198 
68 189 
-6 -132 
14 47 
-76 -127 
-150 -184 
-18 -24 
-139 -32 
30 172 
87 -97 
-36 75 
-104 -175 
117 -35 
-188 -7 
106 136 
-4 158 
-12 171 
-182 -192 
-53 147 
126 15 
-40 -179 
129 152 
-161 65 
-47 78 
-49 -158 
-122 -66 
41 110 
33 -161 
112 -77 
126 -46 
-195 60 
-192 -29 
195 -131 
60 50 
66 -56 
-139 89 
-60 165 
-39 -117 
64 -45 
79 -174 
-15 -22 
-174 188 
155 103 
145 -122 
-96 199 
95 194 
135 -164 
170 159 
-184 1 
159 144 
67 140 
-76 -124 
74 -188 
83 60 
133 9 
-64 131 
-32 -57 
47 -5 
146 -46 
98 36 
-56 187 
91 0 
-140 -132 
-173 -95 
118 -120 
-200 107 
97 -118 
180 -156 
115 127 
180 17 
152 -30 
-74 53 
-16 185 
-59 19 
105 -50 
-195 -47 
151 100 
-98 -196 
40 -99 
186 118 
99 -48 
-25 -178 
-38 180 
-163 104 
31 -124 
123 -172 
112 145 
53 -15 
134 52 
-178 110 
161 -184 
86 131 
177 -35 
-27 67 
172 107 
-46 -56 
4 120 
154 -167 
-182 -181 
-23 -48 
-11 -23 
73 -126 
-99 -29 
-94 -132 
-10 -117 
56 -115 
194 7 
-59 134 
-164 -172 
-146 112 
17 -30 
165 98 
-84 69 
-78 65 
-50 -176 
-89 -124 
185 103 
-41 -104 
171 -2 
-109 78 
165 37 
55 98 
-102 145 
-54 -101 
141 -1 
-68 63 
-16 -133 
-21 -165 
-147 77 
-140 2 
-20 -81 
-182 -49 
-36 -137 
-155 118 
37 0 
184 161 
122 16 
-18 171 
-93 48 
182 33 
85 22 
-25 118 
-164 149 
199 -129 
105 53 
-47 -79 
-134 89 
160 163 
-52 167 
127 68 
-168 137 
-28 -19 
112 -158 
-114 -32 
54 181 
-134 -151 
-79 13 
191 -54 
89 -89 
104 29 
120 126 
-198 -179 
194 33 
22 15 
123 -83 
105 60 
-196 27 
54 98 
193 -57 
-121 -46 
111 4 
25 171 
107 -171 
-81 6 
40 -107 
-42 171 
-166 -90 
-106 184 
-186 -21 
-154 73 
101 51 
-145 -40 
-144 -48 
19 -80 
-179 82 
46 131 
151 25 
-162 -85 
-40 -193 
181 -109 
-26 38 
67 -20 
42 106 
-200 26 
-102 31 
13 -192 
18 162 
-103 2 
134 -57 
141 -113 
-148 115 
-78 128 
-151 -53 
141 45 
64 -114 
-112 -84 
-41 89 
78 -15 
-7 80 
59 27 
-133 23 
-31 60 
36 -4 
49 70 
-173 29 
-89 -78 
74 153 
105 37 
159 107 
120 37 
43 -109 
-190 92 
-106 -83 
-71 -184 
-126 42 
116 -116 
138 174 
87 30 
20 60 
96 107 
-89 -98 
-114 -37 
88 -188 
167 -182 
-189 63 
174 85 
-139 186 
71 101 
126 -63 
105 -15 
4 154 
104 -181 
83 129 
-117 77 
-100 60 
-136 149 
25 -87 
-192 32 
161 -85 
-130 50 
23 162 
99 -100 
-137 42 
-137 68 
-99 181 
124 -114 
196 122 
153 -85 
98 -77 
-166 -70 
-192 -44 
-19 9 
-69 -174 
-35 -98 
-122 -45 
-26 188 
-84 174 
16 -122 
52 20 
9 98 
-197 -91 
-172 -86 
49 -131 
57 96 
69 -16 
145 74 
60 184 
-4 -57 
-86 -96 
-157 8 
-167 -161 
47 -101 
-27 167 
-183 -57 
72 44 
-65 -152 
-22 -93 
21 -32 
88 37 
-69 -156 
-105 -90 
-133 -138 
-23 -66 
-192 48 
11 -156 
-121 -155 
-105 -53 
173 -50 
-116 175 
-139 -21 
89 61 
174 26 
-59 87 
94 -89 
67 109 
-154 158 
-114 118 
132 -77 
-114 14 
150 -160 
139 33 
55 47 
52 -68 
109 -191 
-31 42 
179 -180 
6 40 
-142 -77 
-126 195 
106 4 
138 82 
-161 -156 
-173 79 
-33 -41 
-50 142 
44 -49 
39 126 
115 -161 
179 105 
-123 -49 
-58 113 
85 -132 
37 -41 
68 -52 
75 188 
-107 -135 
59 -1 
99 -154 
39 149 
-66 79 
-45 -26 
-156 -101 
-129 58 
-60 80 
22 -28 
82 66 
-104 -47 
-30 -190 
151 22 
-116 -121 
83 -113 
76 67 
84 47 
-60 -200 
59 183 
-173 -19 
198 26 
-153 -31 
176 30 
-120 -155 
-195 -5 
-39 150 
190 198 
-15 101 
158 193 
-74 161 
-60 -27 
192 -27 
-158 -78 
177 -105 
114 -110 
-191 -26 
115 -148 
164 97 
-43 160 
-152 21 
-160 -168 
-157 102 
133 49 
32 -171 
-128 33 
-72 159 
39 -95 
-14 -64 
-118 -66 
-114 177 
-23 118 
-3 178 
-95 196 
26 5 
74 -14 
138 101 
-178 -80 
-66 42 
121 -110 
189 43 
84 24 
193 -97 
111 -172 
194 -49 
-84 -53 
63 -41 
-32 -112 
152 108 
41 -65 
-40 197 
106 -122 
-155 -135 
-17 134 
151 -27 
89 -178 
63 -72 
-187 -51 
70 187 
106 -167 
-79 -107 
24 90 
-16 164 
167 37 
78 -5 
110 -79 
30 181 
2 -16 
174 -28 
-127 -110 
145 32 
173 128 
99 -28 
10 33 
189 73 
88 197 
142 -3 
121 -192 
-26 32 
-162 -64 
76 199 
-96 -41 
-181 162 
-173 -143 
95 86 
17 -155 
-43 94 
93 -37 
-150 -131 
97 197 
121 41 
61 194 
-80 -102 
38 30 
-32 -10 
184 160 
-21 -43 
-52 145 
172 146 
-91 177 
-60 154 
-163 -56 
154 32 
-38 -9 
174 -90 
-152 179 
21 32 
-78 -199 
-58 182 
198 1 
-152 29 
-129 63 
13 118 
140 176 
106 15 
-102 -191 
155 -31 
-164 -159 
-19 -58 
-66 -124 
-130 54 
163 -153 
55 -34 
-30 -144 
168 100 
56 177 
114 94 
118 -153 
-129 -137 
-95 -88 
92 -58 
175 -121 
-92 -49 
-96 175 
-67 -116 
-7 -2 
141 39 
-128 -77 
111 -193 
88 -14 
157 152 
-134 112 
-38 -176 
-110 -35 
20 188 
-1 -90 
-158 -33 
-112 -123 
120 31 
-188 -20 
-57 119 
-128 106 
121 66 
-119 -140 
-58 29 
-141 -45 
-163 166 
20 14 
-46 39 
-88 158 
-158 152 
-40 -133 
148 77 
-177 119 
-152 -198 
55 -147 
-99 30 
92 81 
-73 -144 
0 142 
-184 141 
97 -113 
-98 186 
-54 -103 
191 139 
85 157 
-138 -17 
-193 138 
-124 2 
55 -168 
-38 192 
45 -25 
77 33 
-76 47 
-134 12 
-35 10 
178 -162 
-19 49 
-111 15 
-113 152 
-33 -180 
120 -56 
138 -17 
-185 -46 
167 95 
-58 150 
132 -46 
-200 -107 
124 -7 
-119 60 
158 2 
5 -155 
-13 119 
-4 -70 
27 -175 
187 123 
152 -68 
-59 111 
172 -189 
-185 -73 
-57 0 
110 194 
-42 137 
12 -191 
172 -5 
121 172 
-13 141 
183 81 
-102 -19 
115 -167 
26 -94 
156 -136 
21 -130 
122 151 
-152 -32 
-84 64 
-64 91 
-25 -167 
160 132 
-68 -85 
69 -121 
-23 143 
-122 -54 
-131 -53 
-59 -74 
114 116 
-185 -27 
58 108 
-56 57 
-57 46 
-194 -193 
-171 -53 
186 2 
-47 132 
-111 125 
-152 10 
-151 -136 
40 -105 
28 69 
140 -178 
26 168 
87 147 
-188 107 
43 168 
197 58 
-104 -161 
164 12 
-19 -114 
-61 -81 
191 -200 
117 14 
-57 -43 
-143 83 
-52 14 
-161 170 
123 60 
5 112 
-181 154 
-5 33 
-51 -16 
45 104 
150 -151 
198 100 
179 -71 
36 33 
-23 -28 
-24 3 
115 55 
83 -100 
-104 -28 
31 97 
-21 -81 
165 138 
-107 5 
-5 13 
102 188 
-50 -169 
48 103 
149 -166 
34 73 
40 -156 
67 -46 
-200 -180 
149 -45 
-56 -161 
188 21 
-80 -11 
197 -198 
-177 13 
-84 -119 
134 -13 
-164 38 
-28 171 
97 -196 
-73 149 
65 101 
55 -12 
-99 -173 
-199 -79 
101 -22 
-82 147 
6 -180 
-89 -34 
-80 -144 
-81 148 
57 99 
79 126 
-118 67 
-156 121 
-151 -15 
165 -20 
-175 192 
169 36 
166 -169 
134 -49 
-2 -33 
-46 86 
-51 -124 
-59 20 
66 -104 
170 -177 
51 7 
32 -51 
13 -1 
126 -20 
-41 29 
194 -68 
-49 -11 
-134 -53 
57 -117 
-85 57 
-33 -142 
-36 -133 
-64 152 
-89 -91 
46 -93 
144 32 
-26 96 
157 -36 
107 93 
-138 -189 
59 -62 
101 -185 
108 -164 
-51 189 
-148 58 
39 -139 
132 -26 
121 9 
89 120 
-58 59 
141 -191 
-117 -85 
39 -191 
-200 149 
11 90 
46 123 
-7 -178 
-11 29 
195 -138 
-126 -20 
-173 20 
60 2 
4 -185 
-79 -40 
60 45 
105 0 
-56 -60 
-153 -121 
175 -44 
-33 135 
-178 -45 
-136 -159 
-119 104 
16 -146 
11 -54 
-162 -155 
-13 -64 
-178 170 
-177 75 
21 -67 
44 90 
175 -191 
174 30 
-40 110 
80 183 
98 -78 
-6 190 
-184 -7 
-42 -25 
-165 75 
68 135 
62 -10 
64 -67 
-88 156 
94 -48 
121 -150 
-24 -74 
60 77 
-16 -175 
-18 115 
28 -1 
-133 25 
-11 -54 
-66 195 
-32 113 
-118 188 
186 -155 
-196 -195 
-183 -25 
-159 194 
3 -10 
37 -176 
134 108 
134 -159 
-61 111 
-118 -14 
132 144 
-145 115 
-126 -48 
98 -23 
-192 -137 
40 -56 
-100 -189 
-26 116 
-192 36 
-100 -46 
-29 -50 
-146 187 
168 -63 
-115 115 
-123 114 
168 69 
-75 166 
-59 190 
6 179 
-168 188 
145 177 
-175 50 
-71 43 
-176 -5 
35 32 
106 81 
-37 -112 
97 48 
-23 90 
183 94 
-40 -94 
-115 -10 
-129 127 
125 145 
196 -78 
182 -172 
-153 -36 
-151 170 
140 39 
-58 198 
130 24 
149 55 
195 -3 
-17 -190 
7 80 
98 66 
44 -101 
-18 -113 
-37 147 
97 -76 
164 -28 
-142 147 
109 141 
-154 -49 
-38 -94 
153 16 
-145 -70 
40 185 
56 -89 
-49 147 
58 -104 
82 134 
-150 170 
-55 -33 
10 113 
-109 175 
-197 84 
-98 -87 
-119 30 
13 94 
22 -110 
-163 -66 
50 169 
186 -138 
84 58 
52 135 
-117 -133 
-105 45 
-37 66 
113 10 
-107 79 
154 -150 
30 137 
-49 74 
-81 45 
-41 97 
-50 -161 
-52 188 
66 -51 
-14 34 
56 -192 
10 -116 
-33 59 
56 146 
8 -46 
-16 83 
125 -127 
-85 5 
-149 69 
69 -80 
26 -18 
44 -23 
-104 170 
-13 -144 
-93 146 
-101 -63 
51 -112 
3 103 
122 -109 
91 -72 
-9 26 
-150 25 
-92 170 
-109 26 
-84 56 
186 84 
-59 -8 
129 71 
4 -95 
-65 -76 
-139 -58 
38 72 
-126 -169 
-1 -150 
-10 3 
74 -68 
62 150 
31 74 
-73 52 
163 -126 
193 -20 
123 -110 
-155 -34 
-92 -114 
-132 37 
-58 106 
34 99 
-196 156 
190 -11 
197 136 
-173 -68 
112 -193 
-40 20 
-193 -124 
-64 -16 
71 126 
-153 -159 
-80 -141 
158 -60 
-133 151 
-15 56 
83 120 
127 -198 
42 148 
-11 81 
161 48 
-147 72 
-139 -180 
4 75 
-69 156 
-118 -146 
137 -151 
172 -141 
-74 -38 
18 75 
87 198 
168 130 
14 56 
55 -193 
-6 -183 
93 57 
-138 -46 
-10 136 
1 -10 
112 37 
-85 128 
112 175 
-128 54 
31 -113 
-84 71 
150 170 
-159 122 
-89 -59 
142 -68 
38 162 
-74 193 
-17 61 
-168 101 
-187 -5 
-26 148 
-151 -128 
-102 -134 
-171 -51 
-139 51 
26 103 
187 76 
195 -32 
-77 127 
-64 -182 
58 -80 
94 197 
32 152 
-31 40 
128 -62 
-176 134 
-160 18 
65 -73 
82 13 
62 123 
176 187 
-34 174 
-188 168 
-24 -23 
169 65 
-142 -178 
-184 145 
-75 13 
67 62 
-71 -126 
127 134 
-30 -89 
106 -186 
-188 129 
95 132 
-131 0 
182 -16 
-157 -122 
-40 161 
-174 -121 
143 -2 
183 171 
-20 14 
67 -74 
-53 160 
-198 10 
61 -188 
-190 64 
-155 194 
139 172 
-3 -190 
4 149 
124 88 
-65 60 
145 -27 
-149 -21 
139 198 
97 -128 
123 175 
-71 139 
157 159 
-196 -188 
110 6 
55 -136 
124 178 
-105 24 
-162 178 
162 -141 
112 -31 
167 -194 
-110 135 
57 -90 
-37 -101 
103 8 
-73 -113 
-129 88 
124 -90 
-33 -86 
0 174 
-140 -99 
129 -131 
87 60 
-185 110 
23 111 
-96 26 
88 -126 
-191 -102 
76 -19 
168 57 
64 80 
-193 -104 
-16 108 
-35 90 
108 104 
-184 -25 
-130 136 
-36 -63 
29 162 
152 -35 
-54 -64 
-190 -34 
84 -37 
52 -120 
19 -166 
-130 -80 
137 80 
178 -103 
-155 78 
33 75 
-21 -130 
-160 -183 
23 167 
-161 59 
152 -65 
-31 -14 
25 191 
84 159 
47 -34 
102 -26 
8 -132 
-33 76 
-19 -3 
154 47 
-168 154 
-50 -83 
22 -3 
13 20 
-34 -174 
-190 147 
-40 -55 
65 180 
-16 73 
-57 -172 
86 -77 
25 41 
-8 99 
13 178 
164 -188 
-176 5 
-186 -102 
-21 189 
-60 -67 
174 94 
-167 99 
55 62 
-76 -61 
182 -34 
61 84 
-62 -1 
-22 -64 
-81 188 
195 47 
70 -17 
-100 183 
-29 -125 
161 -117 
-183 183 
67 -60 
-79 148 
173 195 
99 11 
100 56 
-198 36 
-55 178 
186 41 
-107 123 
74 138 
77 179 
-87 -120 
20 -108 
44 149 
8 -126 
135 95 
-146 -98 
-50 -196 
114 146 
-48 126 
-166 -131 
-39 -9 
24 -133 
11 -93 
58 128 
198 48 
-67 -192 
68 -34 
-143 128 
111 -175 
-123 -73 
5 148 
-153 -40 
-91 40 
-81 -87 
-116 -133 
142 162 
-113 156 
11 13 
-15 3 
-165 126 
157 22 
66 -19 
159 -81 
-145 -177 
-81 -152 
-94 -82 
-45 122 
-29 184 
52 127 
-137 -115 
133 -23 
-192 -95 
-65 -141 
-97 -185 
131 4 
-111 190 
-159 149 
131 -96 
173 -163 
-41 -75 
95 126 
35 120 
-34 -148 
21 -8 
-149 77 
-156 -121 
-148 -183 
-52 -112 
57 157 
10 108 
81 88 
-63 118 
-187 -165 
-6 188 
-64 -152 
-184 -60 
-131 -200 
130 168 
81 49 
-132 3 
121 75 
73 120 
-21 -12 
59 2 
-175 21 
31 118 
-55 -132 
134 10 
-115 60 
-139 150 
-155 -120 
-36 13 
32 -45 
2 152 
-50 26 
105 109 
-169 -44 
64 -48 
-58 77 
-97 119 
-186 -159 
-72 66 
26 -48 
-154 -109 
-77 114 
-76 -104 
72 -97 
-30 -140 
-13 -37 
-188 -9 
174 148 
74 136 
-51 -97 
58 -100 
128 -137 
-136 -64 
140 -139 
15 -144 
100 -184 
84 -164 
-150 121 
-90 171 
123 129 
49 -17 
157 167 
121 -38 
152 -86 
91 -41 
61 -198 
72 -104 
-125 -150 
-192 -42 
190 34 
84 61 
196 195 
85 -117 
39 100 
-111 60 
-140 -49 
-58 -64 
82 162 
127 9 
104 -196 
-20 13 
198 -122 
48 15 
10 109 
29 -100 
166 -155 
-63 -1 
189 -154 
99 10 
-189 -92 
57 51 
49 11 
33 -115 
112 51 
175 -99 
158 63 
-189 180 
166 93 
46 170 
-146 -24 
86 -200 
180 59 
31 -184 
31 192 
55 125 
-69 -91 
-89 78 
183 -167 
-61 96 
6 -83 
183 -19 
-174 73 
-62 -48 
-16 187 
139 -126 
9 147 
-48 145 
-59 69 
75 -110 
73 -77 
58 12 
-186 190 
37 16 
30 -15 
109 -24 
-62 -74 
-61 166 
-118 199 
-170 -147 
-89 -112 
-118 155 
54 77 
-84 5 
28 155 
-97 -8 
4 146 
194 -161 
30 -37 
108 -7 
-80 -39 
-112 -35 
-173 -138 
5 -34 
47 -179 
132 -158 
31 -182 
131 199 
136 77 
133 -188 
46 51 
-172 113 
104 -93 
103 97 
-130 91 
90 -94 
-54 15 
178 -191 
-21 87 
-36 -140 
179 -58 
144 41 
-170 81 
-25 -115 
-23 191 
44 128 
-34 -15 
-109 142 
63 145 
12 102 
71 168 
-66 140 
113 137 
-99 12 
-86 53 
-104 -75 
160 65 
-125 -151 
-30 109 
27 -110 
-78 35 
-162 81 
-5 175 
185 -100 
109 -71 
94 -93 
68 44 
-185 -150 
-151 -134 
-170 103 
14 -14 
21 -122 
137 -149 
5 9 
95 116 
124 -144 
-128 199 
-126 91 
184 -197 
84 -193 
-68 91 
39 -2 
140 -48 
-121 124 
117 -36 
-82 146 
-124 -4 
-24 187 
-148 8 
113 -198 
97 -198 
-189 -54 
12 194 
46 -149 
97 193 
-8 -33 
138 36 
95 22 
-103 131 
-49 9 
46 104 
141 84 
-134 148 
-30 2 
1 -27 
-120 7 
118 10 
65 -9 
-164 -124 
125 180 
69 -193 
-161 139 
-154 30 
167 48 
-35 -67 
64 128 
45 158 
-184 -75 
62 188 
-82 199 
92 156 
-30 152 
-57 85 
-180 -58 
-62 172 
148 112 
-48 192 
-13 -82 
128 72 
-145 -62 
75 -117 
-147 98 
-99 -19 
-48 76 
75 -26 
-163 198 
-200 165 
-148 50 
-193 -99 
-121 -39 
-11 -199 
120 20 
128 135 
-79 29 
34 -49 
-30 156 
-30 -65 
-72 78 
-109 29 
-79 129 
-157 90 
-106 -200 
-88 -47 
-63 187 
-77 -30 
150 76 
-184 -154 
-91 184 
-135 130 
38 -160 
-9 -107 
-169 119 
144 73 
104 -184 
160 -131 
128 -67 
68 -69 
195 170 
-62 58 
-104 -135 
94 -199 
-50 157 
60 125 
38 136 
150 -180 
-69 -164 
158 195 
-84 -109 
-109 64 
-5 -51 
191 -181 
185 -59 
70 126 
-141 -73 
64 -141 
34 3 
84 6 
197 69 
-172 -141 
95 24 
-16 174 
-111 13 
-98 -112 
8 149 
152 -37 
-112 3 
-143 175 
-197 -73 
188 163 
-69 88 
-193 111 
164 -24 
110 -88 
93 -57 
2 -197 
-170 98 
-72 -147 
-79 -98 
35 -155 
-126 -184 
130 -109 
135 177 
171 50 
130 64 
-38 -89 
-17 87 
-190 199 
108 4 
-134 -101 
-89 -130 
153 3 
-113 -174 
53 -57 
-168 -183 
132 -146 
57 174 
-88 -156 
-43 -102 
-176 -55 
-180 -73 
99 6 
47 -178 
197 12 
-143 -131 
-64 -25 
147 -187 
87 121 
-107 -116 
170 55 
1 -184 
-14 -16 
25 168 
178 42 
65 -188 
104 42 
-129 -89 
137 -136 
40 -46 
52 111 
-45 97 
4 -25 
-104 38 
37 69 
-117 -191 
113 -124 
-31 -1 
167 -84 
95 -148 
7 -36 
55 -93 
-27 -183 
-167 -51 
-77 -94 
-120 136 
-27 -32 
-97 11 
120 -187 
-30 35 
52 37 
82 40 
-148 72 
53 -125 
-133 197 
-118 137 
-63 -106 
-68 -131 
1 122 
122 61 
-139 -165 
-116 -24 
-86 -61 
14 85 
-94 131 
76 64 
54 171 
32 154 
-63 -19 
-133 166 
104 130 
-142 140 
-86 -65 
-38 77 
129 143 
-124 -140 
43 -78 
93 142 
23 44 
17 -130 
0 88 
39 23 
104 173 
-197 -194 
-187 -113 
120 69 
163 -89 
132 -56 
-72 -2 
-54 -47 
-11 -45 
-23 36 
145 64 
-59 -78 
55 16 
99 78 
-174 94 
-117 -78 
122 14 
-70 192 
185 -195 
185 78 
15 -84 
116 -32 
11 -197 
-184 -3 
-26 -35 
193 69 
-198 -106 
15 104 
180 -11 
83 -116 
-169 140 
158 11 
129 116 
-27 -68 
-40 -18 
114 -147 
111 -89 
-97 -15 
52 117 
-18 -75 
-21 -5 
-161 -19 
82 169 
-38 -2 
-174 -49 
-13 147 
-85 -188 
-172 47 
-105 198 
-81 49 
115 -168 
13 -19 
123 -151 
-44 127 
160 37 
66 164 
138 -98 
-9 -198 
-79 -152 
-83 -33 
117 160 
74 -141 
-43 194 
97 -164 
48 -171 
-122 -103 
20 -86 
-187 -144 
128 -87 
-183 -3 
32 -75 
28 -137 
-198 -159 
-192 -5 
-4 122 
153 2 
120 -100 
148 -85 
-24 -133 
-132 81 
-177 181 
0 -104 
-76 166 
-6 117 
174 185 
96 -200 
51 -107 
-154 87 
-188 72 
26 81 
67 180 
50 3 
195 -4 
-142 100 
-32 7 
-170 114 
-89 -95 
-2 -177 
48 176 
137 67 
12 151 
-177 -154 
91 170 
186 13 
-2 -125 
-188 189 
-57 143 
-73 160 
-122 -55 
110 160 
93 197 
68 -38 
54 -156 
-179 155 
123 -74 
-138 -99 
-198 92 
3 -195 
-139 154 
169 24 
111 169 
84 -20 
98 119 
110 24 
85 120 
-29 96 
-177 70 
-146 -141 
54 168 
185 -62 
-104 19 
150 174 
62 47 
147 -183 
86 -198 
1 -48 
-97 161 
-29 -3 
116 20 
-189 -11 
-87 -12 
110 195 
90 -18 
139 117 
191 -140 
-41 -154 
161 97 
-90 30 
-24 56 
88 93 
-157 184 
-152 -137 
30 -69 
44 -73 
93 65 
-10 -139 
44 -38 
138 164 
-71 166 
22 -100 
-37 -57 
172 192 
-129 84 
-31 136 
-182 110 
-11 180 
-63 63 
-132 -67 
92 -41 
148 -86 
-155 140 
185 -192 
-96 -59 
147 -42 
-152 67 
-68 102 
152 -21 
-59 -147 
-92 -160 
87 -38 
-148 92 
-127 -193 
-131 49 
-105 149 
-82 139 
197 -13 
-166 -193 
9 43 
-127 14 
183 166 
-101 -19 
121 111 
-141 178 
-29 -188 
-174 -69 
117 98 
-47 95 
-96 187 
-46 59 
-114 20 
173 169 
184 -71 
-135 -125 
-28 -71 
10 146 
-170 -19 
36 55 
-167 -109 
-87 170 
-116 195 
-194 -85 
-173 -200 
-76 107 
190 75 
-171 -87 
-35 -107 
17 -34 
-87 -197 
185 -32 
-49 -191 
65 -151 
19 169 
29 -161 
-145 10 
-92 62 
18 -107 
-115 -167 
106 -76 
-183 104 
14 51 
-40 94 
66 148 
-114 -50 
12 -124 
-145 160 
-192 164 
-55 140 
-133 -86 
-100 -181 
-34 -57 
166 11 
-187 29 
54 148 
-186 174 
116 78 
138 -68 
106 28 
127 -182 
109 96 
-74 5 
-157 12 
-100 -110 
2 -59 
53 -68 
151 43 
-34 -62 
-70 165 
-180 -144 
-116 -118 
-134 189 
22 -133 
-126 110 
-32 -143 
158 -22 
110 111 
-135 12 
-61 -78 
70 10 
-190 -169 
-28 189 
156 169 
84 -131 
70 79 
60 -85 
-7 -60 
-8 -181 
12 182 
170 46 
-73 -120 
-108 176 
-65 -54 
-35 -63 
94 -107 
92 -90 
-95 151 
178 58 
46 39 
176 -90 
-40 15 
84 128 
-65 -121 
-10 -111 
103 -107 
-179 171 
193 -113 
87 183 
-120 -42 
81 -152 
176 32 
40 -3 
-200 48 
-154 -30 
-57 -179 
83 -89 
-83 -63 
194 131 
-151 -92 
-191 168 
123 -100 
-81 -140 
175 97 
136 -102 
109 -56 
-93 -25 
113 4 
-71 -45 
111 148 
129 -71 
-190 -40 
50 -76 
-4 -175 
-97 -72 
44 78 
30 175 
-71 -6 
91 53 
164 -97 
-173 -43 
-111 -5 
111 -178 
-194 12 
-96 104 
-79 3 
157 16 
193 15 
195 17 
-77 117 
57 29 
-185 -98 
-28 -44 
-139 -89 
34 149 
-100 146 
-141 60 
-21 -13 
-141 133 
-69 121 
195 -180 
-95 71 
167 -186 
16 73 
-11 148 
-64 -13 
-6 -198 
-86 35 
43 94 
118 -148 
113 141 
-157 -148 
-86 -79 
-193 74 
-18 -136 
178 101 
-147 177 
-71 -46 
-189 -41 
-55 -115 
25 8 
-176 -83 
-48 -93 
-164 115 
-188 -37 
-190 87 
81 -192 
-152 -19 
82 -11 
197 -42 
-144 -30 
51 -198 
-51 173 
-131 -4 
68 -170 
135 192 
-109 -49 
-2 52 
-117 55 
-190 6 
-34 88 
18 170 
-58 174 
43 180 
-118 103 
72 -58 
11 139 
18 -142 
-193 171 
11 131 
118 111 
51 -153 
11 -32 
-173 -179 
-130 -83 
-148 4 
-141 62 
-20 -45 
-118 -141 
154 127 
98 64 
-59 122 
83 62 
15 68 
-129 105 
-176 152 
131 99 
184 45 
-110 -28 
121 108 
104 180 
3 65 
35 -62 
-49 158 
-197 -141 
-130 199 
1 -142 
168 -114 
25 -131 
10 -195 
-181 62 
29 126 
-7 -23 
36 -96 
-82 198 
-107 -74 
101 -20 
147 57 
-172 158 
94 -127 
-114 110 
-35 22 
23 190 
-53 -132 
-188 -131 
-10 28 
-155 98 
-52 -184 
-17 -139 
-53 -190 
-138 78 
13 -76 
-14 178 
182 -132 
-63 -183 
128 126 
185 -162 
45 -131 
-5 -163 
184 188 
177 22 
37 -199 
-102 -28 
-94 118 
-144 138 
-151 -1 
-117 -80 
-71 -187 
122 96 
60 145 
-56 2 
2 -58 
-72 135 
167 36 
-26 -20 
0 -160 
59 176 
-59 110 
-114 -139 
40 182 
96 -155 
139 107 
51 195 
-148 -193 
52 66 
183 96 
52 -119 
-133 -68 
-25 186 
61 -156 
13 -13 
167 -74 
195 -63 
92 59 
113 -106 
126 -184 
76 -186 
155 -69 
34 -26 
88 -137 
174 -32 
26 -181 
32 -46 
-179 -110 
10 -36 
-104 -16 
-174 -130 
156 186 
-82 193 
26 121 
2 -185 
105 -27 
61 78 
-57 166 
162 173 
-189 171 
-136 100 
129 163 
-120 70 
-178 -86 
53 -54 
-130 160 
-146 -58 
61 -90 
-170 13 
31 148 
-138 -95 
49 43 
-102 71 
-147 185 
-125 -180 
141 -111 
-194 121 
-11 -15 
33 77 
20 69 
199 -149 
-31 66 
178 -200 
7 15 
-107 144 
75 5 
-11 58 
54 -72 
107 -124 
-177 42 
13 -132 
-4 113 
-49 -180 
-14 -56 
-98 125 
99 -19 
-181 -48 
34 -155 
-38 -32 
163 -178 
100 -82 
30 101 
-119 -74 
70 57 
128 -148 
-31 -93 
-191 -20 
-167 -47 
58 -112 
38 -159 
1 -135 
82 107 
-98 -194 
95 6 
123 -140 
30 -11 
52 106 
10 149 
80 109 
82 196 
-124 18 
28 -187 
134 -55 
-1 -160 
152 -125 
-22 -54 
-98 132 
-147 16 
-85 55 
-64 10 
-188 99 
65 -172 
67 -124 
56 105 
-101 -116 
20 142 
-138 -57 
103 -135 
-120 139 
-14 -48 
-137 -48 
-56 -87 
-90 60 
36 -107 
-92 -111 
60 -158 
-91 160 
-109 -69 
12 64 
-100 190 
-38 87 
-50 -75 
37 -31 
64 100 
-119 169 
-128 161 
154 14 
-78 41 
-13 -73 
65 75 
145 -135 
151 91 
123 91 
-194 139 
156 98 
174 -68 
99 195 
41 -114 
36 56 
-170 127 
72 7 
102 127 
0 -63 
-10 -115 
93 82 
-180 -43 
6 -20 
63 92 
-38 130 
-194 33 
178 53 
168 -176 
58 1 
73 -17 
-81 -78 
-160 -103 
85 37 
179 88 
26 79 
-89 -163 
-127 193 
60 187 
-127 129 
183 40 
-200 40 
195 22 
105 -89 
35 -40 
119 -72 
-70 104 
195 71 
65 -123 
-174 128 
47 -193 
54 -86 
-136 31 
-108 43 
140 -1 
35 -9 
-154 -160 
125 28 
-80 129 
99 39 
-171 76 
196 -74 
114 155 
-25 -166 
29 -143 
-170 -68 
138 75 
185 10 
-105 80 
-2 -71 
-44 181 
115 183 
142 -145 
-61 41 
136 174 
-117 181 
-187 -14 
-127 138 
-13 190 
-11 -197 
-84 -85 
149 133 
10 -193 
72 -137 
99 76 
70 -93 
124 -104 
42 199 
-151 -154 
-182 -124 
-42 -101 
7 169 
-135 -189 
16 167 
-51 163 
-172 -145 
-125 100 
-7 88 
-198 -124 
-69 134 
-23 103 
80 -126 
-37 -63 
195 -77 
-15 -102 
-182 -152 
186 -61 
-72 -99 
145 -51 
-64 -188 
-97 35 
-117 -21 
-3 -54 
-156 126 
181 82 
16 -148 
59 118 
59 70 
-50 -76 
-91 66 
10 -8 
-100 -126 
189 124 
59 62 
-28 -196 
-99 -155 
115 -166 
149 37 
177 28 
61 -174 
193 133 
28 -16 
-200 -98 
-140 -52 
-22 -2 
153 93 
21 -142 
142 55 
-21 116 
193 -103 
-48 -178 
-85 -152 
149 -52 
39 -138 
57 189 
-149 53 
-91 23 
154 35 
105 -118 
68 114 
-57 11 
-29 -56 
87 127 
-53 -175 
185 74 
-5 -181 
63 -69 
195 48 
-105 -69 
-160 -1 
121 -109 
138 195 
-157 48 
-148 -36 
119 -174 
6 48 
-95 -114 
54 -168 
161 108 
91 17 
88 -31 
-134 -124 
77 24 
-73 132 
40 148 
126 113 
137 -194 
-162 -84 
136 -73 
-36 -5 
-119 162 
54 -96 
-173 104 
48 -93 
-8 109 
163 -55 
-14 -151 
-49 111 
194 182 
-123 0 
-187 59 
-129 77 
-194 78 
-1 36 
-49 -116 
158 -1 
169 -86 
169 92 
-3 -187 
-116 109 
79 -42 
153 138 
47 -82 
-40 -93 
-69 -74 
-69 198 
-143 -136 
90 -78 
-5 -123 
7 162 
56 -86 
195 186 
190 72 
188 3 
-183 151 
-4 199 
21 -117 
-53 -101 
103 -44 
22 -16 
30 -126 
112 -98 
-191 73 
52 139 
37 118 
-32 26 
36 -53 
-59 -15 
-104 -66 
-134 -190 
-42 79 
-142 -89 
-91 123 
190 -10 
84 125 
-136 -102 
193 -134 
-170 -2 
72 -43 
70 59 
-97 -147 
-187 75 
-169 33 
105 125 
52 -56 
-181 70 
44 -72 
190 -31 
-5 197 
-98 77 
76 -162 
-98 184 
120 -115 
-66 37 
71 187 
4 -39 
170 -159 
70 39 
59 61 
-83 -198 
105 -5 
29 -44 
-192 -186 
-187 23 
-120 28 
-38 -127 
-24 82 
50 1 
65 166 
13 132 
-128 -1 
72 10 
125 8 
8 90 
-12 43 
117 82 
47 6 
113 -187 
-44 27 
-29 148 
-57 190 
78 81 
-49 168 
19 -91 
185 -46 
0 46 
57 -108 
46 -107 
60 -150 
-23 46 
-36 -99 
-199 -4 
69 119 
106 163 
-120 -102 
27 97 
-103 -48 
154 -103 
-18 -42 
-30 128 
122 -92 
179 153 
-68 -48 
41 129 
162 -174 
-64 57 
96 -184 
-81 122 
-36 83 
-139 -57 
134 -144 
0 -163 
1 29 
175 19 
169 198 
-89 -115 
102 -134 
-179 160 
90 -125 
109 -23 
68 -6 
146 -167 
65 129 
-181 155 
-60 -148 
-96 62 
3 -144 
-10 -63 
57 92 
138 89 
177 -180 
-172 -181 
-55 -37 
135 -139 
-42 -77 
-134 -145 
9 -42 
136 163 
16 88 
-72 70 
49 -183 
76 178 
194 4 
-184 39 
-71 -66 
160 116 
-190 99 
-39 138 
45 -144 
6 -142 
-19 -115 
-3 154 
57 -62 
-102 -156 
-190 -83 
129 -47 
136 -36 
-114 57 
-57 144 
-196 -167 
97 -173 
92 2 
-126 184 
17 -110 
-74 199 
174 151 
198 -92 
-111 -38 
-47 185 
-189 176 
-4 -85 
-163 82 
90 -141 
-199 -73 
-50 -110 
79 170 
-31 86 
-149 131 
48 13 
8 -68 
25 185 
73 104 
-108 161 
111 -81 
-138 -74 
94 112 
-134 157 
198 -41 
45 100 
41 108 
-158 57 
-52 143 
121 37 
-48 104 
-10 -195 
-45 -159 
-50 180 
-57 100 
68 172 
-147 41 
166 143 
136 -38 
-182 145 
133 -95 
-141 -198 
157 -43 
62 119 
-168 46 
137 37 
-69 66 
-111 -139 
-189 -66 
-24 -14 
-76 -138 
-107 3 
-75 51 
-17 131 
-122 -49 
-154 -179 
188 150 
-9 -71 
-196 141 
190 -16 
-113 -195 
-184 119 
69 84 
-176 130 
34 155 
87 75 
-187 -46 
-17 146 
-99 -82 
195 -57 
-55 157 
35 -28 
100 79 
164 81 
72 121 
-19 157 
80 -82 
-77 -148 
153 -166 
-155 -165 
189 -126 
15 116 
-137 195 
-175 -117 
-44 67 
85 94 
-169 187 
15 124 
178 65 
103 -177 
139 124 
-39 -69 
172 -26 
-92 159 
-149 139 
-161 -175 
-162 45 
47 -29 
177 140 
-25 -50 
-182 49 
110 190 
65 -183 
138 -186 
-188 -139 
-144 -39 
18 148 
4 30 
93 -123 
-179 -86 
-196 -194 
134 194 
-21 -156 
-58 -39 
-60 63 
138 -100 
58 71 
102 -152 
-36 180 
105 -8 
-80 -181 
-66 104 
-113 -42 
60 13 
-177 -10 
-188 -196 
168 -84 
6 106 
142 -92 
-24 -136 
-5 19 
152 -105 
-9 148 
105 148 
-128 -137 
133 176 
-96 -34 
85 -62 
57 178 
-148 -6 
-118 -63 
56 192 
180 -147 
127 141 
-17 22 
-155 177 
64 -133 
-193 199 
3 97 
113 153 
-9 -158 
-79 -134 
61 62 
-161 -8 
10 -146 
-154 -53 
31 42 
-129 -44 
-53 -197 
-168 146 
-78 -104 
-199 -192 
59 110 
4 -104 
-61 -149 
151 -35 
-171 88 
-79 61 
-157 75 
30 -78 
17 -83 
57 55 
73 -147 
-50 86 
69 -25 
-152 -71 
141 -62 
191 -167 
126 160 
96 -1 
-165 52 
-24 195 
89 103 
-128 -29 
-157 195 
108 199 
-128 -39 
-174 -138 
-155 158 
-43 107 
-128 -59 
-24 -27 
56 134 
44 -50 
-87 60 
96 103 
-8 -80 
38 14 
-185 56 
113 185 
-114 -66 
-134 84 
-176 162 
-27 -105 
198 102 
-112 -135 
91 57 
-155 -70 
144 104 
186 -2 
-184 103 
37 166 
165 -37 
-3 119 
62 -193 
150 187 
198 -10 
-5 -101 
-151 -101 
0 -153 
-69 145 
87 152 
-174 -133 
-136 -91 
30 47 
-30 -175 
-64 -49 
-155 -185 
197 80 
-93 102 
124 -152 
-10 -194 
-130 -180 
12 13 
-150 190 
165 -28 
187 -183 
-122 145 
125 -189 
-145 142 
110 -188 
-151 85 
185 23 
179 -100 
-11 97 
107 43 
64 121 
32 -123 
-23 64 
185 -135 
87 99 
-140 170 
32 196 
-102 -84 
1 -97 
67 -25 
-172 137 
180 -161 
-127 111 
-185 -108 
78 -49 
6 -27 
-23 119 
-57 -63 
-66 32 
106 -151 
89 -193 
-156 -21 
-134 161 
154 5 
-85 -195 
6 33 
-46 -57 
80 -31 
-63 93 
116 164 
-43 17 
152 -118 
153 -185 
180 174 
164 173 
-157 -193 
14 -163 
-185 -162 
83 61 
-107 119 
149 -133 
111 145 
-80 195 
109 107 
8 158 
155 -123 
-15 -41 
165 74 
-53 86 
-45 32 
94 -30 
10 119 
87 194 
92 83 
42 159 
-28 36 
-13 128 
64 -187 
-146 -143 
-198 -199 
110 193 
12 108 
-156 66 
110 -145 
81 -168 
163 -110 
33 185 
32 76 
156 100 
-132 124 
61 92 
-31 106 
-21 -197 
22 -37 
13 84 
-67 94 
170 146 
-96 98 
154 22 
-191 -174 
-78 101 
90 -134 
40 -135 
-131 -105 
-93 29 
44 163 
-44 -56 
171 190 
104 -153 
66 25 
43 -145 
123 78 
17 19 
135 136 
-26 -183 
56 -160 
-129 -35 
173 192 
187 -55 
172 -107 
179 52 
152 125 
147 -29 
-42 58 
95 -19 
76 -26 
157 -80 
87 199 
-28 -132 
100 -150 
-126 -158 
107 191 
-60 -17 
-196 -192 
11 9 
46 -118 
-29 64 
-58 -150 
73 -41 
87 -167 
-61 -89 
182 -179 
-116 -175 
145 1 
-11 -107 
157 105 
153 75 
-185 140 
-184 55 
-131 -8 
-80 -60 
-169 52 
-198 -73 
-143 77 
-143 -139 
50 8 
-79 -82 
-113 80 
-180 180 
-108 -47 
178 -60 
-93 10 
134 74 
6 -81 
-75 -55 
-56 -37 
154 88 
-104 -25 
90 -112 
-131 -153 
-146 -41 
-130 34 
174 -60 
-152 24 
63 181 
-154 147 
-155 -108 
-187 -57 
-80 126 
-73 -183 
190 -76 
-45 48 
-62 123 
-32 -135 
-197 -198 
46 -170 
-30 47 
35 86 
-168 73 
-139 -24 
-88 68 
3 -70 
-54 -200 
-77 108 
8 -77 
153 -76 
-24 -26 
-43 85 
-4 82 
-195 -6 
-76 -34 
41 81 
-50 -187 
91 -100 
-14 102 
-94 -13 
114 35 
-160 -102 
-196 75 
191 -61 
165 -90 
195 24 
45 -110 
165 82 
139 -195 
77 -109 
-95 150 
-185 -159 
-143 -55 
-139 15 
-81 98 
-12 149 
140 136 
6 -139 
13 -42 
-138 -114 
154 -11 
17 11 
139 -185 
47 199 
-127 -73 
129 42 
58 163 
6 14 
186 81 
48 134 
94 -41 
21 101 
-107 -159 
-59 57 
-52 41 
-86 137 
143 -54 
-4 -94 
-87 128 
89 -21 
-174 -46 
-167 130 
-48 -176 
143 -135 
-35 162 
-165 78 
178 -116 
77 29 
135 85 
-70 -17 
110 -151 
-14 -95 
51 -26 
-78 129 
190 22 
159 -178 
-158 155 
184 191 
-117 -7 
165 -83 
-69 -104 
161 -1 
-72 -118 
-76 95 
-159 36 
45 -32 
-72 62 
165 -62 
-157 -76 
9 -108 
-119 185 
-186 45 
-105 -66 
192 90 
56 -199 
-50 48 
108 73 
58 7 
198 -39 
76 -95 
92 -83 
102 -59 
-119 -167 
-162 187 
-98 165 
-194 -130 
-51 49 
-114 -42 
-77 -139 
-198 -58 
192 -158 
-190 28 
107 110 
-33 119 
-176 -163 
84 160 
-174 -91 
132 -141 
-15 1 
-32 -196 
-27 4 
-108 63 
-67 -71 
110 170 
-72 31 
-144 -43 
-77 -176 
119 -87 
-27 -144 
-131 -108 
-107 -69 
-33 26 
-34 -60 
-150 -132 
121 187 
-38 -180 
183 -32 
97 74 
-74 -4 
-17 74 
-134 -36 
-58 12 
-89 -86 
67 -22 
-13 -14 
-121 131 
-65 -193 
20 135 
-194 106 
140 145 
-171 -148 
123 126 
-114 -25 
69 160 
5 8 
42 -200 
-65 -52 
-94 -116 
-30 53 
-52 -153 
-7 -118 
-170 148 
-40 86 
-79 63 
-91 119 
199 167 
10 -163 
108 178 
44 37 
109 6 
-97 175 
-120 149 
-127 89 
145 171 
-162 115 
20 -149 
173 -196 
175 -193 
-195 23 
166 78 
-6 65 
-28 -183 
-74 39 
140 6 
121 84 
60 117 
164 -174 
146 57 
-172 37 
144 106 
132 163 
89 27 
-141 120 
35 -65 
46 -134 
99 40 
9 183 
31 62 
137 -6 
-114 -94 
57 -63 
133 -59 
-121 172 
147 160 
-31 -157 
-74 128 
-152 -119 
-92 -32 
173 -60 
53 112 
65 17 
187 -15 
3 193 
-132 -109 
153 -198 
-34 56 
30 -138 
-62 104 
-40 167 
-2 -104 
-112 -158 
-153 166 
102 149 
-71 18 
-74 164 
-133 160 
-98 -189 
-44 -39 
169 146 
-83 106 
-176 178 
39 -104 
-81 135 
-114 -155 
-41 -28 
-110 -95 
169 -73 
31 10 
186 197 
181 123 
48 -122 
-136 73 
152 -58 
197 -58 
73 -166 
168 -146 
-138 -135 
-102 78 
-107 86 
-71 -61 
155 22 
112 -86 
132 50 
96 -101 
-57 -187 
44 -79 
-74 120 
-3 43 
-129 -100 
-66 92 
-195 -67 
167 -108 
183 178 
-101 140 
-198 41 
155 183 
-100 -148 
-129 192 
-36 164 
108 -132 
-161 74 
135 -173 
-184 -12 
-120 72 
-159 -7 
-6 -30 
95 106 
81 -188 
-116 -97 
-189 72 
11 -83 
181 110 
179 -117 
-17 -168 
-92 64 
161 -52 
-171 -18 
118 82 
-94 -193 
158 -71 
128 -171 
-69 -168 
-115 176 
50 19 
186 -35 
187 -174 
-95 136 
116 91 
183 -13 
11 -154 
-148 -154 
140 -130 
-15 161 
104 -54 
-89 -109 
86 -182 
-72 -27 
83 -149 
111 130 
-97 19 
-73 -119 
-194 -62 
8 98 
-170 -151 
198 -127 
-26 41 
54 175 
-21 58 
78 176 
-154 -69 
36 90 
-176 87 
-72 60 
131 66 
-32 71 
184 53 
-5 -135 
162 118 
-185 -192 
-143 199 
-7 92 
-70 -157 
-90 63 
188 -190 
184 -164 
84 -167 
-97 136 
126 184 
40 31 
98 169 
-66 96 
-63 190 
-180 122 
80 116 
-134 -153 
-81 -89 
-128 -72 
-175 -145 
165 16 
-129 171 
155 61 
-172 -189 
57 3 
-52 -145 
-199 -196 
88 24 
40 30 
92 107 
-181 -199 
178 59 
169 -162 
-39 121 
138 -135 
-116 -62 
170 -65 
-90 196 
40 173 
-75 -14 
-171 120 
-21 18 
-115 -37 
119 152 
157 -180 
71 -106 
-43 93 
161 -37 
-67 181 
-92 7 
133 173 
197 191 
19 -108 
51 8 
184 -80 
81 -125 
-149 31 
96 117 
-114 179 
-128 94 
64 -6 
114 36 
-193 -83 
112 -130 
-64 98 
199 -2 
58 193 
-89 -84 
-48 87 
-2 -118 
-111 46 
136 -19 
27 95 
-10 10 
-2 0 
-78 68 
37 110 
188 -60 
-86 -35 
-81 -93 
-171 171 
-117 -84 
99 -101 
143 56 
46 172 
11 51 
-45 -1 
-106 8 
-42 -171 
89 -139 
4 52 
110 34 
-127 -22 
-4 38 
-50 -78 
-140 45 
-43 -160 
128 -61 
88 47 
-104 61 
-26 191 
-80 0 
-176 55 
21 162 
113 50 
-177 -155 
-170 -15 
-174 -185 
-192 -54 
-7 -38 
-159 -157 
-102 -143 
14 -67 
-85 -147 
-107 -151 
-80 172 
46 -60 
-169 -39 
149 -188 
79 115 
62 89 
-200 20 
85 -114 
-83 192 
15 110 
-67 46 
159 -176 
-48 113 
16 92 
-109 -13 
-193 132 
69 81 
-79 -100 
75 143 
-188 -154 
-40 -147 
70 46 
140 -191 
-187 -189 
105 -122 
-127 -106 
-196 42 
39 21 
153 120 
144 52 
-196 -93 
-69 173 
137 178 
-158 -112 
-196 -176 
-6 36 
-196 28 
19 76 
-185 -30 
-25 -93 
105 35 
178 176 
33 156 
-81 -25 
105 69 
-85 171 
-100 -36 
3 66 
-192 156 
47 153 
-130 165 
-12 -34 
-45 -137 
-133 30 
-42 -157 
178 -155 
100 -159 
170 -22 
104 -33 
-137 168 
18 -146 
-92 -135 
186 52 
35 128 
48 -177 
134 -92 
60 181 
-102 -113 
-139 -70 
-54 -6 
50 -45 
-151 -54 
15 -41 
160 35 
7 74 
-114 -82 
-134 177 
30 -65 
67 -84 
141 -133 
-144 34 
-84 79 
-162 175 
165 122 
99 -185 
152 89 
22 -166 
-49 -181 
39 -42 
114 41 
61 -49 
-186 27 
68 166 
160 141 
-8 -29 
81 24 
139 -89 
-131 -10 
-18 95 
141 -70 
-38 167 
-42 -143 
-38 -128 
192 -1 
-196 18 
177 -8 
59 -132 
-32 -40 
-120 -90 
-136 -44 
158 -167 
-154 -101 
-183 -41 
-132 161 
-127 37 
-83 -134 
-54 -111 
-90 -134 
183 116 
100 -2 
-25 141 
196 78 
140 -152 
109 -70 
-115 148 
-120 40 
36 -133 
63 -93 
16 -18 
-97 106 
24 -11 
-65 -35 
117 -182 
111 -169 
-129 -106 
57 -138 
-60 -88 
20 117 
-60 -28 
80 -130 
41 -52 
-171 68 
71 78 
-41 129 
-139 -132 
-119 -41 
123 -170 
-53 -82 
-142 190 
31 132 
92 11 
-13 87 
-102 46 
59 -28 
-141 -21 
69 14 
59 23 
140 74 
-96 -133 
63 199 
-196 -124 
161 -172 
-164 -62 
97 -35 
-179 44 
-66 -91 
72 -106 
42 -159 
35 152 
-126 116 
26 -188 
35 -63 
-158 -26 
-36 60 
-108 -193 
-60 22 
116 74 
40 -157 
60 152 
-114 36 
-54 9 
50 -118 
-190 -46 
-140 -34 
-44 1 
-119 -42 
60 -192 
-41 -11 
-126 -70 
173 -137 
102 -73 
-144 -143 
65 -181 
106 -58 
-158 58 
199 122 
-188 70 
-143 -16 
-139 -152 
39 -181 
-106 -179 
-181 180 
77 -76 
176 17 
20 -179 
-29 195 
11 175 
85 -127 
82 76 
-146 -171 
-132 -177 
152 -7 
19 100 
93 20 
60 -168 
161 192 
-14 147 
-189 199 
-56 -32 
114 199 
-103 -153 
-74 -88 
-119 188 
124 -160 
-23 -59 
68 64 
-104 -180 
-121 -33 
-28 -27 
160 -78 
36 154 
59 181 
-148 178 
108 191 
130 -171 
187 -31 
53 57 
-80 83 
-155 173 
-137 -123 
-131 -99 
8 69 
-86 -59 
50 -86 
8 41 
-166 -158 
-133 -186 
34 -11 
-91 167 
196 -71 
-119 -61 
-35 19 
-153 -8 
118 -37 
-42 -16 
-170 134 
192 -195 
-20 136 
76 -86 
28 131 
-114 172 
150 157 
-11 -164 
-142 -121 
-150 97 
-79 -47 
82 -15 
10 -187 
23 174 
22 -140 
127 161 
32 -102 
-24 -107 
-196 63 
-98 0 
-109 59 
-128 -44 
4 -35 
196 -42 
193 -11 
108 -63 
161 68 
-172 177 
67 22 
-166 14 
-79 -15 
179 -46 
194 -195 
-110 -15 
-51 -154 
-132 -185 
69 101 
-50 89 
52 7 
161 166 
183 -145 
-162 97 
-109 -195 
-189 -165 
-58 -10 
29 98 
46 125 
27 111 
-193 18 
111 -5 
162 8 
-190 166 
-31 38 
-141 -122 
87 78 
-129 194 
0 -183 
-40 132 
-118 138 
-125 148 
92 145 
-97 -37 
156 182 
56 -170 
-14 101 
-109 -81 
-193 153 
-131 56 
120 99 
64 -81 
-78 -39 
33 104 
35 -23 
19 79 
119 58 
-78 122 
169 -59 
-186 60 
197 -110 
-159 80 
128 -126 
74 -109 
9 -137 
-43 196 
58 62 
36 147 
-70 -64 
-185 -123 
-80 -174 
16 69 
133 -97 
-60 -149 
-162 70 
-197 -124 
41 -43 
-195 -61 
61 122 
44 199 
-121 -166 
177 -13 
116 -160 
118 -14 
-150 134 
18 -193 
51 -154 
-39 -105 
-52 69 
180 57 
16 -179 
-123 105 
-8 165 
159 -40 
111 -88 
-189 12 
144 194 
-66 103 
168 186 
-156 -177 
-45 144 
-146 -54 
93 -42 
-161 151 
122 -126 
-51 -69 
-149 -185 
10 -177 
41 67 
-161 -140 
198 190 
60 -137 
144 -79 
137 -198 
-7 -107 
82 143 
110 45 
13 -118 
165 -89 
-176 -14 
-26 123 
-100 103 
87 16 
-117 -132 
-83 -183 
137 4 
-61 -122 
-98 -45 
-196 9 
-160 59 
50 -72 
-54 -143 
-75 106 
68 -108 
18 153 
-132 -95 
-196 159 
113 18 
-134 -88 
109 -122 
-122 183 
-153 -111 
63 -110 
125 -61 
5 45 
161 -106 
-147 171 
35 -180 
156 62 
145 66 
37 -174 
-1 -70 
-52 177 
126 142 
30 -31 
110 -46 
-22 -32 
-31 -190 
159 123 
-62 100 
-141 -164 
43 -17 
84 -141 
-99 136 
3 -197 
60 144 
62 48 
-78 -86 
118 -68 
-164 137 
182 -55 
-141 35 
90 -186 
-35 -155 
56 -145 
-161 -155 
-112 175 
41 -115 
-127 157 
133 14 
19 -194 
98 102 
56 84 
-145 -123 
36 109 
-187 -27 
-53 32 
-124 -26 
-12 196 
73 -29 
162 98 
97 -75 
1 156 
-135 90 
126 151 
-80 89 
46 -8 
-34 145 
-106 41 
135 64 
-166 45 
-72 -57 
140 182 
-47 9 
-190 182 
-85 154 
66 -93 
-129 -178 
-34 126 
169 -154 
103 70 
141 62 
-193 -64 
-25 -51 
-45 8 
197 92 
-180 3 
-81 -55 
178 -94 
-101 38 
-188 -166 
-121 -91 
98 -47 
181 194 
27 -112 
140 -184 
140 -43 
-107 -194 
144 -89 
68 -42 
111 37 
74 142 
-161 86 
-86 -194 
148 125 
-88 35 
-195 -169 
193 -151 
-87 -34 
125 78 
-127 58 
37 -184 
192 -108 
-26 49 
87 -20 
25 111 
-21 146 
114 -53 
-71 -76 
1 199 
16 6 
160 -68 
114 -56 
-93 -56 
-177 102 
-68 141 
150 -123 
23 -78 
-128 -32 
96 -96 
-40 162 
5 17 
178 -129 
-167 2 
-23 -74 
-110 97 
-171 172 
-14 38 
-166 -75 
150 -111 
70 -57 
-42 -14 
-66 -148 
18 159 
192 -73 
6 193 
65 127 
174 92 
-48 128 
-31 -67 
163 -109 
-131 157 
-122 66 
47 -169 
145 -90 
22 85 
109 18 
-139 -168 
-132 -77 
-47 -32 
167 116 
-197 -62 
11 72 
-54 8 
-66 105 
48 -200 
108 -122 
72 -71 
87 -49 
91 -138 
-47 -35 
-145 -2 
-122 -74 
93 -126 
-33 151 
-121 -135 
128 -91 
-173 -174 
-196 91 
159 -151 
-89 75 
28 195 
-65 -197 
-168 -45 
122 149 
88 -95 
-82 78 
99 64 
118 138 
133 -144 
-137 -162 
73 124 
106 -124 
149 -200 
34 -38 
-4 189 
-3 87 
64 29 
-40 13 
-164 -80 
147 -64 
187 -32 
-100 127 
76 187 
-49 -154 
147 108 
144 96 
125 11 
-179 154 
-150 -173 
-46 173 
108 196 
122 197 
152 -121 
136 52 
-186 -64 
197 124 
-25 132 
-113 -35 
-109 187 
-153 6 
127 -117 
-145 89 
182 -123 
-121 -13 
4 -191 
162 -148 
-71 181 
-54 -182 
-67 -46 
49 154 
20 185 
-183 174 
-185 33 
-28 -39 
-168 172 
-105 103 
-192 111 
-125 -29 
-177 -180 
-122 161 
55 6 
49 -134 
77 -26 
-166 -16 
-74 41 
-23 157 
49 194 
0 -186 
-11 -138 
95 -140 
3 -100 
-70 150 
19 -191 
-58 -180 
11 -134 
-68 51 
-136 -181 
90 129 
52 -139 
-37 -155 
144 -162 
53 -200 
-35 -176 
40 102 
-71 108 
164 -132 
-16 193 
-142 21 
19 -147 
-196 1 
0 -182 
57 137 
-63 79 
-114 -77 
40 -18 
-154 -171 
-180 -116 
131 -120 
3 69 
-9 67 
167 -102 
-58 184 
-20 -192 
99 165 
92 -46 
-158 -143 
-69 -58 
70 -62 
-160 -92 
-74 108 
-165 177 
-95 25 
136 -124 
-123 8 
-57 13 
-79 -44 
-1 45 
171 182 
-192 116 
118 21 
-163 61 
-140 113 
92 34 
-181 97 
-8 -176 
-131 -79 
118 -137 
-113 -16 
-119 109 
122 -140 
-94 -11 
58 -177 
108 -44 
-197 172 
-65 -84 
198 -100 
69 -174 
-10 -153 
-61 116 
-167 -132 
-182 11 
-71 128 
24 -187 
-139 -121 
127 37 
-87 99 
98 33 
147 -195 
-135 -24 
-171 123 
11 -177 
-96 -167 
-85 136 
-65 -153 
-156 -186 
169 -160 
-68 152 
117 45 
-129 -180 
-188 -68 
-157 101 
190 -123 
-14 -163 
-22 -175 
-187 140 
177 30 
-100 70 
154 -21 
118 -36 
-165 69 
-83 -114 
153 -200 
-192 -86 
157 -123 
111 132 
-178 86 
-41 -22 
125 172 
-171 87 
-186 -130 
-103 -109 
0 3 
92 -11 
14 -41 
-95 13 
-184 -144 
-133 -84 
29 73 
-70 30 
-7 -17 
63 191 
130 70 
-114 -1 
-196 -75 
-122 -117 
176 155 
12 -200 
181 61 
144 158 
-80 33 
-151 191 
95 145 
-73 -166 
-111 -146 
-143 -200 
181 41 
44 -69 
83 81 
91 -188 
31 103 
-92 -149 
58 96 
138 47 
-116 190 
-32 -182 
-117 -145 
-71 -139 
-180 -162 
83 141 
-6 -180 
-24 -81 
91 -93 
157 59 
-76 -163 
-184 52 
164 -30 
-196 79 
49 -57 
68 -187 
49 -181 
69 -123 
129 78 
194 -155 
6 -190 
-127 -192 
42 175 
195 152 
130 -69 
-178 112 
-101 56 
18 103 
66 113 
-125 197 
3 180 
-9 48 
-97 -96 
-183 98 
41 -102 
-72 84 
186 -148 
-186 2 
108 69 
112 114 
-33 -7 
-61 -75 
76 116 
133 -30 
126 -72 
-94 79 
-131 53 
187 45 
-43 -20 
-183 85 
-154 -28 
89 -4 
173 -5 
171 -130 
3 -129 
196 -199 
81 -8 
-35 66 
72 178 
-9 -48 
-130 171 
-36 125 
-100 -101 
156 -33 
122 -119 
-146 -72 
174 -31 
-62 109 
170 132 
-179 139 
60 112 
-47 -184 
-58 -151 
-141 -149 
-20 2 
-64 -63 
-150 -158 
84 -160 
12 -172 
26 119 
116 -186 
123 117 
-51 -133 
57 58 
27 197 
-121 82 
194 -106 
-42 0 
-48 -192 
54 163 
-82 70 
-67 -19 
-136 53 
-20 197 
166 -22 
76 7 
119 -89 
-164 -88 
-43 -9 
56 149 
-148 -92 
19 -167 
-123 -54 
-200 182 
30 -44 
-15 -184 
-38 100 
130 4 
-190 -8 
-69 182 
42 -119 
-138 -27 
-2 -58 
190 -130 
122 45 
70 -65 
-114 95 
-73 190 
-73 -190 
43 -27 
70 183 
-129 150 
74 108 
119 176 
164 159 
-117 136 
198 -145 
-68 94 
153 -122 
-106 64 
-96 -17 
-154 -67 
166 -44 
188 -27 
-139 -35 
-137 123 
198 192 
-51 -127 
199 -187 
-173 32 
-8 -125 
97 122 
-136 -140 
-169 -28 
-132 -131 
35 -128 
-185 43 
-147 -155 
-61 119 
-1 -78 
48 85 
42 -68 
-118 173 
-41 -111 
136 73 
59 -111 
88 -18 
85 -69 
-145 -190 
107 -36 
53 42 
-69 188 
-165 -116 
-31 128 
30 -119 
-67 -45 
109 33 
131 -101 
134 -6 
158 115 
116 9 
-46 -199 
-72 -171 
-73 33 
199 46 
181 38 
-196 -102 
-119 -194 
184 158 
163 182 
109 -178 
-36 -19 
60 -145 
119 144 
-78 -17 
-121 191 
106 87 
-76 -68 
132 -12 
115 -75 
-170 167 
47 160 
-186 129 
-133 120 
-150 -30 
-195 196 
41 -67 
-47 -116 
-179 -25 
26 115 
-175 20 
181 28 
-189 149 
-16 -126 
-150 196 
68 131 
-51 -177 
-97 -53 
90 23 
149 -77 
-63 -58 
39 -172 
-188 -190 
75 163 
62 40 
-104 121 
-38 -78 
104 66 
47 71 
-93 147 
-123 175 
-112 -129 
-131 -158 
198 150 
127 198 
-154 -43 
-39 -35 
-107 -195 
-42 -95 
-119 79 
-134 -178 
-3 -70 
-178 99 
97 188 
21 72 
-38 193 
-53 -149 
-46 -180 
190 -197 
-46 20 
-186 170 
107 -181 
8 163 
-96 101 
24 71 
-170 151 
2 -107 
140 -185 
-126 -108 
-31 134 
-123 -93 
-142 51 
-10 146 
-7 -140 
-131 28 
-38 39 
-132 -163 
109 195 
69 62 
86 -23 
-141 -125 
21 -177 
149 -170 
-196 54 
-83 -143 
174 199 
189 -35 
143 122 
62 52 
155 83 
6 101 
-72 -43 
-76 -97 
83 156 
-112 154 
38 92 
89 151 
-109 -184 
59 17 
-190 113 
3 -30 
78 -180 
130 85 
163 -54 
-119 -121 
143 -46 
-102 -107 
57 89 
-160 140 
194 28 
102 -164 
128 7 
120 -183 
29 -2 
26 -58 
186 -130 
-159 48 
81 -124 
-36 -163 
-32 168 
-124 -27 
102 164 
-88 54 
-97 169 
17 80 
92 138 
-179 -61 
-115 -2 
6 131 
-94 -123 
-179 -130 
130 -14 
-172 25 
-33 -162 
35 61 
68 156 
137 -24 
-17 -198 
-172 -144 
-131 -112 
142 182 
71 -160 
189 -67 
185 -70 
182 -57 
62 68 
-130 -149 
-128 20 
-82 29 
-124 -58 
18 -33 
9 5 
-172 139 
-186 151 
152 67 
168 -113 
53 -45 
-35 -82 
27 -38 
35 125 
-181 126 
51 -94 
-67 16 
46 109 
-101 -168 
8 87 
107 45 
74 -179 
187 114 
100 -35 
-162 72 
105 -81 
-25 -117 
11 -144 
144 16 
132 -67 
128 -199 
37 196 
129 83 
-151 -148 
-118 61 
173 124 
-88 145 
138 -154 
-110 2 
167 -196 
189 -122 
65 -155 
25 -170 
-98 -97 
-122 74 
-166 50 
25 105 
81 7 
-2 193 
-83 -5 
148 90 
-186 -11 
-6 9 
-54 -40 
-96 147 
153 181 
-155 196 
-96 -101 
183 154 
98 -118 
186 -177 
-41 -140 
-40 -98 
-98 27 
-74 -141 
51 27 
93 -170 
125 130 
118 195 
92 -81 
153 -155 
-24 -124 
-62 -105 
150 198 
-16 28 
-11 -153 
-74 171 
98 -109 
-92 157 
89 -194 
-52 154 
119 105 
-186 11 
125 173 
83 -69 
-174 34 
-114 -179 
-34 115 
120 5 
92 -109 
-4 90 
117 -12 
-176 -92 
77 -117 
-11 108 
-11 -195 
-94 188 
136 -123 
-41 -107 
75 165 
-44 137 
95 -157 
-193 183 
17 75 
-175 -112 
-199 129 
-75 122 
89 -120 
42 -158 
-11 115 
-81 76 
33 144 
9 -140 
-25 -139 
-92 -200 
155 -153 
-36 -29 
-157 159 
-80 -192 
68 -9 
-127 -136 
-19 100 
160 87 
57 -142 
-115 -183 
131 130 
-29 -68 
-35 -26 
115 -12 
-98 5 
-36 -4 
-132 22 
198 115 
-41 73 
76 108 
124 -126 
125 -39 
134 12 
-67 -29 
94 125 
-142 -53 
-149 198 
121 40 
-67 -115 
182 -148 
111 -132 
153 48 
5 191 
151 70 
105 -163 
78 -68 
-120 134 
-104 -95 
183 -101 
74 197 
22 -105 
-173 -15 
-178 -3 
118 190 
-67 26 
-45 -195 
-103 -168 
58 -129 
55 -189 
-28 11 
-169 -12 
176 -137 
-103 -84 
29 -151 
196 -40 
-197 9 
-33 132 
-168 -122 
-40 35 
138 -156 
-20 166 
151 177 
-191 -11 
51 99 
-15 -72 
61 66 
29 -135 
58 -171 
-125 -75 
163 -167 
-51 -117 
-126 140 
126 175 
93 68 
36 -146 
-70 -144 
151 5 
-38 -200 
-44 -41 
-1 112 
-186 198 
-192 135 
78 153 
175 -45 
87 -87 
-170 27 
-116 121 
42 69 
-191 -171 
189 139 
-12 148 
-121 -179 
118 -10 
183 141 
143 -93 
-132 -144 
-127 21 
163 -114 
-81 38 
59 67 
156 85 
2 23 
-115 135 
87 69 
106 115 
-176 20 
-81 82 
191 17 
192 -160 
-68 -14 
-56 8 
129 6 
-6 -26 
91 -10 
-183 -2 
-37 14 
-83 -153 
1 14 
14 -12 
86 71 
139 166 
99 56 
-97 148 
90 134 
81 15 
-194 85 
66 102 
180 121 
-69 111 
15 -143 
41 -107 
118 -114 
179 -99 
-167 150 
123 -98 
7 -185 
-188 198 
12 94 
145 138 
-183 -77 
-186 -59 
108 -15 
-79 -137 
130 -31 
-134 -159 
-119 23 
123 152 
59 -66 
-78 57 
22 -159 
-178 106 
-169 156 
10 91 
-166 167 
-53 133 
-12 -13 
-79 157 
-155 38 
-26 99 
-76 -123 
140 -198 
7 66 
-108 -145 
66 83 
-56 -135 
-10 -66 
48 -132 
-86 80 
-137 -39 
121 -197 
84 -39 
-36 -8 
198 -192 
77 131 
9 112 
174 -43 
-121 185 
-68 -113 
60 192 
105 33 
108 51 
