-77 86 
-158 -55 
156 -189 
-190 -151 
162 24 
-121 185 
80 -98 
-52 -153 
-88 186 
53 -163 
-194 -145 
-101 -83 
-57 89 
-166 152 
181 63 
-71 -153 
183 -35 
-120 173 
-4 132 
-140 -122 
116 11 
-179 186 
146 139 
20 3 
20 149 
-127 128 
-101 82 
-189 -49 
-137 -143 
148 129 
-99 113 
-95 98 
-200 -181 
56 -85 
101 -52 
101 -44 
192 25 
194 -96 
199 21 
-144 -7 
-84 143 
-60 145 
-64 153 
-194 155 
78 -90 
-200 39 
-45 -150 
-118 -71 
53 -94 
-167 170 
-74 -60 
68 -163 
-45 -11 
187 -179 
-78 -135 
149 -44 
-153 -18 
-138 -49 
-24 -109 
191 26 
-147 93 
-16 23 
130 6 
196 6 
32 -135 
52 -92 
-106 -16 
-109 21 
-78 -75 
21 -101 
-79 6 
-171 -52 
-191 91 
39 115 
-32 -116 
73 39 
29 92 
-29 133 
154 -104 
-168 131 
89 -68 
-173 -18 
-105 197 
-32 139 
119 -136 
-169 15 
-78 162 
-157 11 
-116 -146 
45 -65 
-156 -114 
-26 195 
-195 -28 
111 80 
-187 -49 
144 -91 
142 -81 
4 -131 
-188 -101 
-162 133 
-39 122 
104 -98 
20 87 
-198 -119 
-48 -166 
91 7 
-35 -20 
188 153 
-169 87 
-48 -42 
-76 -50 
-36 -122 
-46 154 
-143 98 
55 3 
175 -57 
-120 100 
129 -69 
166 -114 
-181 -150 
89 49 
167 -165 
-174 162 
-134 -128 
124 -189 
-106 197 
48 14 
-42 92 
60 41 
84 188 
-160 -126 
-133 -165 
63 -75 
13 74 
45 153 
144 -146 
171 105 
-125 179 
-192 74 
184 148 
-87 14 
-153 126 
95 -178 
-154 -14 
124 -69 
-39 -41 
102 -57 
-145 140 
180 -59 
133 -35 
108 -74 
67 139 
175 80 
-196 -199 
-90 24 
66 49 
56 -109 
141 -188 
-27 122 
10 -12 
-50 -162 
-167 -9 
-177 -120 
117 -1 
-185 87 
119 159 
105 55 
47 -157 
-140 128 
-94 177 
167 -153 
-112 -117 
-124 -92 
-101 31 
-186 -28 
-54 124 
173 -21 
-136 -196 
-11 16 
170 -17 
133 140 
149 110 
179 54 
-15 -29 
127 -195 
23 183 
99 171 
-127 -21 
-136 -166 
111 -120 
-22 190 
109 -93 
-16 151 
-151 -152 
-156 -118 
98 13 
91 148 
162 53 
-78 139 
55 59 
110 -41 
180 -54 
-6 -131 
-136 32 
99 21 
155 22 
40 174 
50 -90 
95 40 
-125 73 
-127 149 
-14 -187 
-104 -180 
12 87 
187 -146 
90 -92 
18 133 
-162 148 
108 -154 
69 9 
-58 -95 
-54 109 
-79 160 
156 159 
-125 125 
-145 87 
-103 62 
94 -192 
-131 -37 
173 -183 
46 -186 
-76 -197 
-40 -20 
14 -15 
-61 55 
20 0 
-93 176 
83 18 
162 183 
-149 -132 
87 64 
-195 -192 
-54 -174 
-49 23 
4 175 
-105 5 
-52 27 
63 191 
-187 145 
130 -87 
-167 93 
179 46 
45 -131 
40 91 
-12 169 
157 -170 
-138 172 
-171 103 
152 -25 
-177 80 
-119 -57 
194 75 
134 -1 
-196 139 
43 101 
-190 -159 
64 -107 
97 -192 
-176 -27 
167 106 
-87 -188 
78 72 
22 -154 
-76 -137 
73 115 
128 -70 
69 -31 
43 14 
65 -119 
-39 158 
48 -195 
-59 -32 
-138 76 
-130 182 
-119 -71 
131 -62 
-108 97 
-7 78 
172 -44 
-79 -176 
-19 104 
-28 152 
-100 -46 
-162 197 
-180 -29 
47 -15 
-7 -64 
91 94 
-194 2 
64 89 
26 177 
10 121 
-82 -79 
124 143 
189 -125 
83 -194 
-35 167 
166 -22 
186 -55 
20 -11 
79 -121 
73 0 
154 -103 
-158 -11 
-46 -74 
9 -112 
164 -128 
-195 -18 
-89 -110 
128 -65 
-92 30 
-18 -38 
26 7 
81 -128 
-21 25 
198 190 
-192 -150 
-150 16 
15 5 
-175 152 
69 -34 
111 -86 
-20 75 
-17 175 
-61 -119 
-186 -150 
-14 74 
47 75 
-82 172 
-96 -90 
108 51 
-86 -54 
-52 45 
-41 -27 
-9 128 
172 7 
70 -192 
166 131 
129 -31 
183 -60 
195 -137 
-40 120 
36 -48 
166 35 
-183 137 
154 -87 
170 182 
140 -178 
80 55 
9 8 
-11 -47 
183 -178 
-121 -29 
120 -171 
44 -39 
139 -124 
92 42 
169 177 
-174 -19 
24 -118 
196 -47 
197 -15 
101 -171 
-195 5 
183 -47 
-33 141 
-160 -59 
-135 22 
64 143 
-190 31 
-91 -160 
-20 179 
16 187 
-33 -31 
-131 -163 
54 -104 
34 -138 
-73 140 
199 16 
-189 -190 
-178 114 
-185 134 
-112 -177 
-23 -117 
34 154 
76 -149 
-57 -159 
-81 -35 
-25 158 
-125 147 
131 -120 
166 65 
-79 3 
61 115 
180 65 
-98 -111 
-190 37 
81 -10 
126 -33 
39 -44 
-191 32 
134 -27 
-29 57 
130 -3 
-79 -41 
-160 -10 
-75 -111 
85 -184 
113 -40 
-24 -78 
173 56 
49 41 
133 127 
31 186 
-195 109 
142 85 
198 -93 
-129 -78 
-48 -52 
-169 -180 
-109 -17 
-12 -105 
-62 -117 
67 -187 
120 -96 
-141 112 
34 -32 
-93 75 
56 -78 
-169 78 
105 122 
-117 139 
56 185 
136 -2 
100 -25 
147 -121 
32 -106 
11 -170 
58 -51 
-168 151 
148 105 
69 -194 
186 -26 
-91 -131 
183 -24 
-110 -79 
55 107 
-19 59 
-94 104 
28 196 
-80 -167 
-87 139 
194 -162 
199 184 
-38 -115 
148 110 
61 105 
-24 -178 
-86 -28 
-68 -2 
115 185 
-141 -142 
-89 -40 
-76 -80 
4 194 
-128 -132 
138 133 
-134 101 
173 126 
34 147 
-32 29 
21 193 
137 80 
50 -166 
119 56 
57 -95 
33 2 
-111 -147 
189 56 
146 62 
-115 73 
-1 -165 
3 69 
169 112 
132 -57 
84 114 
-81 -12 
86 11 
-193 -192 
-47 116 
102 177 
-192 20 
-6 111 
147 -62 
-87 -149 
-150 98 
24 -145 
-29 -110 
-10 16 
-58 -48 
12 158 
112 22 
-56 -84 
-60 102 
168 -137 
118 17 
103 129 
153 -139 
180 22 
-66 93 
23 -94 
107 24 
-61 -102 
126 10 
-197 122 
182 -83 
-145 191 
-143 117 
-91 -59 
133 16 
102 7 
174 -137 
56 11 
17 -101 
36 110 
-128 -158 
-114 122 
-13 172 
92 33 
16 -187 
193 10 
175 102 
-127 49 
17 25 
191 -1 
-125 -22 
-32 -157 
-111 -167 
-166 184 
81 137 
192 -28 
-19 0 
132 -82 
-189 -168 
120 77 
138 -73 
-108 -94 
71 -100 
136 198 
32 18 
-189 173 
40 108 
-67 -161 
7 -160 
31 68 
148 -60 
-28 -38 
-192 -113 
119 -120 
-187 148 
33 -156 
-121 170 
34 -173 
-53 136 
-162 -31 
142 133 
52 145 
15 -165 
123 110 
-101 -199 
-147 45 
35 11 
120 -133 
150 -148 
25 -27 
22 -69 
-183 -193 
43 -126 
-200 21 
-50 129 
127 79 
-42 186 
184 165 
-85 18 
89 174 
-198 123 
92 188 
38 61 
138 111 
159 177 
-7 33 
120 146 
-185 -46 
10 89 
183 -21 
-79 -62 
-63 -188 
131 114 
-189 118 
-22 187 
-57 187 
-55 83 
-35 -134 
33 -165 
-3 122 
-68 86 
102 -194 
175 -189 
143 -39 
32 104 
46 -75 
14 -190 
-142 137 
-94 148 
-75 -124 
21 -29 
-133 -19 
188 -184 
81 186 
-37 122 
108 -177 
86 161 
126 -29 
56 152 
-180 191 
-150 35 
-53 -34 
-50 171 
57 3 
181 -160 
72 52 
92 182 
-80 -61 
-113 -138 
23 -145 
188 -134 
17 -151 
139 69 
-187 146 
187 -154 
53 -90 
16 -25 
162 191 
-197 -70 
153 -159 
167 -175 
129 77 
87 21 
108 194 
-8 -96 
-30 128 
178 -167 
-116 29 
49 40 
-108 62 
63 -120 
-161 49 
-154 -145 
-95 -24 
5 -29 
177 -23 
-169 -87 
179 -117 
-188 181 
-142 -143 
-192 134 
-18 -170 
-15 -33 
-91 -11 
68 181 
-168 197 
-122 74 
81 142 
134 196 
-171 -123 
137 -193 
72 45 
-33 155 
-13 84 
10 -151 
35 198 
-114 -55 
-139 -166 
-114 149 
-115 -14 
-137 -190 
101 36 
-180 9 
92 94 
150 82 
-21 -103 
-135 -81 
78 -87 
-98 190 
131 -61 
-199 -181 
-57 -145 
11 -182 
110 -68 
-29 -49 
-179 -183 
-10 161 
19 112 
-109 75 
75 -90 
41 -101 
44 -99 
136 -47 
-83 -17 
46 63 
-82 32 
79 130 
-1 43 
163 -109 
-110 -3 
140 -68 
102 -116 
134 -4 
164 -106 
-200 132 
103 -182 
195 -98 
196 -182 
68 13 
56 173 
-74 -70 
-44 98 
-108 -182 
-48 -69 
-98 -176 
126 121 
-160 -8 
108 -173 
45 -105 
166 103 
52 36 
191 174 
76 -80 
84 186 
41 -168 
135 32 
-191 6 
155 -184 
94 -141 
96 83 
197 36 
-191 174 
155 -99 
-112 165 
168 176 
-68 -110 
187 -194 
-23 -34 
165 98 
-108 -20 
-115 -122 
158 18 
-63 -5 
-29 191 
61 154 
-76 -79 
131 -184 
-12 -124 
-22 -155 
-132 20 
-1 -163 
88 102 
-30 -192 
-190 137 
123 -104 
-139 -109 
-192 -172 
-63 -171 
-113 19 
-69 83 
112 155 
157 161 
75 -7 
-24 167 
16 -195 
-166 -150 
166 -62 
-49 82 
71 189 
71 51 
146 -156 
165 -114 
-88 -120 
191 197 
-140 70 
133 -39 
67 -148 
-120 -85 
196 -64 
195 153 
-155 -2 
-64 136 
-117 -118 
-147 -113 
-40 -124 
-118 -162 
98 -32 
-79 158 
133 108 
148 -186 
-135 163 
-45 100 
62 -162 
-170 188 
124 48 
-200 -19 
135 -28 
25 -78 
20 77 
-46 -117 
158 -165 
187 -188 
147 -180 
-39 49 
6 -59 
-178 -73 
-195 154 
152 -99 
-121 162 
-89 15 
-142 170 
-185 -68 
197 -123 
-124 -175 
-188 -164 
-172 28 
-117 179 
-197 153 
65 -101 
36 120 
-120 -140 
-59 -149 
-33 106 
-196 -135 
59 70 
103 24 
182 -92 
-160 -134 
41 87 
-178 164 
53 75 
55 42 
174 98 
49 -173 
42 -172 
105 -163 
-129 30 
-4 103 
-91 57 
-55 79 
-64 -18 
3 20 
-66 54 
90 192 
-82 22 
37 -148 
-56 -186 
-44 -122 
-9 102 
-56 -47 
67 156 
168 65 
129 78 
44 91 
-168 2 
-124 -115 
-120 -61 
91 20 
-99 -28 
-37 -154 
110 -176 
141 -148 
-59 75 
-197 -116 
-179 26 
-112 135 
-196 -132 
62 -196 
-137 -41 
-163 -139 
66 160 
-50 109 
90 -33 
92 -32 
93 -12 
-169 -72 
98 -40 
133 -138 
135 -1 
131 -164 
-172 89 
-181 105 
-121 -106 
193 183 
-138 125 
4 100 
-194 -154 
59 18 
167 171 
75 -91 
185 -100 
66 198 
128 68 
-11 -124 
136 190 
126 86 
-107 -30 
102 -31 
162 -77 
-4 120 
-200 173 
114 153 
41 -150 
-63 94 
-105 -64 
-149 94 
-105 171 
-76 -138 
-44 97 
162 -59 
-198 31 
-151 -101 
-64 -190 
28 199 
-94 114 
-69 -106 
124 26 
111 -168 
108 22 
-104 -27 
-95 112 
52 -34 
-10 -72 
-91 33 
-24 -38 
-42 -88 
-38 -80 
-76 102 
-43 123 
196 -50 
131 -39 
145 -113 
64 -143 
88 47 
-34 -128 
7 -138 
73 10 
-70 101 
165 134 
-43 111 
-168 -116 
156 74 
104 -189 
-50 -82 
-130 -190 
16 60 
-2 -143 
195 122 
-5 58 
166 -170 
97 145 
124 189 
-179 131 
101 -120 
-61 130 
-83 -193 
26 -67 
38 145 
-154 -113 
-128 -122 
-150 -134 
-126 166 
33 -93 
143 -161 
-118 98 
-70 -125 
168 109 
134 122 
-128 179 
25 -7 
-188 129 
49 131 
-141 -112 
-126 116 
-71 104 
