-154 10 
-97 -194 
141 140 
-91 65 
125 197 
-179 -17 
-42 39 
12 56 
13 6 
12 -148 
6 94 
135 95 
-116 10 
51 132 
159 140 
-111 171 
142 173 
-192 140 
-63 -62 
-171 -6 
99 27 
77 149 
61 146 
36 120 
52 -20 
51 117 
-30 1 
-18 -37 
8 -12 
-137 -114 
-148 143 
-162 -141 
-19 57 
156 -43 
4 -133 
189 -26 
80 28 
-55 166 
77 -197 
171 55 
117 8 
126 58 
56 -3 
47 -23 
-88 -129 
8 -71 
-40 21 
-168 -92 
-104 -3 
3 124 
-107 24 
-142 52 
-102 31 
1 -13 
189 85 
-104 -116 
161 -115 
-179 -25 
-95 -13 
-51 -125 
-151 123 
5 3 
-181 78 
-151 103 
-96 161 
102 27 
-174 97 
-16 197 
23 -87 
-152 153 
2 -25 
124 -11 
-39 -28 
-94 -88 
78 -95 
55 -122 
-139 -175 
-80 192 
8 -106 
158 -63 
-139 -25 
107 153 
-89 42 
107 132 
-157 -181 
-54 98 
-121 -20 
-161 -189 
27 163 
-48 -139 
68 85 
180 193 
38 -191 
152 -81 
193 -34 
93 11 
76 -1 
-79 -7 
89 129 
146 -101 
-71 -50 
177 -168 
-200 112 
100 -42 
-22 -97 
-125 71 
-126 114 
-164 24 
185 -181 
187 -33 
-174 186 
50 -88 
-122 28 
-87 -195 
137 147 
-172 -56 
-131 -7 
-35 -194 
-161 160 
-128 79 
5 -103 
96 -142 
-91 -3 
67 51 
-118 -14 
38 131 
-16 167 
-60 70 
-156 -199 
-116 73 
32 -185 
-132 147 
177 -178 
-175 -138 
-142 145 
-156 37 
33 -17 
11 64 
-35 102 
-77 106 
83 34 
-32 78 
63 -189 
-165 -3 
185 -39 
146 -119 
92 -85 
57 -21 
22 154 
-147 -20 
139 -191 
57 -115 
-46 119 
71 -158 
-148 -43 
83 -80 
48 63 
197 -137 
-8 -45 
84 -35 
-72 98 
140 189 
-45 3 
9 -22 
-120 50 
154 -66 
151 -170 
137 46 
-140 -11 
194 -165 
-17 41 
52 -80 
-29 -125 
142 -188 
134 4 
45 -110 
174 -166 
-8 161 
-122 198 
51 -122 
-200 167 
-156 -73 
-77 -185 
-125 -153 
175 133 
-57 -185 
149 -27 
68 65 
-64 -78 
96 -164 
89 193 
33 -133 
68 -133 
-141 104 
177 15 
-174 118 
-22 43 
-176 34 
-118 196 
62 -189 
-82 -197 
130 71 
166 120 
-39 -105 
24 -73 
58 186 
-116 47 
126 23 
113 21 
-200 -94 
196 174 
68 84 
-7 -110 
-99 184 
-96 196 
195 78 
-91 -158 
35 77 
65 -13 
45 -6 
-123 -97 
110 125 
-169 -85 
-14 67 
-90 121 
-120 181 
-180 46 
173 66 
-151 -80 
147 -42 
78 -194 
-72 11 
-37 151 
140 26 
49 -152 
-158 169 
43 34 
-188 -25 
120 -6 
-81 -189 
131 19 
-12 -133 
118 -92 
-102 -20 
-42 -25 
171 -190 
-148 86 
-50 178 
-14 18 
35 76 
-122 -59 
52 2 
-48 91 
41 -89 
-4 72 
-69 44 
33 10 
-1 -99 
62 177 
-156 -8 
-58 193 
-127 -53 
39 167 
156 183 
157 -15 
-81 82 
53 -155 
4 150 
177 -31 
-18 43 
54 -104 
159 -62 
-138 -44 
-128 84 
-145 -24 
193 -88 
73 79 
-159 -144 
99 185 
72 -83 
-22 197 
74 79 
138 45 
-11 100 
-41 22 
-75 41 
146 147 
48 -42 
-171 -120 
-96 -16 
-94 -132 
-28 -2 
-150 30 
25 -11 
-92 183 
-52 -17 
-16 15 
-199 77 
191 -186 
-2 -170 
101 -85 
108 79 
99 81 
-5 -94 
-91 -14 
53 104 
-181 48 
-184 -106 
-120 -89 
-98 -195 
-140 -183 
-142 180 
138 -138 
42 -165 
159 21 
103 -137 
30 116 
-73 -171 
-139 127 
28 -180 
-163 16 
-104 -132 
71 -167 
125 122 
144 76 
-120 76 
-43 199 
23 -6 
8 199 
100 -84 
-116 -108 
34 -116 
165 121 
100 56 
-37 -56 
11 43 
19 -129 
-90 35 
151 -45 
21 111 
-68 -190 
-161 -49 
116 -109 
36 -12 
134 -58 
-89 -7 
117 139 
-97 -186 
92 -97 
149 96 
170 -54 
83 90 
34 21 
-31 -87 
120 57 
23 174 
135 27 
81 -55 
33 6 
32 63 
-5 158 
-59 -28 
175 114 
29 179 
-200 -199 
-149 31 
65 83 
175 4 
-102 142 
86 -87 
35 45 
-12 72 
-42 90 
196 -75 
-186 73 
-39 164 
17 82 
-22 165 
63 163 
106 169 
-125 -137 
-118 1 
-132 187 
-147 1 
196 -186 
-49 108 
25 -150 
64 60 
12 117 
-110 -189 
-57 4 
125 -91 
106 5 
5 -88 
99 59 
-68 52 
-83 163 
30 167 
-79 -52 
70 -7 
-57 -172 
-56 -191 
-113 198 
75 -57 
-156 112 
149 33 
137 138 
-139 11 
-68 -180 
94 -152 
-135 128 
-191 137 
-63 78 
113 189 
-114 42 
-103 123 
-109 1 
-59 56 
-12 181 
52 53 
-177 17 
-21 66 
136 5 
-37 92 
-115 -82 
31 111 
-48 -13 
-185 174 
-69 -3 
-145 -165 
-123 156 
25 185 
-185 -31 
-43 33 
158 -61 
-120 16 
127 -67 
-178 -13 
-1 59 
171 28 
-47 -184 
1 48 
-146 138 
16 -22 
-13 15 
-23 99 
81 -109 
-23 30 
3 173 
-133 -137 
-122 172 
138 -88 
-92 45 
-92 -134 
32 -51 
133 125 
77 164 
138 57 
-13 -150 
173 103 
7 -128 
-161 -19 
-97 -87 
-55 -147 
151 -194 
28 92 
99 103 
185 -75 
75 -26 
189 -160 
-166 105 
136 105 
-63 -12 
-91 52 
85 186 
-52 -18 
-68 43 
178 37 
-126 -109 
-131 -24 
152 185 
-81 -115 
89 74 
39 -83 
159 -167 
-141 51 
55 0 
-79 35 
96 -58 
10 -146 
-124 -77 
43 185 
110 170 
17 123 
198 -13 
-161 -2 
-154 87 
-132 25 
-182 -113 
-149 120 
-113 193 
-182 -26 
-165 12 
180 -107 
-141 -25 
133 72 
87 12 
-48 -34 
-24 -92 
-138 75 
102 -147 
-168 -167 
-25 -42 
-62 -37 
-135 86 
-53 -108 
188 101 
-169 146 
93 189 
-48 -198 
-37 -175 
-81 116 
153 147 
87 24 
137 -13 
80 65 
-48 31 
-69 133 
12 -8 
89 -122 
-31 89 
33 -163 
-173 -146 
-34 25 
-184 165 
21 -109 
182 -133 
44 61 
-18 132 
61 -128 
163 93 
172 135 
125 -124 
81 -48 
85 -116 
20 11 
28 79 
184 12 
66 125 
-117 -170 
-10 131 
144 -16 
-168 91 
2 -4 
99 -49 
-182 -4 
-108 19 
-68 113 
-29 -44 
-14 -137 
-96 -23 
129 160 
155 88 
-20 -142 
-117 -78 
11 -92 
-148 140 
127 -162 
-101 61 
8 -174 
122 64 
-38 -99 
5 -59 
-135 -107 
88 -86 
-135 -131 
105 -169 
-165 130 
-166 93 
102 152 
-79 -45 
-189 178 
10 -31 
196 50 
155 169 
-73 115 
171 -65 
-115 -126 
-2 161 
144 133 
42 104 
39 -183 
111 -121 
150 -12 
-150 27 
44 -143 
-168 -85 
73 -151 
176 127 
-135 -95 
-10 -161 
111 -147 
-174 -126 
145 90 
-9 -127 
-2 -36 
-103 -102 
109 69 
26 156 
-38 78 
-120 71 
-124 -35 
130 142 
-37 13 
-60 -125 
-78 186 
-200 -165 
13 33 
-66 85 
74 92 
-183 -98 
-181 -17 
-49 -12 
124 -47 
74 198 
-154 -53 
-31 -41 
-7 -108 
164 172 
-130 -18 
-28 195 
122 94 
-127 135 
-122 62 
186 176 
75 -59 
54 -144 
-146 -10 
-141 161 
80 93 
-19 -9 
67 -54 
120 170 
125 -8 
10 23 
164 -42 
43 -6 
160 113 
119 23 
61 28 
-121 65 
146 111 
-195 -84 
-53 -165 
-21 173 
-157 -5 
-62 23 
-99 -65 
-150 -104 
-180 162 
-157 -41 
173 -152 
121 -151 
-147 -200 
187 76 
29 80 
155 19 
24 -24 
20 -12 
199 94 
108 88 
-136 36 
-199 -172 
26 9 
-160 24 
-190 -120 
-73 22 
18 -25 
181 -133 
-72 -60 
58 -5 
17 30 
-6 -3 
-46 -172 
-75 139 
-67 -105 
-176 179 
135 -109 
-188 -92 
-122 -194 
-9 143 
-39 174 
-154 -153 
99 138 
5 -117 
-9 -40 
29 52 
-54 -62 
61 -169 
84 43 
-160 -50 
145 114 
-183 145 
-15 -191 
-154 183 
-110 116 
68 10 
-18 -5 
83 -53 
-110 -129 
-161 195 
-189 -27 
20 136 
-162 100 
-150 169 
124 169 
-139 -88 
79 -41 
-85 -115 
75 176 
-97 -61 
51 8 
-178 -20 
-49 -181 
-67 28 
-200 173 
-29 46 
-153 -181 
-114 -147 
189 129 
173 -78 
-166 10 
-85 156 
-141 88 
95 66 
-154 -102 
-3 123 
66 -164 
-153 131 
130 -200 
59 175 
59 131 
-3 56 
114 -146 
45 -153 
116 28 
-108 -65 
197 -22 
129 41 
160 34 
33 -157 
-152 -107 
-117 11 
-48 170 
-35 168 
-61 -141 
-86 -16 
159 -34 
-49 156 
-77 -104 
32 -104 
160 -107 
-72 160 
157 -54 
143 -14 
98 -94 
147 -175 
194 159 
-94 -82 
-129 177 
-119 -188 
196 -100 
-136 -114 
-182 -20 
-111 -9 
54 179 
-19 175 
121 -107 
-195 19 
98 116 
-146 197 
-1 -194 
16 25 
24 -4 
-89 96 
-75 -157 
122 114 
51 -154 
47 194 
37 -191 
-175 -127 
-134 -192 
-128 163 
101 -98 
-183 15 
-163 73 
91 -65 
-140 54 
73 -103 
-28 -155 
187 -77 
-27 -103 
-67 -156 
-178 72 
-174 187 
-124 156 
140 147 
99 19 
-10 -104 
40 47 
173 2 
88 18 
-54 -117 
151 18 
-147 -84 
-82 170 
85 -146 
-67 29 
-85 57 
-104 52 
-48 38 
161 -162 
126 -69 
-127 116 
156 -163 
-160 187 
18 147 
-111 0 
-111 189 
-67 -9 
185 -179 
183 -179 
-58 151 
-90 -189 
-169 162 
184 138 
-136 -131 
79 123 
97 -122 
-63 135 
-145 133 
75 90 
184 146 
-122 -36 
-134 -72 
17 -66 
-176 -70 
-34 103 
-19 -179 
67 -135 
-160 -102 
-176 -188 
-34 101 
-89 41 
115 -94 
-102 -160 
174 -115 
162 -133 
167 -37 
-148 -52 
158 -110 
80 25 
51 125 
21 -97 
-31 -67 
-199 -71 
135 -26 
158 -42 
44 145 
-186 27 
-104 60 
-186 -146 
176 145 
144 -124 
125 -192 
124 -16 
-179 -136 
47 106 
53 -170 
-198 70 
-141 -106 
95 165 
95 -164 
-81 149 
59 -141 
49 191 
80 -158 
86 107 
-159 -66 
172 196 
-8 177 
-8 -110 
181 -16 
90 -190 
-111 191 
117 -2 
152 -158 
-152 64 
-76 67 
37 75 
-96 49 
72 -136 
-4 -191 
85 129 
63 -75 
117 123 
188 6 
-47 -21 
147 122 
-38 132 
165 -150 
178 -30 
-31 -189 
-44 -124 
-200 113 
43 -15 
165 149 
-21 80 
116 90 
176 99 
-151 30 
196 -63 
-137 12 
189 106 
-127 -27 
-34 74 
43 -148 
-117 108 
-177 -97 
30 2 
-90 -47 
-138 -158 
-165 151 
165 167 
-75 48 
79 103 
125 178 
-139 -43 
-147 -174 
-69 -187 
195 28 
-186 -102 
77 123 
20 -28 
-77 -17 
39 124 
182 50 
35 -162 
-50 195 
-153 192 
-75 137 
59 152 
-166 111 
91 -71 
-187 130 
33 63 
48 -91 
57 85 
-107 80 
154 50 
-38 -2 
2 94 
110 -33 
-121 -196 
190 58 
86 -47 
11 97 
127 84 
16 89 
77 -49 
191 177 
128 -123 
136 -133 
105 -26 
165 127 
27 -166 
-69 112 
170 -76 
190 -163 
77 -16 
-153 52 
-63 134 
-72 19 
-55 193 
9 54 
185 -9 
-166 -185 
154 5 
-193 -36 
-22 -160 
-83 -156 
61 155 
98 127 
-167 156 
-121 -127 
178 -125 
154 198 
-150 35 
95 -139 
-168 -3 
-168 76 
6 15 
181 35 
154 -160 
85 150 
-38 75 
41 -106 
-180 -12 
101 -14 
-165 27 
-141 2 
-32 -5 
44 97 
50 118 
-180 69 
-73 -193 
-113 3 
81 33 
198 48 
32 116 
-100 -52 
-92 -10 
-117 93 
158 -156 
2 153 
-74 -118 
-93 -81 
-198 60 
-113 11 
14 -199 
109 189 
-154 195 
194 -5 
-59 88 
-13 19 
19 164 
-183 -195 
-116 -97 
-167 40 
173 11 
117 -69 
-188 -55 
-171 85 
192 -32 
-161 -163 
183 -13 
-170 190 
89 32 
127 151 
-137 -31 
20 41 
20 161 
-196 40 
178 136 
162 38 
75 -156 
-35 -172 
-7 11 
-61 -32 
80 -124 
190 -192 
-175 -154 
-63 -169 
196 157 
-125 65 
90 25 
-70 -199 
57 -105 
182 -104 
67 46 
176 -15 
-174 140 
163 53 
112 -32 
-64 99 
-163 -130 
-181 -37 
-181 -110 
58 174 
66 151 
-163 88 
-158 50 
133 -140 
-133 -112 
85 -94 
81 125 
29 -136 
22 109 
154 -34 
-54 130 
-85 -84 
75 81 
93 -178 
20 -51 
-16 -152 
154 9 
-170 119 
-166 9 
-94 79 
-174 150 
-191 -148 
-176 32 
18 182 
75 -114 
-10 -79 
91 163 
135 160 
-141 -71 
117 -108 
167 187 
134 -193 
-51 -29 
-144 94 
-36 -10 
-192 -149 
-24 37 
-5 98 
-104 120 
65 4 
33 171 
-142 110 
141 66 
-197 -198 
-143 -95 
-134 -83 
-141 -139 
-145 -85 
-99 -164 
160 33 
85 166 
-190 -43 
-145 -162 
-193 104 
140 122 
-141 178 
-36 -110 
-76 99 
-23 1 
-25 154 
-72 80 
65 -4 
-52 -12 
-116 141 
-58 -147 
-197 -124 
-171 -48 
11 -89 
23 -132 
31 105 
-149 -172 
37 -117 
-20 -8 
-71 65 
-25 -106 
-73 197 
159 -63 
-47 124 
41 187 
-130 -182 
132 -161 
-147 -28 
117 16 
21 35 
0 68 
-14 42 
-4 -131 
128 126 
-86 -163 
-48 -120 
-19 -45 
127 85 
-67 176 
86 -58 
-60 76 
1 -35 
-165 173 
-16 181 
-121 -106 
-7 -125 
-103 12 
74 -110 
-90 93 
172 -171 
-192 192 
138 -54 
173 28 
128 79 
-150 104 
-45 20 
34 -164 
-80 -12 
-171 49 
0 55 
-68 116 
-9 62 
-154 -114 
102 -78 
136 -84 
22 70 
-92 -144 
19 -176 
-154 -106 
162 107 
-60 97 
-40 -93 
189 -59 
193 -67 
167 149 
-43 133 
107 133 
-83 24 
-71 -193 
-25 -125 
24 -133 
23 -46 
-74 -4 
44 -142 
-105 167 
-8 -162 
53 185 
66 74 
22 -142 
-4 -57 
-166 0 
11 177 
95 -112 
-54 114 
-17 -50 
-153 81 
-48 152 
-51 133 
193 186 
60 28 
122 -101 
81 -110 
-143 10 
-133 85 
138 37 
172 -194 
-187 121 
0 -170 
170 158 
22 -119 
-126 -185 
115 41 
-171 -56 
-45 -179 
81 -200 
-2 -145 
-146 -49 
11 -44 
198 -125 
127 77 
-102 74 
-155 -142 
2 -183 
140 129 
-159 166 
96 199 
48 -185 
133 164 
160 -31 
-156 82 
-74 143 
40 -152 
-188 -98 
129 178 
126 -51 
88 61 
28 -200 
78 117 
169 38 
193 156 
59 53 
55 -172 
185 -74 
-58 55 
1 -151 
-29 41 
190 -137 
-30 49 
-35 0 
-25 -13 
156 91 
145 188 
-139 134 
37 113 
-47 180 
95 -196 
-33 -149 
-65 -43 
-96 -59 
-46 110 
-60 -62 
-24 -184 
-175 4 
-78 5 
43 72 
190 -6 
140 130 
-64 162 
-96 38 
3 128 
-18 -35 
151 -1 
-161 -200 
108 190 
-123 -178 
-107 36 
118 31 
69 0 
84 -112 
69 51 
110 169 
-166 117 
86 48 
133 122 
-24 -104 
182 -184 
-76 111 
119 -42 
164 -179 
-120 -180 
178 85 
53 159 
174 -160 
57 113 
104 -92 
-59 192 
-81 -190 
51 -110 
-73 48 
-107 -196 
-86 -160 
7 -135 
180 -200 
-64 161 
-152 -178 
192 106 
14 94 
55 17 
182 31 
-118 -49 
39 -86 
-68 -9 
126 129 
164 31 
159 -158 
188 -101 
172 136 
-63 -10 
27 40 
-171 -106 
-40 53 
131 -159 
55 193 
-9 -122 
-116 -117 
-31 -102 
-83 -40 
61 145 
10 171 
87 -157 
-73 -155 
-166 147 
75 78 
-78 162 
182 -194 
-72 164 
-50 -164 
89 -149 
90 -75 
-65 -131 
-32 82 
-104 -180 
17 95 
105 27 
196 -83 
146 143 
75 -13 
-15 -150 
-163 174 
-197 -143 
179 93 
79 -191 
-98 186 
59 -3 
136 -152 
-169 139 
191 103 
-58 -84 
94 -109 
103 -84 
-13 -139 
12 143 
10 -45 
8 -116 
-162 80 
-9 37 
-191 146 
198 -108 
90 -109 
-86 -4 
-198 -25 
-73 -184 
135 78 
10 -3 
-32 158 
54 75 
182 -172 
58 175 
189 195 
-65 102 
-93 54 
87 145 
100 154 
147 -108 
-45 172 
-27 -93 
18 119 
-84 -145 
-116 -49 
13 -84 
2 -62 
49 122 
-126 197 
37 21 
171 89 
-86 -138 
-104 169 
-163 -26 
-131 107 
195 118 
37 51 
199 189 
90 195 
183 -190 
-140 -96 
121 -29 
-14 43 
-200 -30 
-191 -35 
-176 -184 
170 126 
-168 11 
14 -11 
119 55 
124 135 
118 -88 
38 -50 
130 -28 
121 176 
-98 31 
28 -124 
148 58 
-70 -39 
135 94 
49 -145 
23 -177 
41 -74 
30 -87 
-48 26 
-97 54 
172 80 
-42 -126 
39 96 
132 124 
58 -75 
-91 -102 
134 20 
22 179 
158 142 
-195 -173 
-50 -79 
166 -99 
79 152 
15 -81 
195 -48 
-15 145 
-71 38 
130 -97 
-175 58 
16 106 
-74 -82 
-69 -80 
-21 -110 
14 -97 
144 184 
-119 30 
-35 -164 
114 -26 
-181 -180 
-108 -105 
32 28 
19 177 
-100 -76 
-148 -110 
-195 -97 
-73 72 
137 171 
186 58 
-171 87 
109 155 
-18 7 
-164 19 
191 193 
-168 -175 
-49 168 
117 -37 
-68 53 
112 172 
69 18 
-78 143 
100 176 
97 143 
-119 54 
24 -119 
24 31 
171 97 
32 131 
8 -53 
97 -80 
-54 -160 
-179 -173 
30 168 
40 106 
-2 -43 
-169 2 
55 140 
29 167 
-154 -74 
110 -169 
-60 -183 
145 17 
118 192 
-57 -15 
168 1 
-28 -145 
-11 -50 
189 -191 
-138 37 
44 182 
103 191 
-122 -4 
-181 -94 
-67 -151 
10 105 
-61 -164 
-172 17 
184 160 
-94 -67 
-96 -53 
-80 136 
70 48 
-159 -113 
164 -163 
59 168 
165 -89 
-114 129 
-2 176 
20 45 
130 58 
-132 26 
12 -90 
30 60 
80 74 
129 81 
-139 194 
65 160 
136 -172 
92 -125 
142 -11 
173 -100 
-61 145 
-99 190 
97 -42 
-110 10 
-50 -104 
87 135 
182 74 
-96 -130 
118 -131 
21 -129 
-69 -11 
36 141 
1 151 
-137 -95 
-102 -103 
-100 -24 
96 -40 
-7 26 
20 -113 
-140 25 
-129 -164 
38 40 
68 -85 
9 -1 
-111 164 
-70 136 
-60 -134 
183 60 
180 96 
-185 -139 
98 32 
-15 -61 
-99 -98 
-183 3 
42 -132 
-88 -172 
57 -24 
-141 -157 
134 41 
-36 140 
-16 -80 
-79 149 
61 14 
-187 191 
165 89 
1 -150 
-145 20 
-97 160 
135 -17 
-161 114 
-101 189 
-156 58 
120 -126 
-191 -18 
-113 122 
189 -87 
-68 60 
100 -174 
81 87 
-182 172 
6 -11 
-52 -93 
118 -97 
-87 178 
21 -158 
-164 129 
56 143 
50 -17 
119 -55 
-175 -86 
-58 45 
163 -58 
-61 -156 
175 -99 
54 59 
51 169 
3 160 
87 -65 
29 67 
168 -160 
-137 -20 
-48 -65 
92 -26 
-152 -54 
-26 -80 
-23 -150 
-78 -4 
-192 -29 
-51 51 
-48 -164 
159 -124 
134 -130 
80 -47 
-1 -105 
-19 -49 
-23 -194 
83 -26 
-94 -5 
-179 137 
20 -199 
-46 185 
-76 -61 
51 -89 
-128 80 
-66 175 
-47 -138 
10 -47 
-68 -164 
-23 -110 
-142 -97 
-187 -72 
119 -191 
-47 173 
-31 8 
-6 -106 
-41 119 
77 87 
-72 -171 
-148 -104 
178 -126 
198 0 
46 -183 
189 -72 
56 22 
1 179 
-197 35 
-169 131 
-71 119 
161 -54 
-112 68 
104 -9 
4 75 
-112 -181 
-135 -100 
14 185 
-147 -139 
-117 50 
106 180 
-48 191 
-73 34 
-62 -61 
113 -26 
-11 106 
-85 141 
-173 25 
-35 -95 
-129 -34 
-92 54 
-70 9 
125 -85 
-116 194 
138 147 
104 108 
6 16 
-110 -169 
-198 156 
-177 -163 
172 -182 
-5 -63 
-193 4 
27 169 
-172 -74 
-122 -35 
159 29 
-72 145 
59 -65 
179 191 
142 78 
-66 40 
179 -159 
-3 124 
-75 135 
133 -33 
91 -103 
161 -39 
199 -189 
-92 -79 
49 -13 
-166 81 
-50 123 
13 58 
-60 -187 
-69 -7 
181 -79 
-165 107 
195 121 
-3 137 
87 22 
148 -17 
-65 108 
-62 -93 
-189 -102 
-145 124 
-169 176 
160 1 
-19 -54 
23 133 
-29 -67 
186 -100 
59 71 
-168 -74 
-187 153 
-64 44 
-170 63 
94 -21 
-77 -11 
0 -118 
45 -118 
159 181 
-18 -47 
141 -176 
-70 186 
67 -47 
-191 -119 
88 25 
-50 13 
194 127 
110 -135 
123 99 
-191 181 
185 -175 
109 19 
-127 177 
-87 -3 
-10 71 
60 -110 
-156 -170 
-103 -68 
-194 61 
41 140 
-29 75 
-24 51 
-3 -182 
-9 118 
-33 156 
-148 -24 
41 44 
-174 81 
16 -199 
155 -179 
-61 47 
100 172 
-15 35 
66 189 
159 -61 
-105 24 
-78 41 
141 37 
15 -1 
25 -14 
30 -174 
-118 84 
163 -9 
42 172 
-133 63 
47 92 
192 -40 
-184 -49 
18 60 
-41 -15 
174 -87 
141 -22 
75 185 
-141 100 
-171 -129 
78 7 
79 -149 
106 -22 
-141 99 
-176 99 
-126 -177 
170 -196 
-98 178 
46 6 
17 109 
-124 -101 
98 135 
-78 -151 
-182 -152 
135 -50 
-175 -62 
52 72 
41 35 
-176 -46 
87 37 
135 -54 
-151 -153 
-61 183 
-122 29 
28 115 
-193 -183 
28 39 
106 -160 
155 -57 
80 184 
114 -193 
-183 -184 
-128 8 
101 -185 
166 127 
-199 18 
-200 102 
88 -31 
194 -156 
-149 83 
60 -136 
178 -65 
-27 44 
158 -157 
50 -35 
72 53 
-90 18 
-82 38 
44 -102 
-3 -98 
-52 125 
-19 59 
74 65 
73 -98 
-100 118 
70 -32 
199 123 
124 -157 
114 82 
-11 96 
4 184 
41 119 
-178 -48 
118 12 
31 65 
90 -45 
-172 102 
179 -92 
27 -44 
62 66 
154 39 
-196 -191 
-34 -54 
143 27 
-149 114 
-170 -59 
-32 -132 
-150 42 
-154 -6 
-179 -69 
168 -120 
-86 96 
-156 164 
42 53 
-21 -174 
-76 0 
96 47 
93 122 
-52 26 
-98 -44 
-137 30 
-124 -63 
-52 185 
-35 187 
-142 -105 
-108 -104 
18 160 
-111 134 
-52 57 
-96 -199 
175 62 
141 120 
-79 -105 
25 115 
160 -28 
85 -77 
-190 -167 
14 108 
117 86 
-91 159 
-36 -113 
-88 131 
55 163 
104 -186 
50 17 
39 -11 
155 -187 
146 187 
152 103 
-38 -123 
21 -56 
64 56 
-156 2 
111 169 
-112 -4 
27 175 
160 10 
153 110 
-115 -146 
-21 87 
29 134 
-81 -134 
-1 73 
-131 -33 
32 -189 
83 119 
-53 -174 
-43 -108 
-165 89 
-108 45 
179 -143 
143 4 
159 108 
166 -94 
21 -80 
-40 191 
-30 -62 
-84 -142 
-181 -33 
-53 -142 
136 -123 
-126 139 
184 95 
38 -109 
52 -176 
-22 127 
-39 -172 
-164 -191 
-72 194 
185 -73 
35 111 
186 117 
79 -45 
55 -54 
-200 -136 
-91 -112 
-91 -94 
66 28 
-191 -134 
-191 -42 
197 -131 
-189 -136 
112 -52 
42 150 
92 176 
157 -139 
163 -44 
-64 115 
-39 55 
181 -82 
-33 75 
172 154 
154 172 
-106 -18 
-57 104 
49 -97 
172 152 
148 135 
-16 -93 
-147 -115 
90 -182 
-76 42 
-187 -69 
-7 89 
-159 -120 
-87 25 
-137 10 
-82 -158 
56 50 
-89 -23 
193 -121 
-59 148 
167 72 
-55 183 
98 95 
24 105 
-126 34 
51 197 
-89 -17 
33 -159 
-19 -61 
-189 154 
-71 -118 
-8 -176 
-32 149 
-159 20 
-119 91 
-168 -36 
-73 148 
-153 -28 
-4 -51 
96 -15 
-85 -118 
-69 -63 
-7 -21 
-89 8 
18 -144 
96 40 
135 129 
-21 89 
-20 -81 
14 177 
112 -142 
-70 -126 
-16 -164 
-68 163 
62 -25 
-116 190 
-8 -58 
-12 -34 
-24 58 
-195 -144 
-109 -126 
-107 -190 
-161 90 
179 95 
122 106 
-165 -147 
-158 -105 
137 -27 
100 -135 
18 -157 
179 192 
-67 17 
-98 107 
114 63 
91 102 
-22 161 
64 -67 
37 167 
-47 -122 
-183 -156 
-64 -177 
144 -59 
36 77 
134 98 
108 167 
-35 75 
97 121 
163 -6 
-158 -122 
175 -45 
-105 84 
-183 87 
99 -125 
-33 158 
166 28 
-37 163 
-82 39 
-146 159 
157 80 
123 46 
-143 -156 
37 -155 
182 62 
106 -134 
178 15 
134 -158 
79 -171 
132 -81 
-168 -15 
153 19 
40 194 
-141 57 
127 148 
71 138 
192 92 
26 -147 
103 33 
-167 -193 
-62 13 
164 -91 
-9 -62 
6 61 
54 149 
188 167 
-70 34 
108 11 
111 -71 
159 -196 
52 4 
-42 -160 
-148 -153 
13 -127 
17 27 
15 112 
-179 63 
176 67 
-41 197 
-149 60 
199 101 
-71 -144 
139 48 
-100 -64 
-180 -4 
56 194 
151 -152 
-111 -147 
-196 166 
-56 -18 
-68 132 
-199 15 
-7 71 
197 -37 
-85 163 
-187 21 
44 -73 
196 -120 
21 45 
-34 14 
78 -144 
-10 21 
-159 -200 
185 -81 
102 164 
153 118 
-180 -9 
-121 68 
-174 11 
-157 166 
-116 -91 
-34 51 
-145 137 
-139 173 
-63 -194 
24 -177 
95 51 
-159 -130 
-181 142 
199 131 
-172 -159 
-126 135 
-13 194 
-198 -19 
-123 -139 
-108 47 
-25 -36 
86 -176 
59 180 
-173 -120 
98 26 
-34 191 
-129 -122 
163 26 
37 -38 
-82 -60 
108 -66 
99 -97 
-189 -80 
47 -6 
-110 188 
-18 -128 
-55 -26 
18 -29 
3 -30 
-156 -14 
45 121 
178 113 
-43 98 
-53 167 
134 -195 
0 -53 
-105 124 
36 -127 
59 -100 
70 7 
104 114 
186 113 
-128 185 
-120 36 
-67 83 
185 -70 
41 4 
46 127 
-118 132 
45 123 
142 112 
-111 82 
-94 -166 
199 -168 
157 -154 
-21 -117 
140 154 
-81 3 
-98 76 
182 198 
-185 -146 
169 -64 
82 -160 
186 -73 
-82 80 
73 -160 
-4 193 
99 -84 
195 -167 
141 172 
16 142 
84 -9 
174 145 
151 134 
-79 -190 
121 24 
-177 131 
102 171 
15 -88 
88 -152 
-144 -7 
-143 185 
85 -65 
113 -197 
193 -4 
-96 -38 
-182 -102 
-143 -94 
119 -61 
-104 -181 
197 -104 
176 5 
-46 -123 
139 -166 
-105 -177 
25 -173 
133 57 
101 52 
14 -184 
147 -119 
-102 -192 
-153 -45 
-71 53 
125 -4 
82 -40 
-159 -91 
-48 6 
42 -112 
-80 -46 
143 -19 
195 -123 
196 -42 
11 -189 
-21 -196 
80 -173 
-30 -67 
-130 -52 
189 -4 
-171 -130 
-190 -35 
-142 190 
96 -171 
-188 -171 
127 76 
-125 56 
-66 -183 
123 51 
36 -133 
34 92 
-32 -127 
-145 81 
-64 73 
160 -158 
-189 50 
-160 -23 
-115 155 
-119 189 
64 122 
194 -106 
115 -78 
-192 -37 
-162 146 
30 -196 
2 156 
-19 161 
-181 -25 
-37 44 
-163 -132 
-36 -163 
-80 22 
-48 -3 
14 -169 
26 -138 
21 31 
-9 122 
-71 124 
-30 17 
-61 12 
-135 -10 
-64 -22 
-75 183 
19 157 
95 15 
-3 90 
-79 105 
39 -171 
-119 82 
-184 -176 
142 -180 
-195 152 
-170 -164 
-118 42 
-1 171 
55 -53 
165 -57 
-26 -87 
-149 -12 
-27 172 
145 11 
156 129 
-127 46 
38 -107 
182 -141 
-108 159 
-199 136 
-53 -194 
65 -14 
-167 -115 
-103 -82 
105 184 
43 49 
-161 51 
-171 -181 
195 110 
-141 177 
168 -149 
181 -61 
139 196 
165 84 
-156 114 
33 132 
30 127 
-9 123 
-168 -69 
0 -11 
-53 83 
-32 -91 
140 -29 
44 -182 
-109 78 
-95 121 
198 -62 
-45 -101 
23 84 
-109 -190 
126 109 
39 44 
-54 62 
93 38 
171 4 
174 -177 
29 -45 
135 -171 
33 26 
-183 -40 
-58 133 
196 122 
105 28 
-37 182 
5 -65 
-125 38 
164 7 
-176 -127 
27 -86 
186 -59 
-135 -123 
188 -123 
70 110 
173 10 
126 -168 
62 -4 
-176 109 
-3 50 
183 9 
-95 -70 
124 -199 
157 84 
-111 157 
44 -52 
-182 -72 
174 -58 
140 -39 
-30 170 
134 -32 
-191 -143 
-180 -96 
1 -111 
-156 59 
-116 90 
71 -49 
-198 -55 
183 42 
145 -59 
117 43 
-152 -192 
40 -9 
11 -15 
62 27 
163 -68 
-126 165 
169 90 
-154 -186 
-60 122 
-36 134 
108 -63 
77 130 
-103 -155 
-98 -132 
59 -92 
56 -160 
77 148 
92 151 
-25 89 
-200 -15 
198 89 
-192 165 
80 -24 
-25 56 
126 -146 
-166 168 
-29 5 
-48 -108 
-148 131 
-64 -152 
-195 85 
195 77 
9 -42 
12 -55 
176 -119 
-126 -37 
71 157 
-74 -50 
-11 161 
-158 55 
-164 172 
-64 -20 
25 112 
152 27 
-19 160 
-3 188 
-61 199 
-192 62 
-134 128 
-45 92 
-187 129 
-138 -137 
54 -1 
190 131 
-29 -144 
-35 164 
182 -38 
18 -92 
104 192 
36 -70 
71 -19 
-119 10 
29 -100 
162 58 
153 78 
194 -25 
46 197 
191 -154 
4 -108 
177 -74 
-128 -125 
-115 153 
-114 -199 
13 25 
-17 -140 
58 -156 
167 -107 
178 75 
14 199 
34 -24 
93 -126 
94 -81 
92 85 
-1 -139 
-12 -125 
12 -167 
175 -120 
12 -194 
78 -21 
-95 183 
195 -117 
187 104 
-59 -127 
-65 -12 
22 -154 
-159 190 
48 57 
33 -39 
-143 132 
116 94 
49 -75 
-182 159 
121 190 
-90 -52 
-32 -200 
135 -127 
188 -82 
-154 127 
-129 -109 
-1 -63 
-65 74 
117 -38 
48 67 
-174 -60 
40 158 
107 -65 
-75 14 
-17 -37 
67 158 
-121 -119 
-55 -20 
-108 -27 
-113 -137 
-112 -190 
158 119 
93 86 
157 133 
-196 110 
-122 -166 
159 86 
5 -87 
-105 31 
52 -78 
34 48 
-174 77 
114 -95 
-22 -42 
-125 -118 
-29 16 
139 4 
125 132 
181 57 
63 -127 
80 50 
-91 -78 
-145 195 
159 -12 
-183 -174 
141 -34 
191 75 
-10 152 
-97 -99 
123 20 
192 49 
19 90 
190 148 
28 137 
199 140 
-1 -15 
-9 -64 
-67 21 
-44 128 
-177 -50 
-87 42 
54 61 
82 -144 
-68 -177 
-149 -198 
36 145 
-23 41 
-118 -107 
-86 -155 
-11 99 
96 195 
-177 -107 
-18 -131 
172 141 
-33 -134 
77 49 
-165 96 
-3 -114 
67 -89 
162 120 
146 -180 
198 44 
-70 -42 
136 177 
57 -173 
-199 1 
93 188 
-29 -196 
-76 142 
-121 19 
-9 -157 
1 -40 
28 185 
-168 41 
22 -139 
-59 -120 
-102 5 
-180 -176 
-195 77 
-111 90 
16 148 
-131 -76 
-82 -34 
104 193 
-82 -148 
-32 -115 
-110 185 
-28 -41 
4 19 
-14 -172 
-82 -164 
-34 -78 
165 -132 
-18 149 
60 35 
-123 -62 
-38 176 
196 -3 
153 -62 
147 -194 
193 -93 
-50 96 
-22 -57 
-185 -122 
157 -74 
5 -56 
13 17 
22 -192 
-80 152 
-50 109 
-177 80 
-165 -45 
-146 167 
40 115 
105 84 
103 171 
85 15 
96 9 
-130 -153 
-13 102 
-188 95 
-171 -82 
5 -128 
29 180 
-60 33 
-41 -145 
-162 -20 
129 105 
102 98 
-190 22 
-3 -140 
71 66 
38 -121 
92 33 
-61 197 
-136 0 
-45 168 
23 -19 
81 -171 
-158 -38 
12 109 
53 29 
79 -3 
187 140 
-172 118 
-164 -93 
144 106 
164 -110 
120 -110 
-106 177 
-83 -37 
143 94 
44 43 
14 -192 
-82 40 
156 39 
104 -176 
-64 -108 
60 5 
-82 -75 
160 134 
-37 -153 
-191 105 
-89 16 
79 -104 
-183 -53 
-22 -19 
20 101 
-98 121 
187 2 
176 -112 
-48 -146 
133 -181 
-53 -184 
191 -119 
-183 91 
-168 169 
121 56 
138 -145 
176 162 
195 87 
-123 34 
124 145 
16 -84 
8 176 
107 -43 
16 128 
90 -120 
-76 96 
-172 86 
87 38 
131 184 
-40 33 
-91 -5 
-71 -116 
-60 -8 
152 -190 
181 -153 
-4 54 
-28 -190 
23 143 
8 -119 
-1 151 
160 81 
-59 18 
-153 -69 
-70 -62 
175 39 
71 -61 
191 -74 
-90 36 
150 -151 
-82 49 
114 14 
67 167 
179 135 
-56 -116 
-42 9 
-76 -136 
-99 -100 
124 -186 
179 -98 
141 -42 
-196 184 
-100 -168 
146 -18 
102 -10 
161 -167 
183 -103 
-23 193 
-70 -153 
-62 -142 
-61 146 
18 36 
56 -185 
-194 36 
-146 -34 
-70 24 
-127 99 
171 -180 
3 145 
-94 -144 
-163 123 
64 -173 
-102 -162 
148 37 
-193 0 
119 102 
-106 47 
69 -83 
-144 77 
-137 138 
86 0 
138 187 
124 -66 
126 28 
50 -109 
-82 155 
145 -44 
144 65 
-195 38 
188 32 
128 -27 
20 26 
92 113 
183 75 
-163 121 
-63 -185 
-24 -182 
150 -84 
-143 19 
106 128 
97 -49 
-63 -16 
46 -58 
45 -8 
146 -86 
-119 -189 
112 -169 
168 3 
135 15 
-40 185 
7 -117 
154 -144 
-20 -72 
62 -140 
127 24 
-111 175 
89 107 
56 36 
-45 156 
105 -98 
-140 22 
137 -47 
39 184 
147 158 
-165 129 
60 46 
179 -121 
-141 118 
-39 85 
-37 195 
24 -60 
59 70 
199 167 
-41 -150 
-128 -178 
131 -138 
190 170 
-183 96 
-84 88 
115 -122 
-118 162 
-85 44 
-38 -45 
3 -58 
105 -152 
-191 16 
-68 -92 
-81 -22 
164 33 
112 18 
49 145 
58 191 
-147 -52 
-69 146 
-161 38 
1 195 
176 -13 
-156 -45 
21 179 
154 132 
61 -119 
-188 81 
-130 -29 
-120 -61 
-44 -55 
169 -42 
69 157 
55 -22 
131 111 
-177 -179 
106 -78 
181 41 
163 168 
-22 175 
-173 -186 
-172 10 
155 46 
118 180 
84 30 
177 12 
154 31 
125 170 
40 -75 
-37 87 
79 -173 
184 -157 
81 -132 
26 -41 
-174 141 
91 3 
-78 -10 
171 51 
-60 47 
-145 -176 
-119 -36 
-2 174 
-195 -16 
145 19 
132 107 
-167 -93 
192 -44 
-24 65 
111 -101 
-46 -97 
169 132 
-192 -32 
-186 19 
106 85 
-91 -87 
-139 56 
101 61 
95 -54 
34 -77 
67 -80 
88 16 
-160 -11 
114 -93 
111 -104 
52 -124 
-150 -26 
99 69 
-168 100 
-115 92 
-7 154 
59 117 
-15 -180 
77 0 
-58 156 
-178 -136 
171 -24 
-48 30 
75 196 
100 -8 
-146 100 
-200 -36 
7 53 
-93 -8 
-145 -134 
73 130 
3 28 
-7 51 
73 -3 
-26 103 
32 0 
131 -181 
-115 -89 
9 -179 
-19 -194 
61 84 
28 -21 
-156 175 
-146 78 
87 169 
-17 74 
-111 107 
-17 -102 
197 35 
136 179 
-87 -180 
-99 12 
107 -144 
58 77 
169 -101 
-194 -5 
-26 171 
130 -99 
79 187 
-59 183 
85 -184 
-167 -200 
101 185 
-112 -76 
-68 -25 
-3 -146 
-199 44 
82 167 
192 44 
-15 40 
54 -145 
-157 57 
54 29 
78 -78 
-200 -31 
-72 198 
-164 58 
-64 -36 
-174 -72 
113 -14 
170 -199 
-152 -148 
98 2 
-122 -74 
138 165 
176 100 
39 -19 
38 -101 
-5 179 
-180 -8 
87 -136 
-108 157 
56 -69 
-78 -170 
144 97 
-80 -55 
-157 8 
80 18 
-155 136 
15 52 
112 -82 
78 186 
-12 -155 
-117 -196 
-9 -32 
-109 98 
-139 120 
-162 38 
55 -70 
187 -38 
-162 41 
72 147 
-198 127 
-97 -15 
-188 44 
-54 73 
73 138 
-43 170 
185 -169 
62 80 
-30 -177 
102 -21 
9 -104 
-132 56 
-199 93 
-198 170 
-157 -146 
14 -164 
142 163 
-57 60 
-123 64 
163 -138 
-184 -90 
-12 83 
98 -26 
-99 -40 
102 -104 
-31 -153 
-43 69 
-167 -160 
188 146 
94 -17 
105 -66 
12 -128 
-74 196 
54 -139 
185 173 
79 -163 
-66 -57 
-120 107 
-139 -50 
79 -140 
-111 178 
38 45 
-113 -134 
53 -191 
67 118 
199 -42 
-44 80 
138 -129 
128 -75 
10 -53 
161 -176 
95 -93 
120 -176 
83 154 
-192 117 
-115 -118 
-50 45 
116 104 
154 182 
194 -76 
167 192 
-108 -106 
-132 8 
-44 145 
3 172 
-58 165 
-49 -70 
188 -149 
86 -15 
87 126 
-6 126 
-157 -167 
77 -114 
49 45 
66 49 
186 91 
-168 -197 
27 -173 
26 -111 
-27 22 
-86 115 
178 166 
90 110 
112 160 
58 56 
-184 61 
65 171 
141 -110 
-40 -137 
39 14 
-46 85 
-17 -158 
124 -67 
163 -146 
58 162 
-133 120 
-10 65 
-59 72 
43 -33 
-185 31 
172 79 
0 92 
32 -164 
36 -101 
10 -76 
-91 149 
25 -98 
-161 -112 
198 -122 
53 -1 
151 -102 
-181 -23 
122 57 
-117 8 
-9 -136 
166 -48 
-25 -154 
-157 108 
-193 43 
-186 -6 
75 99 
182 -191 
193 -37 
172 -32 
-64 -39 
143 -4 
-190 -142 
-121 -108 
-200 191 
135 -53 
2 145 
-42 -24 
-62 -129 
65 -166 
-113 155 
-77 -15 
44 -23 
72 -43 
-108 -57 
52 184 
-56 -88 
2 -116 
196 42 
146 -176 
-57 177 
-112 98 
21 -193 
-136 140 
85 23 
64 -26 
-154 6 
-23 115 
167 -193 
-57 -13 
-69 29 
-34 161 
160 -87 
-131 -41 
1 -90 
-85 64 
-91 -123 
-199 -112 
-172 148 
23 37 
-179 35 
-200 159 
-14 155 
144 -113 
96 59 
167 -185 
-106 -190 
-187 65 
100 -160 
-61 -36 
135 -94 
-49 81 
185 -2 
139 35 
-156 162 
-103 -57 
-132 -90 
35 26 
-9 -161 
-130 79 
-173 144 
-118 99 
36 -26 
-42 -185 
-66 -195 
-104 114 
-106 -24 
-26 104 
154 -172 
-15 21 
125 159 
185 -7 
-169 -95 
195 -114 
-15 -107 
95 77 
-2 -41 
52 -193 
60 -177 
9 -134 
-171 -165 
50 116 
70 181 
173 -181 
-31 7 
62 96 
-173 85 
62 1 
-181 -92 
55 -63 
-142 -39 
100 -75 
-165 1 
-46 -80 
143 -84 
145 117 
-145 -125 
-171 22 
150 63 
-177 79 
6 -195 
12 126 
150 38 
22 -198 
92 181 
62 -120 
-17 -160 
65 -27 
-135 72 
-71 165 
-160 148 
31 163 
-44 -91 
-85 -67 
25 -21 
-70 14 
173 -120 
-154 117 
193 -95 
78 145 
45 56 
-157 -115 
119 -193 
-69 -22 
79 76 
42 -146 
-69 -184 
98 138 
101 -148 
99 -57 
143 159 
158 -54 
19 186 
91 -22 
139 -194 
14 109 
150 183 
18 65 
-128 11 
-171 77 
34 35 
-155 77 
7 -156 
-82 -100 
110 19 
-109 -114 
149 184 
-34 102 
-184 -52 
6 -124 
57 -162 
126 -117 
-168 -146 
-11 36 
-143 -52 
-60 -197 
72 -71 
97 -128 
-180 -188 
-46 168 
54 86 
7 137 
-134 -43 
-48 -57 
75 -185 
56 -153 
-5 -34 
-166 194 
65 -131 
191 -182 
74 129 
-168 -140 
29 108 
-72 15 
135 -114 
187 42 
-102 133 
-170 -68 
-115 -60 
-89 -69 
-51 123 
47 71 
13 -113 
5 82 
-59 38 
-7 114 
-106 159 
193 21 
-51 -187 
-40 17 
-24 -23 
-83 -19 
-70 157 
29 -184 
145 138 
-56 71 
116 183 
-57 -48 
12 -33 
-100 32 
42 18 
189 1 
-176 -39 
-48 -153 
111 149 
-171 -44 
-30 163 
-95 -7 
-108 181 
22 181 
-22 -191 
-117 -66 
-124 168 
173 159 
60 -131 
-11 44 
58 -176 
57 -52 
-164 -182 
88 148 
-80 -90 
25 199 
-6 22 
133 -42 
130 -177 
-55 -9 
-185 180 
29 -54 
34 27 
44 32 
36 160 
-10 185 
-23 -54 
-84 -199 
-146 101 
-63 87 
-70 149 
-118 -134 
131 78 
-200 -85 
-171 15 
36 -89 
-187 20 
130 150 
-13 73 
-26 152 
-50 145 
-43 -45 
-176 -11 
67 -198 
198 34 
23 -179 
88 -159 
-114 -152 
-148 -27 
193 -59 
-172 -77 
-199 143 
165 -179 
-90 37 
-72 -141 
170 -142 
-56 153 
-121 -84 
-41 -159 
-184 -3 
-8 18 
-126 161 
-41 163 
43 175 
-172 61 
150 40 
-133 -160 
17 -151 
-88 59 
15 66 
-39 25 
168 123 
154 30 
-110 -131 
-115 116 
-135 62 
-169 88 
-188 -12 
-167 -186 
-174 -191 
112 22 
39 -95 
160 105 
-79 -173 
129 101 
37 44 
65 155 
190 -26 
119 -59 
-32 -90 
-152 60 
-113 132 
132 100 
120 113 
173 143 
-84 19 
-104 -29 
-99 33 
104 174 
-151 -24 
-111 -151 
76 100 
168 192 
-27 92 
119 45 
-188 11 
91 -162 
-117 -55 
-166 91 
-123 128 
158 -142 
-140 191 
49 -104 
-176 -56 
43 -85 
41 -138 
-10 34 
-82 -99 
161 99 
112 -163 
71 170 
55 -24 
190 -67 
-93 24 
17 -158 
148 -159 
38 122 
-143 -83 
-20 -35 
-178 124 
103 160 
62 -92 
189 5 
171 -195 
17 23 
-55 -101 
83 -133 
-27 130 
-46 19 
-133 -171 
139 106 
108 26 
-199 -165 
-76 -100 
67 -81 
28 30 
-110 -81 
-152 -117 
150 192 
111 20 
-43 -129 
-51 11 
104 -40 
-150 167 
-64 125 
82 -166 
-75 24 
0 -171 
-133 -194 
-194 77 
-25 60 
15 99 
-167 -102 
20 152 
157 24 
-119 50 
136 118 
-158 150 
-42 -92 
16 -105 
95 198 
3 40 
134 -42 
29 117 
-8 -188 
-57 129 
-196 -105 
86 -52 
198 186 
-96 42 
-57 58 
28 71 
195 -99 
150 181 
-109 147 
168 -132 
-136 139 
8 156 
-31 176 
-46 155 
130 -49 
156 -190 
144 -38 
-94 186 
-124 -100 
-101 181 
92 -124 
-100 56 
87 -108 
71 136 
-163 -52 
75 -20 
161 10 
119 -52 
99 53 
172 -177 
138 -16 
126 16 
84 87 
53 -18 
72 -129 
-136 -39 
181 112 
159 151 
188 -48 
34 -196 
-44 129 
81 187 
-54 -93 
182 81 
-174 57 
-144 -38 
97 126 
-2 139 
92 -194 
74 43 
-111 -97 
-168 -79 
154 -84 
35 154 
-156 50 
117 17 
16 -30 
170 -57 
-108 92 
142 -154 
97 -176 
-33 68 
-111 -73 
-193 39 
29 193 
176 197 
3 84 
-57 -147 
-152 -116 
-123 174 
-43 157 
-2 145 
101 18 
135 60 
-60 4 
-105 142 
77 21 
146 78 
-107 -85 
-5 -111 
151 56 
-172 115 
19 -192 
-44 -183 
-5 -8 
63 120 
199 -21 
0 140 
133 90 
99 80 
21 148 
47 -48 
-2 56 
81 -59 
166 159 
-71 150 
-16 -156 
-78 77 
-95 99 
-97 166 
192 61 
122 -129 
115 11 
53 14 
144 43 
120 152 
-3 199 
-34 39 
-71 157 
-91 128 
160 120 
-102 -23 
-22 -182 
28 -26 
-108 4 
51 -118 
-132 -54 
-126 69 
-138 -135 
-173 -152 
25 59 
51 9 
144 66 
101 112 
-84 -79 
142 -182 
45 -39 
-176 -59 
177 -1 
-186 116 
-167 102 
-35 65 
21 178 
-136 71 
193 2 
140 -135 
56 153 
-106 148 
-17 -66 
-94 4 
65 138 
49 20 
-183 41 
-95 -59 
-183 -162 
31 -93 
-139 67 
142 40 
36 -196 
156 69 
-6 -1 
193 -8 
-153 49 
15 -116 
-39 61 
192 -147 
20 85 
85 176 
185 -141 
122 -179 
61 169 
-132 131 
27 135 
170 -70 
78 -68 
109 -155 
138 104 
-58 -98 
-116 -43 
-143 -26 
19 -27 
143 -70 
-107 172 
191 -39 
-172 -143 
141 81 
98 -25 
-40 -11 
-99 -120 
142 113 
-169 145 
-3 -176 
160 122 
-144 -187 
-24 193 
-23 -8 
1 -64 
-140 196 
48 148 
-196 -192 
-9 -36 
-115 104 
-100 141 
127 -198 
141 68 
96 -59 
-151 177 
86 -99 
166 -196 
93 -139 
-95 86 
-184 87 
98 166 
142 -17 
-152 139 
-163 141 
32 -2 
124 -30 
32 56 
-72 -172 
199 -95 
145 -136 
87 -15 
41 199 
183 -125 
178 -25 
0 -200 
-83 87 
6 -132 
-40 -155 
-61 -178 
-46 -196 
184 -162 
148 -30 
-13 -121 
-138 -11 
6 -109 
146 -170 
-51 122 
-27 81 
37 193 
68 160 
3 199 
104 20 
-176 -71 
-133 -123 
90 177 
-5 126 
100 -72 
56 -187 
-39 -112 
75 -199 
82 -165 
-87 -64 
-193 20 
-117 196 
-181 -97 
-195 187 
124 72 
-105 36 
-115 -165 
28 -66 
132 85 
179 -173 
-130 -21 
199 111 
-90 133 
-187 124 
26 142 
94 108 
-48 32 
-123 -191 
-75 -93 
12 -60 
-136 -18 
2 79 
198 114 
13 -60 
12 85 
19 123 
56 -96 
-170 101 
-22 54 
8 -179 
195 -133 
-46 73 
170 -40 
109 -131 
-22 183 
116 -81 
-62 -91 
-2 -140 
-179 187 
19 10 
-139 70 
-143 -76 
-46 2 
159 -133 
56 -11 
-145 187 
-147 101 
-112 54 
-40 52 
-196 194 
114 29 
-105 -66 
-64 124 
44 -31 
-110 -95 
-58 95 
148 -12 
-121 131 
-59 30 
49 -54 
-42 44 
-89 116 
61 -171 
-197 -131 
-183 -151 
193 37 
-79 78 
154 -99 
11 -79 
148 164 
-26 190 
-111 -62 
-19 -114 
8 37 
-112 107 
-41 -117 
83 -83 
180 169 
-110 -44 
-195 117 
-183 -91 
127 -23 
-102 191 
56 -29 
-68 33 
6 -33 
-194 -132 
-192 74 
83 13 
-168 -155 
-42 24 
-111 -175 
65 107 
-138 -79 
54 -156 
9 169 
-49 23 
-189 -138 
88 -171 
140 -177 
-46 193 
-166 -23 
-89 -66 
-43 163 
96 114 
78 156 
-100 27 
140 17 
68 20 
-195 104 
10 -172 
-19 -15 
42 31 
78 -165 
188 -184 
53 -4 
-180 -5 
146 65 
-92 38 
-45 -168 
14 31 
83 -200 
-8 -147 
8 62 
-96 -170 
-15 108 
-155 167 
40 -106 
156 118 
-84 120 
116 -122 
-63 -196 
199 166 
80 26 
-151 99 
187 94 
-128 -200 
75 66 
-96 100 
-5 174 
40 58 
198 157 
-17 32 
30 -189 
129 173 
-93 -164 
-2 39 
-52 -75 
74 -173 
50 94 
-45 -60 
-144 107 
-104 119 
-122 -184 
189 100 
52 -58 
-91 61 
-92 -119 
164 -114 
18 37 
-41 176 
52 -142 
87 2 
62 147 
40 -2 
-81 -159 
-92 133 
37 8 
80 146 
83 42 
79 -32 
-35 -81 
-54 -98 
158 124 
51 155 
0 -20 
25 86 
37 108 
-83 -191 
-198 75 
-200 -28 
197 -156 
-28 -138 
60 -8 
-168 85 
192 184 
114 2 
-180 89 
60 44 
122 21 
2 155 
191 60 
-200 190 
-59 -15 
108 152 
99 -12 
-159 136 
2 178 
-173 -62 
-162 65 
-195 114 
-15 93 
147 165 
-17 152 
-12 75 
137 132 
79 -144 
-141 -10 
129 -179 
-15 47 
-66 -32 
-109 -15 
-112 -48 
-38 -167 
107 -121 
-179 154 
130 19 
-119 -168 
30 141 
-62 54 
163 89 
-41 -44 
-8 2 
167 152 
-56 85 
164 -29 
-103 185 
-35 -57 
-200 17 
122 -77 
-180 -86 
-117 -105 
-93 -199 
79 -94 
199 -19 
-28 14 
99 -196 
11 -62 
120 -30 
-183 95 
-89 -192 
188 83 
-129 -41 
-100 -72 
-69 -112 
175 95 
187 -161 
55 -133 
-194 -10 
160 -36 
-10 1 
180 40 
-181 -11 
-17 10 
-128 -109 
121 117 
89 -132 
-190 -132 
-157 -30 
-96 172 
-11 191 
-88 -194 
-118 21 
193 -75 
-131 -4 
25 38 
-138 -178 
54 -75 
41 -40 
67 38 
-66 -188 
-69 -77 
0 151 
112 -197 
-131 188 
-81 51 
84 15 
-131 104 
136 196 
-82 -191 
-23 15 
-182 -85 
69 5 
117 -134 
148 119 
-141 112 
-12 27 
3 -40 
-28 110 
4 112 
78 -185 
33 -176 
-117 0 
-97 122 
117 -114 
71 -33 
-50 112 
168 15 
198 180 
41 172 
171 158 
169 -53 
-130 174 
-67 -173 
-178 -71 
35 -161 
113 -119 
-143 110 
116 123 
-181 -141 
-123 59 
33 150 
175 -11 
-89 82 
-184 -135 
18 -16 
63 -10 
-129 -50 
-82 152 
-80 -54 
-159 -163 
167 63 
-117 -113 
180 9 
18 86 
-151 108 
-182 176 
153 138 
163 -188 
111 74 
-38 12 
153 67 
74 161 
149 -82 
-171 -35 
-196 -61 
30 29 
-181 -144 
22 79 
-90 -87 
-28 -65 
-109 -96 
116 24 
61 27 
-82 -147 
22 37 
-174 192 
-37 41 
-14 -13 
13 -128 
25 -146 
95 -99 
-65 106 
-144 140 
-97 -41 
-93 146 
-27 -14 
18 -195 
180 44 
-62 22 
-66 14 
99 24 
77 100 
-20 -38 
-152 -102 
63 95 
127 -174 
163 187 
120 -130 
-38 151 
-98 23 
-118 -80 
-198 -135 
142 -151 
-58 -11 
-47 -104 
-132 -143 
-21 -172 
138 53 
12 92 
-139 -1 
35 112 
158 -178 
15 -160 
-190 -137 
28 -101 
34 -4 
-104 -142 
56 96 
170 -13 
-123 90 
172 108 
125 -198 
134 178 
120 108 
11 -194 
13 -177 
143 36 
23 8 
-172 -186 
112 -64 
-174 121 
-93 -71 
-197 61 
-159 198 
125 -176 
166 70 
-116 92 
59 118 
-192 109 
17 -108 
-149 -28 
116 174 
112 -1 
79 89 
-144 129 
41 142 
-145 0 
74 -75 
53 125 
145 -29 
111 126 
-147 -181 
-10 59 
87 -149 
124 33 
146 -153 
125 107 
-157 153 
154 92 
5 -17 
22 -191 
143 -184 
-30 29 
7 129 
148 14 
-121 -141 
146 -151 
184 111 
162 71 
-110 -69 
74 -185 
102 20 
-142 -148 
51 -20 
115 38 
-142 192 
29 127 
-196 24 
101 -184 
133 -10 
22 -28 
-48 -98 
-190 168 
-78 -1 
118 -3 
-26 -118 
-81 77 
133 -198 
48 40 
1 12 
-162 19 
144 12 
155 -104 
-108 -180 
-68 -149 
-46 -37 
10 -100 
-157 -177 
-93 -178 
-31 -97 
47 165 
150 -132 
33 105 
-176 -104 
163 143 
166 94 
123 64 
-42 -77 
-34 -200 
-39 43 
-157 116 
-60 150 
-15 110 
-100 -123 
-60 -145 
52 128 
105 17 
-162 -177 
129 -165 
-92 69 
-55 -113 
125 -105 
-150 -159 
84 49 
74 -31 
103 6 
-177 -120 
91 -144 
-97 -100 
3 165 
85 64 
189 -45 
181 25 
-50 -176 
15 7 
-198 -149 
62 170 
108 -39 
157 13 
86 -189 
149 150 
198 -131 
-74 75 
137 -4 
-58 141 
-157 -175 
141 167 
58 45 
-196 26 
129 112 
168 -135 
188 -91 
81 155 
60 -171 
-154 46 
19 125 
-32 -56 
44 -81 
-55 108 
149 -71 
7 -48 
194 8 
104 178 
-109 -86 
153 -78 
-148 -100 
-132 138 
-75 92 
-94 -133 
-134 15 
86 170 
-161 93 
-92 -197 
9 48 
57 18 
151 48 
-59 109 
-147 16 
187 -178 
-183 29 
-52 43 
-124 -184 
90 -106 
-148 -136 
111 7 
126 -118 
-127 -174 
81 -68 
-100 -68 
-48 -40 
-111 -173 
46 2 
140 193 
-197 -136 
-18 -191 
74 124 
-133 119 
-180 -100 
155 83 
-109 161 
4 -36 
1 53 
195 -153 
-198 -72 
-35 -2 
-48 55 
87 -99 
-9 168 
175 -106 
-10 14 
-16 -115 
5 -191 
-76 -195 
149 113 
-54 111 
-1 -117 
165 42 
196 63 
-145 199 
140 -126 
191 70 
66 141 
17 -68 
127 -159 
-195 93 
-199 32 
127 134 
1 80 
30 124 
-136 62 
33 51 
88 26 
142 -7 
-129 -183 
138 54 
-129 195 
-125 57 
-188 -39 
35 67 
37 -153 
-199 168 
-51 -131 
-11 196 
-10 79 
-192 -30 
-43 101 
-110 111 
54 65 
-196 -195 
-195 75 
-148 -154 
1 89 
17 -127 
-117 -198 
181 -7 
-186 -75 
-91 -60 
-171 -103 
76 -79 
120 191 
35 106 
5 -158 
149 162 
-146 -100 
-78 128 
88 182 
156 67 
-133 165 
117 186 
145 -119 
-91 -151 
191 -163 
-103 -54 
85 8 
105 59 
-192 -193 
106 133 
87 158 
33 79 
-192 -189 
174 -61 
149 67 
161 108 
-39 177 
-45 114 
-166 43 
-54 141 
101 -19 
129 106 
-89 -187 
101 -9 
-194 -119 
-181 159 
190 76 
124 -126 
118 -108 
31 164 
-92 -143 
-133 138 
61 133 
82 47 
5 54 
-200 110 
46 -107 
-169 -125 
-81 -66 
-99 -17 
-99 -58 
-32 131 
116 135 
184 -122 
-140 149 
-119 26 
80 192 
140 -44 
-90 11 
-165 -32 
-95 120 
-45 31 
173 108 
-31 23 
-13 18 
-89 -5 
-25 175 
-110 174 
-57 15 
-16 -137 
120 147 
198 65 
-71 122 
-82 92 
17 112 
-182 -133 
-132 109 
-176 185 
-127 -52 
-39 -155 
82 -182 
38 125 
-82 182 
-149 54 
-190 148 
22 -56 
29 91 
42 179 
-33 113 
-9 -181 
46 -26 
-61 32 
-15 -127 
110 -100 
-174 142 
16 -54 
186 73 
4 -198 
72 92 
-60 -112 
-26 72 
-129 31 
-162 139 
-113 74 
-185 122 
-43 145 
87 -49 
27 38 
-76 -34 
45 -192 
-37 19 
-20 10 
38 -24 
-49 -81 
105 -139 
107 -118 
4 -126 
-175 -124 
8 72 
-99 -130 
102 -140 
-155 25 
-1 185 
155 -39 
164 -20 
-35 -195 
198 -50 
-37 6 
-162 -111 
-123 -171 
-154 -115 
17 47 
65 126 
-101 129 
-192 -78 
-184 -152 
-193 -18 
9 -64 
-88 -71 
88 -188 
-107 96 
-178 10 
-46 66 
-65 -99 
-143 -150 
131 40 
3 -190 
-22 -1 
99 -22 
-58 183 
12 196 
133 181 
96 -124 
-84 -173 
23 -169 
-85 55 
137 -172 
19 -151 
34 -107 
73 -200 
-103 -29 
-175 -70 
-46 152 
36 -141 
128 141 
-56 -110 
123 -123 
-124 -55 
-128 -88 
16 -128 
178 -97 
-23 86 
34 139 
5 164 
-10 -130 
-108 -109 
191 -20 
-150 171 
149 -78 
-88 199 
-132 -70 
173 105 
-59 65 
-87 19 
-36 7 
-61 -57 
-161 -30 
128 -21 
-5 192 
147 -187 
-131 98 
128 15 
53 55 
190 8 
145 168 
49 167 
62 -155 
-50 139 
80 24 
168 -99 
-66 80 
-15 118 
-143 -190 
125 26 
90 -13 
-102 43 
-186 139 
-171 -9 
131 119 
93 66 
99 143 
56 167 
121 186 
-56 0 
82 77 
165 19 
111 60 
27 -52 
-85 24 
28 11 
-60 136 
0 50 
196 -104 
-21 146 
-23 141 
56 -56 
-1 -30 
-44 -149 
107 -48 
-172 150 
164 -81 
166 157 
11 37 
129 -22 
171 188 
187 194 
-167 -132 
-133 -181 
-191 173 
-32 57 
9 64 
-37 50 
-140 -45 
31 40 
24 -88 
-79 115 
47 -157 
61 -41 
109 144 
-121 -54 
-31 47 
96 154 
-183 189 
-139 -197 
115 -177 
95 -110 
-190 116 
37 115 
-139 -158 
-137 89 
-162 -196 
67 -73 
-43 -165 
174 94 
-74 133 
172 -122 
-136 -115 
-22 -47 
86 -2 
-136 92 
-54 -189 
-31 68 
42 69 
2 -16 
185 158 
-195 -80 
-94 15 
31 -63 
168 -44 
84 160 
-194 -134 
-176 -44 
-140 32 
110 -43 
135 -88 
-170 68 
86 25 
-163 122 
92 69 
43 -30 
164 -194 
172 -139 
-38 109 
190 78 
-47 -6 
87 116 
121 -93 
176 -93 
21 170 
-23 -100 
-180 -37 
-47 -182 
-79 -16 
67 -62 
17 26 
94 151 
-118 177 
-16 1 
43 -82 
-197 -116 
154 -67 
12 -137 
143 163 
116 83 
-127 -111 
-149 -194 
-115 -186 
149 1 
-182 88 
-121 129 
146 174 
97 36 
56 -16 
-87 -79 
73 -41 
-112 -99 
-187 -68 
-190 106 
-174 160 
110 -5 
128 170 
169 -83 
101 59 
9 27 
-88 54 
-116 115 
-2 -99 
31 -192 
-154 78 
43 -190 
-157 31 
166 31 
-83 -129 
58 168 
-15 -41 
101 -34 
60 -140 
42 37 
-16 61 
8 -36 
-41 102 
185 -192 
51 -149 
150 -58 
147 -148 
46 78 
-90 -49 
-149 -146 
179 157 
155 -146 
150 -52 
-69 143 
108 17 
-197 190 
-30 -36 
148 85 
60 -168 
-174 40 
-107 198 
-145 -114 
155 116 
146 -173 
-86 150 
102 -171 
101 89 
-163 101 
-176 -134 
83 -130 
-91 -152 
-93 -180 
-15 41 
144 -44 
-110 -145 
102 173 
-54 -38 
-18 117 
134 -31 
-104 -10 
67 -153 
-106 -128 
-38 -161 
44 -200 
47 49 
-34 -24 
106 43 
-139 8 
-29 185 
29 182 
175 42 
147 167 
27 -91 
-124 49 
158 123 
-128 -85 
-53 135 
-66 18 
123 -13 
192 -22 
155 -28 
-138 177 
166 -89 
54 -86 
37 124 
71 -113 
-1 -91 
39 174 
-189 -147 
-189 14 
-191 -183 
-101 34 
-90 -95 
-127 -184 
-77 102 
194 9 
93 -56 
76 138 
72 103 
-35 -106 
-55 165 
-80 -49 
-200 121 
176 -37 
-69 -104 
-193 136 
110 -104 
103 88 
-127 96 
189 37 
-77 -47 
-96 -99 
-93 -160 
155 56 
141 136 
-186 -165 
-199 -21 
54 186 
-139 -95 
-13 -85 
108 103 
156 151 
65 -126 
-78 -166 
3 -146 
32 -188 
-12 -16 
123 -65 
151 -185 
46 9 
-92 -126 
-169 -141 
148 -9 
-21 -171 
-148 126 
-120 -113 
14 178 
90 104 
-125 153 
-9 -128 
155 137 
-107 136 
-80 162 
-118 -122 
60 62 
-116 184 
-19 -6 
-114 43 
25 -88 
193 104 
182 14 
-147 -193 
149 92 
-163 13 
-73 -116 
-195 136 
148 115 
-167 -168 
-134 -15 
62 197 
-88 93 
46 193 
79 -47 
-169 -37 
179 16 
-91 -33 
-132 62 
167 -127 
199 -163 
46 28 
136 -187 
151 135 
-153 -42 
92 165 
1 -69 
162 -167 
3 8 
-167 -107 
177 94 
-192 -134 
113 -156 
121 -7 
149 -6 
17 -196 
10 20 
85 -92 
147 16 
167 -92 
187 -48 
-92 -147 
-189 5 
-76 -14 
191 72 
179 -122 
-154 -9 
3 152 
-19 -89 
-120 -18 
-182 54 
109 146 
107 -58 
-104 7 
132 -198 
8 -189 
-14 130 
-128 4 
25 -45 
-186 -103 
-156 -98 
56 -118 
-138 121 
0 9 
101 88 
-105 -52 
-50 67 
67 -70 
92 174 
-27 -92 
-20 144 
115 -168 
-98 83 
88 -29 
-39 147 
138 -126 
13 -94 
-15 34 
58 153 
-62 -32 
-48 -59 
-99 -72 
105 -76 
-102 -63 
187 114 
34 161 
-144 -188 
-152 43 
123 -133 
-17 -81 
72 57 
-101 -123 
-115 18 
-160 -172 
-30 113 
191 26 
-172 -153 
-63 -144 
-66 155 
134 122 
-199 79 
78 -160 
-103 93 
-185 -165 
186 134 
99 -160 
-115 -13 
117 -98 
82 184 
125 -103 
151 -168 
-14 -90 
67 -116 
-33 105 
-78 100 
-193 25 
-9 -74 
-165 159 
0 16 
85 175 
153 -114 
-50 -56 
-117 -59 
64 -34 
106 52 
-23 100 
-138 104 
108 143 
-157 51 
54 81 
22 -36 
116 96 
-160 -152 
48 56 
-198 178 
61 -82 
-119 -19 
-27 155 
117 184 
117 109 
-85 83 
-95 124 
139 69 
103 -103 
39 67 
104 -194 
143 127 
-163 -40 
136 -97 
-119 -51 
139 -63 
-95 -21 
-150 -8 
-27 17 
61 122 
172 43 
183 -14 
-12 -24 
-108 -56 
-108 -93 
-48 -196 
-196 75 
-30 -172 
-117 189 
-49 19 
175 69 
49 -143 
-40 -140 
196 28 
59 -196 
184 -38 
169 71 
123 -190 
-149 189 
58 -161 
-37 -161 
-123 -129 
136 -55 
-40 -12 
-106 76 
-30 -145 
-82 -123 
-153 48 
157 132 
-60 191 
166 -178 
44 165 
-30 105 
-16 45 
-108 -42 
54 -22 
-76 127 
-123 -53 
-100 -186 
-183 -35 
-24 44 
-46 60 
109 -72 
111 -102 
-66 117 
-73 165 
-40 154 
102 177 
-82 -150 
-175 -61 
-7 -13 
-179 -106 
140 37 
172 16 
93 147 
66 88 
-31 90 
89 -111 
-94 12 
-142 -183 
-198 94 
25 156 
14 37 
112 19 
-132 198 
137 185 
33 197 
-102 195 
41 25 
-11 7 
-55 98 
166 -119 
129 -91 
-73 52 
-12 138 
-137 -138 
-178 168 
4 136 
-94 6 
136 85 
183 -52 
37 74 
145 190 
73 179 
-72 -45 
-13 33 
-155 139 
-115 -1 
-103 -64 
8 127 
182 -119 
-198 -95 
160 119 
-116 -192 
-135 -8 
132 -76 
-31 -96 
-186 179 
-146 -137 
170 59 
-192 176 
-21 -71 
-113 100 
-87 9 
-93 7 
87 -41 
-38 -101 
61 94 
110 -109 
-6 17 
106 44 
-82 8 
107 135 
137 198 
-109 69 
172 -118 
105 96 
41 -185 
199 -155 
43 3 
-74 -101 
182 -9 
-59 -166 
-15 -10 
128 137 
107 -59 
160 163 
-89 174 
-94 92 
-93 145 
67 66 
-196 -36 
32 -36 
-15 17 
86 -131 
26 84 
87 -175 
-191 176 
-13 -127 
47 -4 
-56 -195 
-135 189 
-28 0 
-75 5 
197 -136 
-135 -127 
185 91 
64 88 
-91 71 
36 13 
44 -177 
57 186 
20 -36 
-119 -164 
-58 147 
197 -16 
115 -194 
-198 126 
-128 142 
47 -11 
43 9 
10 132 
-67 143 
-195 -174 
23 -185 
-102 -165 
53 38 
-72 -140 
-16 -187 
-103 36 
141 181 
72 -92 
-46 -100 
-76 -63 
39 190 
-120 33 
-50 -101 
41 -9 
-168 -90 
124 199 
12 -175 
15 -142 
-150 -111 
175 -149 
-86 138 
41 56 
191 82 
152 81 
-65 -127 
-189 -169 
109 -58 
11 40 
-182 -126 
50 -54 
-68 -79 
-49 -174 
79 -133 
26 52 
47 9 
-154 155 
-132 38 
26 133 
129 -25 
101 -46 
16 -29 
127 -171 
38 -116 
100 110 
-28 -120 
22 -120 
-109 6 
84 176 
1 -120 
-75 147 
-138 -173 
172 58 
-16 -170 
-147 137 
-133 166 
149 36 
11 75 
-56 57 
195 38 
3 -121 
-37 -9 
-40 187 
29 42 
-60 -79 
19 -77 
-31 -158 
-81 107 
82 -90 
14 30 
13 -179 
131 159 
34 13 
161 58 
33 -114 
-26 166 
-69 -102 
133 23 
-86 50 
153 -189 
-65 -72 
-1 144 
133 83 
48 170 
140 148 
49 -64 
170 60 
-60 144 
149 81 
0 29 
-115 61 
-14 24 
-136 169 
175 194 
-169 -42 
-92 -189 
-152 28 
0 28 
-78 -20 
105 29 
-23 -105 
-108 173 
-153 123 
-107 112 
-73 176 
-154 -117 
-130 -139 
57 66 
26 28 
-26 42 
52 -100 
-106 -198 
-19 38 
-24 7 
98 -77 
-190 -15 
-142 44 
146 44 
-114 -190 
-15 -197 
-44 97 
-123 14 
111 35 
28 -39 
-44 190 
128 8 
23 -200 
104 -70 
-131 31 
-7 177 
109 149 
-75 156 
-138 -197 
80 124 
-25 -83 
11 -90 
-1 -7 
157 193 
164 94 
69 -3 
82 -36 
106 75 
174 -183 
164 117 
-114 134 
136 -176 
155 9 
-133 105 
103 -30 
179 -61 
-13 39 
85 -47 
166 -13 
-38 -198 
113 -141 
-63 174 
-110 166 
148 -82 
-28 -116 
110 -59 
-4 -124 
7 4 
-90 -183 
131 18 
130 116 
-47 152 
16 -13 
-91 -143 
106 -132 
-170 147 
-45 -97 
-43 -119 
-157 112 
89 84 
120 -108 
-142 -124 
-175 5 
68 -14 
-191 102 
-52 -25 
59 83 
-193 150 
-15 22 
-87 14 
-98 -107 
-102 -75 
82 -68 
71 133 
7 52 
100 41 
-159 176 
-27 -141 
85 -19 
-149 -64 
-101 -16 
105 -117 
4 72 
-164 100 
56 97 
-42 -183 
-82 185 
-166 -115 
28 -111 
110 -114 
188 -70 
56 -75 
-97 189 
-21 -178 
79 -168 
-106 -169 
0 -179 
189 182 
92 74 
11 65 
165 -85 
-166 95 
-180 187 
-71 66 
2 -169 
-149 127 
185 -80 
-168 71 
-165 67 
-198 -32 
9 -89 
-18 -9 
126 173 
20 126 
20 -114 
-17 176 
69 82 
12 59 
-62 171 
-30 171 
118 94 
162 -20 
53 193 
-36 -32 
-139 172 
-110 -138 
-69 -44 
-21 168 
-190 111 
73 -36 
183 190 
99 121 
30 17 
-146 -159 
48 -104 
-195 185 
5 2 
-126 -92 
-72 72 
-158 -193 
-50 -14 
160 27 
-50 -9 
131 52 
-200 184 
61 74 
43 31 
-189 -34 
-15 -194 
196 35 
-109 -51 
61 -7 
-97 141 
-132 -182 
-1 93 
156 -159 
-145 72 
90 50 
184 -112 
-76 -142 
-167 136 
-27 167 
-19 -28 
-69 36 
168 83 
-193 63 
-108 179 
58 96 
-137 39 
-173 59 
4 122 
23 106 
124 73 
-18 -32 
-93 120 
-147 -89 
116 -1 
183 125 
128 144 
5 -144 
-104 -199 
-195 171 
-52 -167 
-163 -179 
138 -107 
-160 141 
-112 150 
77 -154 
-63 128 
-188 171 
-84 186 
-186 -63 
72 38 
59 66 
-190 91 
-51 -74 
-40 94 
-73 -98 
-147 -164 
-160 -129 
4 86 
-185 -65 
-63 -112 
86 -129 
-192 -54 
-140 -166 
-99 44 
20 90 
-77 181 
-52 2 
168 -67 
92 -66 
-50 -191 
128 180 
174 70 
33 18 
-15 32 
-6 -96 
8 51 
125 -119 
131 -160 
58 -165 
-144 116 
33 97 
-61 184 
-1 -148 
61 115 
77 170 
33 -24 
-97 -104 
21 161 
198 -55 
-83 124 
93 -49 
36 -168 
90 193 
-18 128 
-162 -12 
122 -141 
-78 -69 
-33 188 
132 -112 
-170 125 
58 -147 
50 -136 
-163 -155 
-158 7 
-115 -70 
-142 34 
52 -175 
199 52 
147 152 
56 187 
-85 72 
-45 24 
137 107 
-153 -3 
-54 -19 
138 5 
107 95 
-164 99 
-156 -97 
20 140 
89 -110 
148 162 
-40 -177 
-103 157 
18 186 
-167 106 
-167 -174 
100 -17 
144 -9 
-124 87 
-96 -147 
79 -36 
29 -82 
172 -106 
-69 183 
-124 56 
-106 8 
-33 -146 
-79 -172 
-56 -89 
-183 -41 
-128 197 
-69 -81 
54 96 
-28 124 
54 39 
-181 109 
166 -3 
25 184 
181 137 
116 -69 
-134 45 
45 -155 
-78 -33 
199 -126 
20 -21 
-166 -58 
-99 179 
141 56 
186 -23 
196 -193 
-117 144 
-89 -32 
-111 17 
4 -13 
11 -49 
197 -151 
96 -78 
-73 4 
137 -134 
-49 -185 
18 176 
-75 -27 
-159 96 
91 -24 
-144 91 
-70 117 
74 -130 
-40 58 
-35 8 
-130 -171 
-124 -150 
-94 -76 
-176 -65 
66 -2 
-102 -15 
175 -53 
79 -116 
-125 194 
151 -9 
-128 -162 
33 3 
-181 -85 
-199 199 
31 142 
-120 84 
-79 171 
-14 -38 
105 46 
169 -196 
-125 -108 
167 -48 
-149 170 
40 171 
-63 42 
143 46 
-168 145 
180 -11 
32 -109 
-123 -44 
-152 -173 
190 -69 
173 -27 
-99 95 
-133 114 
156 -59 
105 50 
-34 85 
-161 194 
-79 67 
113 -145 
66 -131 
-172 -1 
14 -157 
186 74 
-155 192 
-26 -86 
-199 -45 
-68 145 
-111 -27 
-180 131 
184 167 
92 -45 
-133 136 
-69 196 
174 47 
56 -135 
49 81 
-1 -34 
-16 -43 
-184 -128 
-33 -97 
159 -60 
-11 16 
51 39 
-70 45 
-166 -150 
-128 -161 
-148 -114 
-8 148 
29 -171 
76 110 
-168 -62 
110 32 
189 -48 
147 77 
4 -96 
148 -3 
79 -188 
-39 193 
79 -101 
16 -28 
16 186 
50 30 
-153 -170 
-194 58 
-69 -115 
-186 43 
140 86 
-14 106 
118 23 
187 107 
-158 58 
-173 -45 
187 95 
104 101 
176 -155 
-181 53 
125 143 
-176 175 
-109 118 
185 90 
-38 -194 
-124 169 
141 -106 
-126 35 
78 129 
-29 91 
74 160 
5 104 
-134 166 
143 147 
45 177 
-68 -64 
-114 98 
-32 178 
-175 -25 
-190 -53 
-136 -163 
-191 -182 
-96 127 
174 -39 
-172 -160 
82 -129 
172 48 
-128 190 
124 -187 
90 175 
-153 180 
38 -45 
-181 -200 
-41 -55 
73 15 
-102 -95 
167 -24 
194 110 
-104 -55 
-140 161 
158 -7 
198 -78 
-124 128 
-172 -111 
-32 -95 
81 -198 
9 -186 
110 -181 
-12 93 
-50 171 
24 129 
50 182 
134 129 
43 15 
-90 46 
-132 161 
-56 -28 
-111 -127 
-111 -138 
-143 -106 
160 -11 
-191 -144 
79 -119 
26 -26 
-29 137 
-66 142 
3 61 
177 55 
145 -102 
-186 63 
156 113 
153 132 
-128 -191 
-123 -82 
-138 155 
-6 164 
-41 112 
43 199 
159 -190 
139 184 
73 -85 
-28 40 
130 65 
-171 -109 
-124 57 
-64 -14 
-39 105 
-67 69 
86 10 
-179 -200 
96 189 
-148 -58 
-114 -112 
21 -179 
76 156 
-188 -44 
110 91 
98 -88 
-35 166 
-191 -139 
181 26 
-188 28 
-192 103 
-166 -156 
-108 -199 
-166 69 
-105 82 
113 35 
-100 53 
153 -30 
165 -59 
113 -132 
-195 125 
-42 99 
-50 55 
-46 -5 
-59 -128 
40 17 
-24 175 
-58 -133 
126 197 
-185 -36 
47 -199 
-14 -160 
-67 -39 
-122 -64 
16 -72 
-121 -79 
-167 69 
197 -153 
-60 -189 
-76 120 
115 91 
-42 19 
-143 -31 
141 40 
-78 80 
45 67 
56 -23 
168 -142 
68 37 
-89 -158 
191 15 
42 129 
103 -114 
-95 34 
57 -172 
-139 156 
193 -54 
-17 40 
-42 187 
85 -44 
63 -87 
-114 -120 
-181 -101 
-161 -40 
140 166 
-192 3 
-129 191 
-104 172 
-7 -116 
195 168 
-62 16 
136 -118 
-90 -135 
198 46 
-80 -192 
-19 -156 
-25 -163 
-52 -50 
180 -135 
-145 182 
-16 43 
10 121 
85 125 
14 -123 
171 56 
-44 -72 
-118 -50 
-104 171 
192 138 
-57 -6 
-39 -147 
-6 83 
-39 -113 
-155 -151 
-131 35 
-191 161 
-36 185 
163 75 
82 129 
169 63 
-23 63 
-198 42 
120 97 
97 -54 
156 142 
54 185 
-90 10 
37 109 
74 -183 
-64 93 
191 6 
-93 99 
78 -9 
-71 186 
52 154 
39 53 
29 171 
-23 13 
-185 -76 
32 5 
6 5 
7 58 
176 -94 
156 38 
47 46 
-79 -146 
137 58 
-104 132 
-145 146 
-173 -175 
-111 144 
174 -47 
-121 140 
-192 16 
-6 134 
-21 71 
-39 -196 
177 -34 
55 12 
117 72 
126 -84 
-67 40 
19 -112 
-19 -125 
-59 104 
-24 -83 
-126 -129 
198 -142 
-199 -136 
-95 -44 
73 -183 
-109 -60 
5 -193 
164 71 
128 12 
-51 -135 
15 29 
-134 -24 
-90 151 
64 -73 
-38 68 
-42 -34 
-90 135 
-62 -38 
-120 9 
-186 128 
-130 -168 
160 6 
195 -69 
113 173 
97 -15 
-133 -79 
95 -71 
59 -56 
13 125 
-117 74 
-139 86 
51 31 
50 137 
162 46 
128 -20 
-38 32 
-3 132 
72 -41 
-94 -182 
155 37 
169 99 
-121 181 
62 -106 
128 -54 
-71 105 
42 177 
-24 183 
172 15 
25 -182 
-104 -83 
-125 -120 
16 197 
48 -34 
72 107 
-68 -119 
179 29 
57 -152 
-101 96 
128 58 
129 179 
92 167 
78 -109 
-197 -61 
-91 -137 
160 -51 
-110 187 
48 -135 
78 19 
146 90 
13 5 
-43 -52 
-27 -131 
-138 74 
-169 44 
-135 -143 
82 99 
-76 64 
155 -31 
84 -121 
-53 148 
146 -35 
184 34 
78 -74 
-131 72 
123 -174 
-32 -189 
166 -55 
184 58 
45 59 
33 -137 
-22 141 
-4 11 
99 -122 
-36 119 
-154 156 
-180 -178 
-11 53 
19 -1 
-113 66 
91 -90 
195 23 
-168 9 
13 -110 
156 21 
103 78 
-13 -137 
3 138 
-170 -8 
29 -139 
12 156 
190 -196 
2 -155 
-91 120 
-124 -110 
-188 36 
-126 -26 
-124 94 
-174 9 
-135 170 
199 -7 
-108 151 
65 101 
-75 46 
-111 180 
-132 -21 
-59 3 
-42 -57 
48 -137 
-24 128 
9 161 
-116 76 
-9 114 
-157 30 
9 -143 
-81 -68 
172 70 
196 88 
21 164 
150 -148 
-10 166 
134 48 
9 -46 
-193 -167 
-144 62 
-172 79 
127 -47 
21 -151 
84 125 
-193 -112 
20 74 
-179 -196 
-114 -179 
-136 70 
-137 -9 
95 149 
-10 -18 
199 -62 
-78 23 
131 -183 
-103 -11 
15 51 
196 -94 
91 -152 
-145 117 
182 -62 
44 31 
178 -140 
129 -163 
141 69 
-178 6 
52 -121 
-178 -30 
46 -22 
149 -33 
-31 -4 
-69 -179 
-198 -177 
91 -107 
138 -151 
17 -61 
-13 -16 
-59 76 
-123 155 
48 -63 
-114 107 
-45 61 
119 -154 
-64 62 
183 -137 
-117 146 
-52 10 
-64 -196 
-156 -195 
-58 180 
95 -197 
163 198 
191 -168 
-54 -166 
-120 -42 
-26 4 
-48 12 
168 199 
0 195 
-38 -144 
-88 -55 
-39 70 
-199 -32 
-73 9 
93 -87 
190 -123 
-162 27 
171 -178 
21 -40 
-49 -111 
-11 -163 
-27 73 
170 -73 
123 189 
198 -167 
-133 -78 
29 -195 
-190 1 
49 -170 
132 83 
145 85 
102 -67 
-70 155 
56 51 
-194 -114 
-105 149 
56 -55 
-25 -31 
-24 -163 
-71 151 
-5 -181 
-24 -199 
21 191 
126 -55 
-38 -121 
-91 -131 
121 197 
-90 179 
95 109 
149 -125 
-65 -162 
104 -119 
-143 153 
-37 -62 
-62 -109 
119 79 
-35 37 
-131 79 
-35 -48 
-74 -171 
-77 165 
6 -81 
117 -71 
-61 108 
25 -154 
-38 -149 
-40 -53 
168 170 
132 -67 
-37 177 
-162 71 
155 -190 
88 173 
-33 -48 
-64 -94 
11 -152 
-32 95 
183 96 
-44 -129 
-96 -115 
-51 -37 
87 -27 
82 -175 
83 173 
158 68 
156 20 
22 -124 
3 -32 
19 165 
60 186 
-47 -178 
92 -48 
-22 -120 
-84 10 
108 -110 
-125 -179 
-163 155 
-119 140 
-84 -196 
-2 -154 
-71 104 
-107 -8 
105 0 
-19 58 
-4 -125 
-23 -153 
76 -12 
-93 -186 
44 -128 
139 -49 
-153 -78 
-140 38 
-158 -143 
-81 171 
-5 -187 
89 170 
-1 143 
24 157 
192 182 
32 -121 
-171 53 
32 150 
188 -46 
72 98 
-12 -193 
93 -67 
-8 -196 
59 29 
-154 -167 
101 -11 
125 -95 
109 181 
102 -176 
-139 -38 
-40 -194 
108 28 
-169 46 
-66 -160 
-83 -88 
-26 -116 
-177 -45 
152 -135 
28 3 
125 -197 
-126 -154 
164 114 
46 -21 
49 169 
161 -15 
70 -134 
-7 136 
-68 -129 
85 -180 
11 -156 
94 60 
-39 161 
-51 -76 
143 193 
138 -112 
-172 -155 
41 -97 
166 -25 
-72 -93 
195 99 
-17 89 
-116 191 
135 44 
-62 60 
111 -43 
171 99 
-17 162 
94 71 
187 9 
-80 100 
59 -106 
137 -148 
-171 52 
-94 56 
65 22 
99 30 
-38 7 
-17 83 
8 -45 
197 109 
107 -53 
-170 -29 
-109 -18 
130 140 
190 -81 
-130 112 
81 -133 
-186 86 
-78 -127 
156 -182 
40 36 
135 105 
120 -134 
-147 156 
40 -174 
21 -186 
-93 -104 
-195 52 
52 -61 
127 -88 
-135 -82 
166 -179 
9 106 
-79 -101 
146 57 
56 -166 
197 145 
-79 7 
82 76 
86 -75 
101 122 
-149 -123 
56 179 
42 36 
-194 41 
-19 -32 
94 162 
151 19 
-126 -19 
-22 -109 
145 148 
-71 -72 
96 57 
106 129 
179 76 
86 23 
88 -87 
30 4 
95 82 
122 138 
178 -77 
-36 -178 
57 107 
-35 -129 
-183 81 
-66 -107 
-22 87 
-143 101 
88 39 
-187 114 
-138 -9 
169 49 
-58 102 
-107 67 
4 -7 
-58 87 
69 12 
-136 -67 
20 143 
115 198 
90 -90 
-185 103 
161 -85 
-38 -91 
-105 138 
-77 170 
146 -133 
-9 75 
-125 49 
146 -135 
46 112 
-37 101 
4 -107 
-142 32 
-159 -158 
154 -150 
180 -21 
-64 -55 
71 -130 
23 108 
-166 50 
159 -39 
137 123 
-197 66 
-143 42 
-5 -127 
-3 178 
-135 -117 
-94 130 
-88 -66 
161 -99 
167 -8 
-46 -188 
109 68 
-142 -172 
-169 101 
18 75 
-66 191 
-34 -109 
25 171 
164 -35 
75 -67 
4 -123 
83 110 
48 83 
68 -11 
-51 -172 
-84 -162 
56 184 
-109 137 
190 -134 
97 124 
-9 -95 
153 83 
-105 -148 
58 -150 
-109 55 
-199 -75 
-71 -98 
-8 -184 
102 -123 
-98 -101 
-45 71 
134 -60 
100 98 
50 101 
-107 168 
-166 21 
-193 -162 
-174 -140 
112 66 
-195 62 
-168 108 
117 -129 
-28 76 
-5 -14 
25 77 
-2 -21 
67 -141 
149 127 
23 142 
-38 40 
-196 60 
-117 -160 
-89 -135 
-54 -22 
-78 -98 
21 -136 
149 173 
165 -12 
-168 -38 
171 -192 
-188 152 
194 -97 
-191 74 
84 168 
39 -143 
-90 199 
62 -39 
91 -43 
-52 34 
-193 -37 
138 -90 
99 163 
-157 81 
133 -164 
166 96 
103 109 
109 -42 
108 199 
-129 136 
-145 -62 
58 -81 
31 67 
-91 -15 
-133 -153 
-140 -157 
36 27 
23 -104 
45 -53 
43 -162 
193 69 
72 -139 
-90 -64 
-47 -183 
126 35 
76 -126 
6 161 
98 -80 
-96 -88 
44 86 
-31 -114 
-86 -127 
-77 -53 
191 -140 
91 27 
-91 174 
-165 26 
-57 -4 
-111 -158 
-134 -110 
-184 -92 
42 -178 
-133 -83 
-120 -41 
169 46 
-37 113 
192 85 
-168 68 
166 -146 
-174 -74 
-139 -114 
134 -178 
137 70 
-10 196 
126 -155 
97 180 
-15 -109 
-158 -64 
133 -74 
167 74 
41 -125 
-69 163 
35 -72 
67 195 
84 114 
141 46 
-109 73 
-64 -187 
-62 75 
129 54 
14 3 
-11 -25 
-114 24 
4 99 
-136 -144 
-2 -42 
174 64 
8 -134 
-102 -190 
-24 -131 
-193 111 
-93 155 
-122 192 
186 41 
178 -88 
-39 -187 
-181 125 
-4 48 
-125 -99 
23 181 
-93 -24 
197 70 
-17 59 
111 9 
79 30 
177 74 
76 50 
-57 74 
-72 163 
14 182 
-118 -15 
-129 -33 
-111 -33 
164 24 
-101 -62 
197 -58 
107 198 
58 -41 
62 112 
186 -81 
-124 -81 
150 -13 
128 -179 
30 -198 
-146 33 
-178 138 
179 119 
4 -73 
153 175 
169 92 
138 141 
192 1 
136 -160 
3 -12 
-112 167 
-113 -4 
137 -109 
-59 -168 
-71 67 
20 -34 
-173 37 
27 -170 
-14 -170 
15 -16 
-8 14 
64 97 
-19 -37 
-66 59 
-119 -114 
-184 104 
-130 131 
91 17 
-6 -75 
147 -178 
35 -122 
11 46 
77 88 
85 18 
153 33 
74 -1 
130 102 
114 -162 
-73 -106 
-171 51 
156 30 
32 27 
142 103 
-116 -7 
61 104 
-72 -28 
-15 -2 
-112 96 
-28 -109 
33 -198 
-174 4 
175 -54 
-53 185 
-177 89 
146 -27 
-100 -133 
-96 -25 
-157 12 
34 -159 
87 43 
24 44 
88 135 
-175 -32 
-114 145 
-122 144 
-65 128 
-104 -13 
-110 -67 
-26 85 
-18 -17 
93 131 
33 -20 
-115 16 
122 -84 
176 117 
79 62 
1 -192 
-148 74 
-193 -198 
-169 182 
-24 -147 
-182 130 
-24 120 
-46 76 
-140 -138 
164 -112 
39 -48 
162 -17 
83 -20 
-154 -81 
-99 168 
179 -200 
18 -113 
139 165 
-190 -113 
178 -165 
-128 -68 
-79 107 
168 -3 
123 38 
3 38 
139 -169 
-178 48 
82 -146 
-4 26 
-196 35 
60 -148 
-184 73 
-78 -17 
-9 -86 
-200 -173 
85 199 
26 -80 
1 139 
-9 69 
139 -21 
-53 50 
195 98 
97 -55 
1 -8 
25 154 
69 -121 
106 -58 
-139 -143 
-110 33 
83 179 
-16 -124 
93 59 
-127 -116 
50 -55 
28 -90 
91 142 
194 177 
181 -152 
55 -14 
169 162 
178 198 
-11 -200 
77 -42 
118 -20 
-60 18 
-4 -78 
87 -119 
44 15 
-185 140 
117 7 
-77 -45 
-159 -99 
91 -114 
38 67 
83 65 
-135 -9 
-105 128 
-157 66 
-64 -124 
34 -18 
97 -71 
-27 -171 
198 -46 
-182 73 
-95 -157 
-132 -57 
95 40 
72 -137 
-114 185 
192 136 
85 -139 
-36 12 
74 -35 
71 30 
-62 150 
6 17 
-74 -178 
-44 -145 
-138 -94 
-112 -51 
131 135 
192 189 
191 66 
197 -23 
47 -29 
177 73 
33 102 
17 12 
143 102 
-7 34 
-89 193 
55 -186 
50 -138 
-77 -26 
-25 -88 
86 -32 
-134 -47 
-49 -33 
-177 74 
86 67 
-69 110 
-149 -7 
-21 -142 
-114 167 
-140 79 
131 26 
10 156 
-91 -64 
153 -60 
-89 89 
-182 -98 
114 28 
13 -58 
-67 137 
150 174 
-109 68 
137 -1 
-159 -150 
-75 22 
-69 79 
52 78 
169 48 
-58 -118 
111 -84 
-63 0 
64 163 
-35 -187 
150 -68 
46 102 
-158 19 
93 -130 
134 113 
-68 -70 
14 -124 
-138 19 
40 -44 
-47 -75 
39 164 
-34 -168 
14 -60 
16 -172 
-62 10 
129 -1 
121 -102 
-164 -183 
166 146 
-111 -91 
-136 3 
-28 -27 
-22 102 
151 27 
-179 159 
49 129 
84 -64 
24 -8 
-3 -29 
-163 63 
-25 14 
50 20 
19 98 
-165 -29 
8 -128 
148 -187 
182 129 
-1 155 
-157 -38 
136 54 
-111 -17 
-189 -176 
30 0 
77 -199 
-172 55 
-81 -107 
195 -57 
150 20 
84 -124 
70 2 
183 104 
17 190 
-163 163 
32 -149 
143 70 
35 109 
36 -92 
-154 132 
179 -171 
13 -91 
-180 -192 
-103 198 
-30 -110 
-152 143 
90 86 
99 -136 
-152 128 
178 2 
-176 194 
-74 -22 
-116 -12 
23 138 
-15 43 
-47 190 
-178 -15 
36 -93 
-83 -174 
-59 193 
-162 -15 
75 141 
126 172 
-175 14 
128 118 
172 25 
134 197 
90 -130 
93 79 
165 159 
108 -114 
68 159 
-195 188 
61 54 
-106 133 
-172 103 
87 -50 
55 47 
-5 156 
-147 145 
45 -22 
-200 -89 
133 71 
-58 27 
-132 80 
-68 -30 
164 127 
100 -149 
100 64 
56 61 
-147 -199 
-62 -196 
138 -67 
-4 -130 
-1 90 
28 94 
-141 20 
-53 -101 
-54 192 
-71 -7 
-12 -122 
160 90 
-110 18 
-60 -76 
-26 -33 
185 -145 
150 92 
57 193 
30 139 
-185 -17 
190 14 
-45 160 
128 197 
78 83 
53 18 
110 -85 
27 103 
-6 90 
104 105 
27 -75 
-78 170 
29 43 
-60 -109 
-24 0 
37 56 
40 -24 
-54 32 
-20 12 
-186 -71 
-171 -182 
76 -179 
-89 -12 
-126 -11 
-93 -163 
126 -114 
-64 -174 
-70 -135 
-96 77 
177 78 
0 -6 
118 -170 
114 -50 
24 0 
-135 93 
-93 110 
-132 -128 
-189 93 
-194 81 
-173 67 
-171 178 
-1 66 
162 -188 
-145 -115 
-81 54 
198 -155 
26 143 
-158 -8 
-58 -86 
-17 182 
11 -117 
-189 25 
-83 9 
-148 43 
51 12 
77 145 
-102 -72 
-179 -32 
145 96 
31 -38 
125 -152 
-61 129 
-24 -108 
-184 -122 
135 -86 
63 -116 
192 32 
193 -132 
-75 -170 
-148 -15 
-58 -165 
75 68 
-125 -38 
-176 -112 
31 -27 
111 190 
92 189 
-200 14 
131 -131 
-67 -38 
53 -125 
184 -117 
-140 -33 
-127 -124 
-25 -92 
-41 -173 
167 136 
123 -102 
151 170 
-133 16 
-198 64 
-40 -38 
-15 -90 
42 41 
6 -136 
76 70 
-153 71 
-105 -18 
36 177 
-5 -16 
-65 -134 
-68 19 
-140 -41 
115 62 
-158 -70 
75 114 
-63 133 
-10 41 
-36 -128 
-28 12 
-155 -167 
17 -55 
-156 15 
93 -90 
144 -26 
-60 125 
-4 76 
72 156 
-12 -140 
-174 133 
-114 153 
97 -19 
-45 7 
-51 -200 
-148 139 
-149 -96 
-178 197 
-10 100 
-134 -194 
7 184 
-195 139 
166 -117 
-73 -89 
-14 -91 
118 179 
122 -122 
-78 -158 
-200 -121 
179 -4 
152 -99 
51 -56 
172 -131 
-187 -172 
-186 146 
61 184 
28 149 
-134 -140 
-106 -134 
40 165 
-162 99 
4 -162 
40 -73 
125 -171 
7 88 
174 -23 
46 183 
185 -13 
-117 -101 
-87 -110 
84 -59 
72 32 
115 -199 
122 -39 
114 -144 
-149 89 
-163 7 
-24 23 
171 -64 
-77 -119 
46 159 
-132 144 
-36 150 
-98 73 
-155 -195 
100 117 
-170 -113 
-74 107 
10 -60 
-136 -199 
-28 158 
28 190 
18 -59 
186 -77 
17 -93 
-180 -19 
84 199 
158 -193 
-62 123 
-67 -83 
-92 -34 
81 -90 
178 -170 
-30 70 
-101 -134 
55 19 
199 91 
189 -137 
95 114 
183 -108 
190 -145 
1 21 
106 23 
-87 -163 
-5 121 
16 -185 
-44 -16 
-187 -145 
139 -31 
-52 -143 
-79 130 
-43 -141 
24 -154 
-121 78 
-55 -148 
34 -89 
168 -178 
100 -49 
-182 -124 
-165 185 
126 -35 
70 62 
-27 -111 
-128 149 
96 147 
-74 -5 
-47 -96 
134 151 
-79 -28 
145 -185 
-57 -45 
-87 -139 
-170 -180 
147 -173 
35 74 
-146 -90 
-74 -83 
-132 -14 
-80 129 
-149 41 
124 -198 
-43 119 
-137 46 
-9 -96 
-7 -72 
-100 -78 
45 -122 
-27 151 
140 53 
-164 196 
144 68 
42 -8 
-184 -87 
-10 -71 
149 180 
146 -169 
-127 -97 
181 166 
183 177 
-122 140 
-29 -133 
175 136 
152 7 
-106 -17 
192 -79 
97 153 
110 61 
174 -187 
42 195 
45 -61 
165 178 
-112 53 
100 -14 
-137 33 
-100 -93 
-96 -47 
-67 -166 
-50 -11 
182 -71 
-25 -148 
83 -18 
15 -50 
147 65 
122 -54 
-98 -109 
-143 -194 
-194 -20 
169 172 
-114 -79 
80 73 
-116 -190 
-145 129 
127 187 
-109 -22 
-120 -117 
44 8 
-39 -37 
129 -53 
-1 79 
-81 30 
176 -45 
-169 171 
19 148 
-37 -195 
193 122 
-37 -1 
-47 60 
6 177 
51 -144 
-88 58 
-98 96 
91 151 
35 -129 
93 124 
29 -70 
33 137 
99 139 
-21 111 
-140 -116 
137 62 
-147 76 
-34 108 
-56 -41 
-64 -200 
110 173 
105 -96 
-110 -86 
-200 87 
-109 177 
153 -161 
141 159 
105 -129 
9 125 
-62 47 
141 -183 
-52 -195 
-31 -181 
-97 32 
52 -49 
-115 113 
78 -106 
46 90 
-23 -158 
-167 -95 
152 126 
129 170 
169 -23 
-43 -182 
1 42 
-94 -105 
46 95 
-194 -31 
-7 -71 
79 132 
-82 -178 
18 -64 
-194 -19 
133 116 
154 134 
36 -84 
-109 -48 
-99 -136 
17 -135 
37 107 
-100 21 
-183 -106 
-72 47 
87 142 
-87 -7 
-107 -160 
-128 -19 
8 2 
-135 -26 
-12 -113 
45 129 
-10 -27 
-111 -132 
-73 -36 
139 112 
-128 19 
178 -11 
83 62 
-50 8 
185 126 
138 -59 
25 0 
97 129 
-191 -188 
-36 115 
97 136 
-127 24 
-61 -5 
-90 -23 
169 110 
18 -183 
-53 187 
-98 140 
-36 -52 
-135 -101 
-189 170 
124 -34 
-64 42 
116 66 
179 -50 
-15 164 
-85 187 
-79 152 
75 8 
-144 115 
63 -139 
35 -148 
-79 -187 
-97 -177 
-46 122 
176 75 
-83 181 
-163 -166 
-134 86 
12 -117 
-200 -49 
-164 54 
1 -174 
165 130 
127 -114 
166 -92 
-78 62 
40 -71 
-95 9 
109 -162 
-117 -41 
-85 178 
-158 -44 
121 -141 
-179 -9 
-90 -154 
-81 -127 
-3 172 
-84 3 
35 -49 
-5 -105 
-184 105 
82 122 
162 -149 
-35 -22 
8 -133 
-173 96 
-44 34 
134 3 
191 14 
-181 106 
-111 -136 
185 6 
-155 -159 
130 -71 
-160 -198 
-56 21 
-33 -45 
21 53 
-139 160 
133 -28 
-7 35 
-106 97 
-140 -150 
-60 -21 
168 -136 
-112 -8 
127 -68 
-17 -178 
-69 -194 
17 -45 
117 44 
54 -30 
-184 -26 
153 113 
-21 -130 
-172 -107 
-49 186 
75 -160 
75 105 
-47 -156 
-19 -149 
30 136 
-163 -29 
-182 -51 
-126 16 
148 63 
135 -62 
135 -73 
99 88 
134 47 
-169 12 
57 -67 
-166 -110 
123 -186 
141 108 
-178 108 
85 100 
120 -178 
-61 -198 
163 -16 
22 73 
-100 -152 
179 -193 
34 145 
-5 -180 
128 -24 
101 125 
-142 -150 
188 163 
76 115 
28 97 
122 -128 
90 -9 
186 -91 
-79 91 
134 -72 
194 -11 
23 4 
-161 150 
158 -73 
140 22 
-125 -160 
185 -191 
-151 89 
143 170 
-94 -13 
-68 97 
-89 -200 
100 59 
-149 139 
-186 -25 
-97 -118 
-33 -19 
141 -111 
33 41 
136 158 
74 142 
46 132 
114 112 
169 180 
-151 -75 
-155 -199 
-17 -129 
-65 57 
-198 -133 
77 197 
-157 150 
103 -100 
-172 -167 
141 165 
-10 -26 
-190 -124 
-42 -32 
47 -141 
117 -167 
143 -7 
19 -159 
171 -159 
-173 -161 
-134 -5 
-155 -112 
-88 -191 
-70 -191 
112 -69 
107 54 
-74 -85 
-165 -118 
113 -111 
50 -179 
-44 -32 
10 195 
-109 124 
-34 -142 
-30 -99 
-159 122 
140 -60 
-7 -49 
78 188 
176 -81 
-81 -93 
-48 -193 
-113 145 
125 33 
-171 175 
172 23 
198 -128 
-172 -179 
167 78 
-115 -58 
-41 -48 
-85 186 
-180 62 
2 96 
152 -5 
191 -77 
-115 -98 
-161 -116 
136 24 
31 188 
116 193 
168 111 
76 149 
8 31 
86 -51 
-117 132 
-177 52 
165 106 
-88 174 
122 -61 
81 -32 
98 69 
-151 -104 
47 -50 
-92 141 
8 -29 
10 -91 
141 -75 
148 -2 
-145 -26 
-120 -1 
-194 -178 
167 -188 
24 -164 
85 -31 
25 61 
176 10 
40 135 
-71 -45 
-123 119 
-197 -70 
132 -110 
74 187 
83 -104 
29 -153 
118 58 
89 152 
-135 151 
-80 106 
-196 -70 
-188 104 
132 -128 
55 -104 
-49 -52 
-166 -16 
-188 -161 
-136 -139 
-58 23 
-124 74 
13 155 
177 -181 
43 55 
89 -177 
127 177 
23 -163 
171 175 
110 29 
116 -86 
107 63 
-6 196 
75 -34 
-169 128 
-96 146 
-166 16 
155 26 
168 69 
-125 182 
-91 -7 
62 130 
-180 -66 
177 23 
2 -110 
87 -21 
-199 67 
39 -36 
-19 -142 
123 -167 
24 146 
157 -166 
54 -152 
-12 50 
173 148 
184 99 
108 -111 
-92 -39 
159 -24 
67 -199 
-98 65 
-149 197 
71 177 
21 171 
82 190 
175 82 
-16 -63 
-16 151 
4 -192 
-159 -1 
-96 11 
84 -143 
-134 -76 
93 55 
95 -181 
149 124 
-117 25 
176 -116 
35 32 
40 104 
-151 148 
43 -139 
-28 -55 
29 -168 
-67 -200 
9 68 
-143 152 
37 -179 
-33 -166 
-126 152 
189 -113 
54 -72 
-112 134 
-115 -123 
135 5 
193 -7 
177 141 
-30 -61 
-183 -133 
19 -97 
-133 183 
77 -155 
-148 185 
-117 4 
155 183 
-95 50 
-86 -61 
-25 140 
-148 17 
-112 -149 
-55 -93 
50 -117 
-54 -90 
-169 -2 
-111 -106 
27 102 
-143 -72 
83 40 
-193 -28 
-170 45 
-37 47 
-108 158 
130 -193 
-81 169 
85 173 
-196 -25 
-51 -141 
105 -179 
131 189 
-105 -76 
-20 -130 
169 32 
-8 88 
11 49 
139 86 
78 160 
-129 162 
19 145 
-74 -68 
-168 -59 
101 -163 
70 159 
67 23 
183 -155 
-82 108 
142 87 
-80 -125 
184 5 
54 19 
-122 -183 
108 40 
155 30 
100 62 
24 -107 
38 186 
-105 96 
49 -124 
143 60 
124 -106 
-75 88 
74 14 
-63 66 
-116 175 
-114 137 
31 87 
-142 118 
-162 129 
-16 -52 
118 -162 
118 133 
86 -110 
-144 41 
-90 101 
-142 61 
27 80 
63 -180 
5 -28 
-51 -53 
42 174 
-136 -89 
52 36 
69 -29 
-153 116 
-117 -33 
187 199 
-196 54 
-126 -28 
80 -123 
150 147 
-64 -52 
149 -42 
-73 180 
108 -122 
-27 192 
7 -157 
176 -128 
130 143 
111 198 
-31 123 
165 -5 
47 -96 
-77 142 
19 52 
157 -140 
54 110 
70 26 
-80 -64 
170 -29 
33 133 
38 146 
12 121 
-157 181 
5 173 
-15 149 
-55 -29 
195 198 
49 173 
-109 -145 
-52 171 
-160 186 
84 150 
-18 -79 
57 58 
8 -96 
-200 37 
-35 -111 
-130 -28 
-143 -55 
141 175 
128 -126 
-136 -11 
140 46 
-62 127 
-58 2 
-148 -62 
-49 112 
121 142 
-107 -1 
-22 -172 
-27 -198 
-133 -188 
129 31 
193 -103 
180 102 
-167 -100 
128 108 
195 102 
-64 174 
9 16 
44 134 
75 18 
26 -30 
-33 -98 
-68 168 
-145 93 
24 -36 
-156 -41 
28 -190 
-148 -21 
-179 184 
112 -114 
-77 140 
65 -196 
-63 127 
82 -30 
-114 175 
-30 -191 
-68 -94 
26 -175 
179 83 
-174 -137 
-11 175 
-46 82 
109 -14 
-14 91 
-187 2 
72 -178 
-23 118 
-61 36 
-143 -188 
127 -81 
188 130 
-120 -183 
-90 -59 
-120 -149 
-194 -121 
7 -194 
197 -142 
149 -3 
130 60 
-127 67 
15 -23 
48 -65 
77 -136 
43 -129 
-126 -123 
-100 50 
63 -3 
-52 -177 
-88 99 
-127 121 
-62 -200 
18 24 
-107 10 
86 118 
-69 187 
174 -155 
-82 140 
-5 1 
-113 -46 
52 103 
-87 143 
-87 -12 
-157 -32 
143 -8 
-61 143 
-121 -55 
-20 -118 
110 47 
10 -74 
-106 -107 
196 120 
-156 110 
-147 -100 
65 -193 
-129 19 
90 137 
84 -82 
-35 -16 
-88 84 
160 29 
-2 -6 
22 -91 
-68 119 
-109 155 
-185 -200 
-81 -24 
-199 -150 
-71 -189 
125 -104 
178 -143 
-169 -55 
-132 172 
180 84 
-45 76 
73 30 
139 -43 
112 -109 
-37 18 
-150 113 
-47 185 
-35 25 
84 52 
195 -178 
186 100 
153 177 
-73 195 
-184 -93 
52 105 
-94 -51 
32 -192 
128 73 
-186 175 
6 53 
-24 153 
185 161 
79 -161 
-156 -10 
-8 -137 
198 -143 
-77 45 
-107 88 
-153 -161 
190 176 
28 -82 
-17 149 
-57 -170 
-94 -46 
-103 -152 
-120 -48 
-69 160 
-167 -196 
89 -162 
-146 -167 
145 -153 
155 -178 
36 3 
146 -184 
-157 -123 
193 1 
34 -19 
138 -110 
67 -176 
-66 29 
57 -198 
141 83 
-121 162 
-36 -100 
-181 -22 
-192 -71 
92 158 
158 -69 
-151 94 
-49 172 
192 -128 
-128 -6 
-196 146 
-130 -44 
-32 119 
-51 -160 
22 124 
-25 -27 
27 -54 
-156 195 
-166 -141 
-50 -65 
-197 108 
-62 -22 
-117 104 
-194 -46 
23 -13 
134 172 
130 157 
-190 -174 
156 53 
-180 -122 
62 181 
-151 -16 
44 72 
67 -52 
61 -65 
175 -111 
100 82 
-23 165 
-125 186 
-97 -151 
-156 136 
-20 -106 
172 -68 
-149 -127 
93 -84 
-138 -109 
97 -5 
144 -187 
-112 91 
-83 145 
-173 189 
172 -164 
-122 3 
54 -143 
61 -105 
148 -31 
109 152 
48 -158 
198 -84 
-69 -60 
-21 -63 
-87 27 
120 -180 
158 -114 
-13 -30 
-66 -31 
-185 -48 
-90 182 
87 23 
-198 46 
62 99 
112 -46 
35 2 
135 -104 
162 49 
-88 -93 
-105 15 
102 73 
103 -54 
6 -164 
-170 -30 
-87 -46 
-68 -142 
111 -49 
48 60 
79 166 
-193 167 
20 29 
197 -140 
150 -43 
-134 186 
-68 147 
-191 45 
132 133 
-180 -184 
97 -197 
-3 -63 
157 83 
-124 -194 
-38 6 
122 -99 
43 -31 
116 -94 
164 -156 
41 94 
71 198 
28 -24 
-85 158 
-50 -13 
-163 -98 
-76 -152 
105 -200 
-155 -80 
-32 76 
-4 41 
125 -146 
-176 133 
-92 96 
-83 84 
-32 144 
152 -148 
-170 70 
-130 -178 
124 115 
-178 188 
-152 -111 
65 -153 
176 125 
-35 67 
86 -191 
36 96 
134 -66 
-196 -88 
166 -30 
-134 179 
103 71 
41 -8 
-120 -174 
117 158 
-159 84 
140 -23 
-81 -196 
34 62 
46 -130 
-68 -188 
186 95 
95 -105 
142 -58 
-15 14 
-184 -58 
-99 144 
187 -49 
175 80 
-143 125 
-138 -29 
66 -63 
62 106 
146 191 
60 64 
-33 93 
-68 87 
-88 146 
79 50 
-148 -91 
-77 39 
-38 -153 
77 190 
83 -63 
44 179 
137 -180 
47 90 
-135 69 
-98 45 
181 -74 
97 134 
-69 -52 
110 -118 
39 -117 
-174 73 
42 -53 
-118 -167 
50 -53 
-70 171 
4 35 
-41 98 
28 -5 
197 81 
0 -135 
-83 168 
164 -95 
177 -54 
96 138 
23 32 
-44 -133 
-111 -157 
3 43 
120 167 
185 63 
-165 182 
188 -71 
52 117 
195 -25 
-199 98 
-178 -135 
-60 -90 
-161 -192 
-149 -129 
-68 198 
189 157 
-129 134 
-119 164 
-101 147 
0 -81 
-57 109 
-185 114 
181 -9 
136 -35 
118 -166 
-103 173 
-60 -191 
-102 -158 
29 -51 
-83 38 
186 -163 
-105 -184 
159 -157 
-138 58 
-36 -120 
-7 75 
-89 28 
37 -40 
-121 -166 
-7 -29 
159 194 
-138 -161 
94 -162 
-4 165 
-148 176 
17 -40 
-164 -131 
48 -195 
192 24 
-25 -49 
40 -159 
-67 92 
103 196 
-10 -190 
104 125 
-35 31 
-50 -195 
-61 -91 
103 -192 
-74 182 
135 -132 
-189 -144 
141 31 
175 186 
-166 125 
34 -193 
146 47 
125 174 
-15 48 
153 86 
181 83 
64 128 
-140 -145 
44 96 
-162 66 
-46 -84 
4 64 
-53 -77 
116 -47 
-103 169 
-92 -163 
186 -48 
34 -63 
139 -28 
-173 -48 
47 107 
157 104 
-1 135 
-68 36 
175 92 
191 -158 
-41 180 
-186 170 
-32 -139 
2 98 
69 -131 
114 -135 
97 5 
-164 -9 
-158 -11 
-185 -40 
-125 94 
149 115 
141 93 
-41 -119 
172 38 
105 -38 
-74 102 
-172 -184 
-61 57 
26 61 
-110 162 
-10 124 
127 -110 
21 -84 
9 20 
45 171 
-200 -126 
128 16 
130 -198 
-47 13 
49 19 
135 86 
-27 -153 
84 -140 
98 148 
182 165 
-129 152 
-191 9 
161 162 
-11 109 
184 -198 
55 67 
111 -130 
163 -40 
-156 -5 
-69 -43 
-192 183 
-126 137 
-66 49 
107 -35 
128 83 
-91 -101 
-65 -117 
137 -141 
-82 6 
-128 139 
-126 -27 
143 -80 
166 66 
19 -117 
-187 95 
163 50 
16 122 
-49 -22 
-144 -195 
-56 -176 
-127 35 
-78 -99 
90 -74 
96 -195 
-179 -128 
91 57 
-21 -159 
-123 -33 
-4 33 
-132 88 
-50 -147 
-7 -6 
146 -3 
-13 -145 
-4 -66 
-181 141 
91 -110 
-25 116 
-134 85 
11 17 
-23 22 
101 -20 
-196 -130 
168 132 
-174 -155 
46 169 
-42 113 
-77 50 
109 -192 
-58 -20 
75 192 
-137 -164 
114 -44 
191 109 
-91 -53 
-115 25 
-51 63 
-130 -12 
145 194 
36 192 
199 -2 
-196 65 
140 -72 
-96 -184 
-76 -163 
57 135 
148 -66 
-70 125 
-107 -35 
-6 -157 
-77 -163 
-130 52 
50 83 
66 -163 
-32 130 
198 150 
-136 18 
194 -115 
116 163 
45 158 
-70 72 
-51 -145 
-103 -149 
-99 174 
-55 -102 
-1 -111 
29 -40 
28 -161 
150 190 
184 -87 
153 134 
2 -170 
32 128 
-179 -150 
39 -92 
94 145 
-120 173 
98 0 
-61 33 
-25 -105 
102 -157 
122 -147 
-200 151 
175 6 
-63 -174 
-76 -190 
-151 -101 
61 5 
166 -18 
-49 -31 
-58 -159 
23 -72 
76 -156 
45 -197 
-30 -32 
-129 107 
84 16 
-15 123 
147 117 
151 -175 
-111 42 
133 76 
125 -151 
76 -71 
-157 -155 
136 35 
88 51 
-185 10 
197 185 
161 91 
-18 24 
-193 -73 
169 -148 
139 -179 
157 -2 
-6 -132 
-13 -73 
17 -102 
87 176 
-24 -70 
129 64 
114 -194 
106 20 
118 -114 
-26 -68 
30 162 
179 189 
98 -106 
-101 130 
20 194 
172 73 
0 169 
-18 -96 
-47 65 
-135 -44 
-176 8 
3 -166 
177 -28 
147 136 
35 -163 
127 -51 
115 -19 
39 113 
1 -55 
-122 112 
-70 -163 
-30 69 
-176 124 
-184 -186 
19 105 
188 87 
-60 -55 
68 89 
53 34 
-156 -159 
59 166 
-159 88 
98 -159 
-161 -57 
0 149 
-129 -65 
61 6 
64 165 
-55 103 
166 197 
93 25 
1 -82 
-124 -131 
161 -20 
-62 142 
42 -18 
-168 8 
148 -97 
-155 109 
46 -105 
-83 -159 
-194 135 
-187 -22 
14 26 
-175 -8 
-44 2 
4 57 
-157 162 
176 175 
-46 23 
81 -85 
130 29 
-14 -85 
-48 -87 
-130 -36 
26 -93 
-104 31 
15 -113 
-49 25 
54 113 
123 79 
-88 -42 
49 183 
79 -65 
-110 -41 
39 -101 
-178 143 
166 124 
62 44 
179 -163 
15 -90 
187 8 
-161 44 
-127 65 
-182 104 
-183 103 
-3 -32 
71 -123 
168 189 
40 35 
103 -65 
-29 -65 
-93 -43 
191 -188 
102 -58 
-12 121 
-86 -9 
194 -158 
-72 138 
10 -67 
139 -176 
114 85 
-78 59 
50 45 
-41 150 
-68 42 
19 71 
127 34 
-62 -88 
-182 75 
168 -61 
51 147 
-92 86 
-98 87 
129 -108 
-36 -70 
-69 -121 
144 -33 
-17 -200 
-40 192 
60 -144 
-82 -129 
143 17 
35 105 
73 53 
137 106 
-15 -159 
-26 185 
-122 -89 
-23 110 
-21 -113 
-129 123 
-79 194 
-159 64 
15 -11 
-71 41 
102 80 
116 169 
-168 12 
-123 102 
96 -98 
-188 -143 
141 95 
120 163 
-93 -122 
-72 -158 
47 31 
-106 -51 
-122 -22 
162 183 
102 101 
-118 -90 
100 60 
-135 88 
111 -6 
-119 190 
-124 -179 
-174 -189 
177 46 
98 -36 
154 96 
-176 -4 
135 -170 
36 -15 
78 121 
54 48 
-162 34 
-64 83 
-165 -189 
163 -139 
-52 -57 
-196 152 
45 142 
-100 -69 
196 167 
-183 31 
-92 -13 
38 -13 
151 47 
-174 -11 
69 -77 
33 99 
157 49 
-154 -141 
-25 124 
-86 -167 
126 22 
187 181 
197 -3 
-97 142 
-6 -153 
12 -92 
27 36 
-12 189 
34 -39 
191 93 
171 108 
-58 -70 
168 42 
-58 79 
-112 14 
58 -155 
-128 46 
-21 -84 
-85 62 
-180 -28 
32 119 
-100 -118 
-60 -96 
179 -184 
-175 -132 
-43 -71 
-59 -107 
-50 -131 
-160 176 
-78 -84 
-70 75 
-69 169 
113 94 
108 57 
-127 195 
8 185 
137 142 
-135 125 
43 -47 
199 193 
32 -130 
-135 16 
-7 112 
121 -180 
-189 -36 
-49 -24 
65 181 
199 -159 
-170 -9 
-17 -9 
88 -24 
-170 -176 
98 120 
110 48 
133 73 
-37 -101 
18 13 
1 137 
-170 -198 
107 -105 
93 -189 
17 -27 
143 -123 
3 55 
0 -95 
-142 -79 
-63 -173 
-109 -57 
79 25 
63 92 
-163 146 
175 67 
-107 22 
-75 -119 
-41 179 
43 -28 
84 -119 
96 -4 
-111 78 
64 -95 
-65 -164 
43 -165 
-121 -97 
-171 -65 
-150 -41 
-159 113 
-127 19 
83 -73 
15 -26 
69 60 
-153 34 
-68 195 
-180 178 
-175 139 
-99 182 
-114 -87 
18 -122 
-129 101 
-69 -106 
21 40 
-180 -90 
173 -119 
7 145 
4 134 
62 111 
166 128 
-84 -194 
20 179 
-93 3 
112 -58 
138 60 
17 -23 
-11 190 
-189 46 
-194 -184 
-156 -127 
-118 68 
-114 -80 
91 -184 
-117 153 
-198 -27 
140 -45 
-6 139 
-173 -31 
-152 -113 
-154 -24 
-8 167 
42 -5 
-4 -158 
-34 -139 
138 15 
-1 -82 
96 -70 
-89 26 
-177 119 
67 -67 
33 13 
-15 177 
108 -168 
-145 112 
189 -70 
-194 -180 
77 -80 
169 -163 
-114 -183 
-118 70 
-28 -119 
-2 80 
-33 46 
99 67 
172 -179 
45 188 
-172 51 
-49 101 
97 -174 
81 -31 
143 10 
-9 160 
128 -42 
-191 67 
181 -140 
138 193 
-140 147 
98 -164 
147 54 
125 92 
-21 56 
1 -143 
179 -112 
-102 67 
-77 -169 
-124 -116 
-81 -62 
175 -151 
-46 179 
22 120 
-35 -138 
-84 171 
-84 58 
120 11 
-60 7 
65 2 
152 33 
-46 -47 
-101 67 
74 2 
22 197 
104 -64 
-43 -60 
9 -198 
177 186 
-55 -57 
157 91 
145 83 
79 95 
176 182 
-6 62 
78 -82 
106 83 
-39 -167 
131 190 
112 105 
-25 87 
-118 -185 
95 173 
-25 -91 
112 -195 
138 -172 
171 82 
74 -50 
132 -89 
178 64 
16 52 
-26 -144 
-199 -91 
42 165 
-161 -88 
-6 -104 
148 -178 
186 131 
-15 196 
-93 0 
189 -89 
-62 32 
180 86 
173 175 
-83 126 
-138 96 
-11 -15 
-111 -166 
-151 163 
173 -34 
-180 11 
53 -121 
94 53 
-117 -10 
-156 31 
-21 85 
14 -66 
-125 120 
52 -106 
109 -171 
134 176 
-44 64 
138 -76 
31 166 
-60 187 
-93 42 
189 -161 
-98 -53 
51 -64 
182 -77 
125 -71 
-44 4 
145 -149 
178 174 
-77 -138 
145 -72 
-187 57 
171 -134 
-103 74 
-92 -5 
-90 -22 
24 12 
-61 52 
-94 193 
181 179 
5 148 
74 -171 
-6 -7 
-31 -108 
21 -181 
-49 148 
39 123 
120 68 
138 136 
-122 72 
-22 143 
-115 -190 
51 153 
118 157 
115 178 
-75 132 
197 -94 
-193 -66 
-48 -35 
73 -148 
183 2 
28 -116 
-46 -132 
187 -179 
138 -200 
45 50 
-155 90 
75 -49 
197 -133 
157 -40 
179 123 
112 46 
-108 -159 
83 131 
-23 -80 
16 -21 
-64 -133 
75 -177 
181 -15 
11 -41 
107 190 
-146 166 
-62 -47 
-8 195 
-117 143 
-77 -52 
-43 172 
-145 -80 
-118 139 
172 -180 
-166 -66 
191 27 
-144 -172 
-80 69 
-109 -101 
198 6 
-184 -61 
47 -32 
-112 48 
-83 -150 
-150 -45 
-37 164 
-183 168 
46 -77 
154 140 
169 -192 
-16 -12 
87 -51 
26 -11 
167 -118 
195 -26 
72 26 
-145 -137 
89 -175 
172 -97 
56 80 
86 -126 
-67 -82 
179 -66 
105 186 
197 24 
-106 137 
-52 42 
-142 -71 
90 -10 
173 48 
-54 8 
-172 -23 
-34 -74 
-154 106 
61 149 
140 138 
-139 186 
-182 -141 
-35 35 
-5 -191 
-2 -67 
6 -192 
-50 102 
167 -121 
-80 -60 
-31 129 
-97 3 
40 44 
31 167 
-188 13 
93 -172 
78 33 
17 45 
35 -3 
-138 -108 
156 186 
144 75 
-115 79 
-193 103 
-174 67 
144 -29 
55 46 
-129 80 
182 11 
118 -181 
-20 5 
187 -165 
27 99 
27 15 
26 68 
-192 -102 
-46 -185 
-108 -139 
140 -33 
121 144 
197 28 
100 129 
-146 18 
177 -16 
1 2 
-184 175 
-154 -185 
180 -18 
-113 -112 
-93 -183 
-59 113 
-164 43 
61 -18 
177 77 
127 79 
-161 -132 
196 -172 
-6 -200 
-96 -175 
-72 6 
17 144 
2 -73 
-152 132 
-138 45 
181 127 
176 161 
-31 -94 
88 94 
-144 -15 
60 93 
-107 -109 
144 175 
-181 165 
112 -112 
-47 -23 
78 -72 
-116 69 
-102 90 
-170 76 
-111 54 
-128 183 
173 157 
113 76 
-55 -6 
-57 -20 
-191 65 
-47 -12 
-20 60 
140 -54 
60 194 
-28 180 
-47 102 
37 -177 
33 25 
-134 -12 
-75 56 
-145 96 
8 -9 
-195 -56 
-75 -34 
36 -139 
-88 -85 
22 46 
-116 44 
-101 48 
-182 182 
131 -127 
-144 81 
28 -48 
12 -104 
147 -38 
-73 -141 
17 -110 
34 -33 
145 122 
136 175 
-29 -142 
151 36 
82 -163 
-15 -31 
-103 82 
-103 -12 
-29 24 
-120 70 
73 172 
112 -129 
-73 54 
40 -1 
-107 -61 
153 -113 
116 95 
-195 -11 
-37 -90 
79 -172 
-131 95 
119 40 
-140 199 
-169 181 
-87 112 
-110 20 
-1 14 
-85 -92 
-197 188 
102 -167 
88 31 
-158 137 
72 -196 
40 -128 
74 -71 
49 -34 
187 -30 
-23 77 
9 -127 
157 -17 
190 59 
-200 -120 
72 -61 
62 8 
11 129 
-46 -189 
-104 115 
-137 7 
98 -184 
-16 68 
144 146 
-32 -63 
131 -101 
199 6 
26 -185 
-122 18 
-175 -179 
115 25 
81 -149 
-68 48 
6 -147 
-68 15 
-180 -135 
-178 -170 
53 -31 
144 -149 
-142 -107 
-127 -61 
-113 31 
-42 131 
-56 -39 
-160 83 
138 133 
62 -90 
-199 20 
185 83 
-164 -103 
162 -191 
24 38 
184 16 
73 155 
-129 69 
151 -34 
69 -170 
-107 -63 
-170 55 
116 172 
8 94 
-20 102 
151 34 
-112 -116 
-55 73 
-3 104 
-198 -122 
-62 -17 
71 -199 
23 146 
-119 -167 
70 55 
-43 139 
190 52 
124 56 
-81 -52 
-39 6 
165 -28 
-19 3 
-91 123 
-158 90 
61 -88 
119 15 
-73 73 
177 -61 
38 -198 
135 189 
197 14 
15 58 
-19 132 
-76 -109 
-83 22 
-40 -120 
128 -74 
103 -143 
-48 126 
151 -186 
-20 -153 
28 -136 
-38 -113 
-89 18 
170 47 
104 133 
-141 -54 
98 -102 
-44 -114 
-98 -115 
-35 -112 
-144 11 
73 186 
-104 -53 
-155 104 
197 -182 
139 -113 
-150 -42 
-27 30 
139 -161 
30 -145 
97 -99 
146 6 
-103 -40 
113 -12 
26 127 
126 115 
59 115 
48 -20 
-18 -2 
-154 176 
112 152 
-85 -177 
-54 -75 
-54 -66 
117 149 
-48 -81 
61 -131 
-139 -123 
112 198 
-70 92 
-167 164 
-21 52 
-36 -24 
-181 -44 
-62 100 
184 148 
199 -33 
-135 -151 
-32 -46 
66 -130 
-186 -20 
-100 -170 
44 -44 
53 177 
-182 -185 
-117 -179 
57 -73 
184 39 
167 -55 
-100 -151 
107 -192 
199 -20 
25 -161 
9 -94 
6 -6 
198 170 
-59 -87 
-91 43 
-167 -124 
187 -68 
-42 -68 
-35 -97 
-53 -161 
-168 13 
-111 62 
-135 -118 
72 14 
9 -112 
-14 198 
-132 -141 
-131 -124 
198 -189 
163 -154 
-132 36 
-145 150 
-185 194 
102 -24 
131 27 
-1 137 
70 136 
96 -196 
-186 -116 
-52 -169 
-88 170 
67 -34 
57 -163 
-71 -186 
-124 -144 
152 3 
-143 -30 
-199 -2 
-168 -44 
178 -169 
86 29 
-59 -7 
-181 -183 
155 -154 
34 -150 
-152 -45 
-110 114 
-149 99 
-107 31 
143 37 
60 -75 
166 42 
-91 1 
-191 48 
-137 -71 
126 -162 
-80 -157 
-67 -15 
166 -33 
-158 164 
-22 -170 
-75 175 
-49 -122 
-131 -52 
134 -83 
-176 111 
9 -118 
-165 142 
-90 115 
-189 -59 
-178 178 
-52 -154 
106 -90 
150 82 
-153 -102 
44 117 
-115 115 
-77 13 
-133 39 
48 -14 
-156 -136 
183 8 
101 72 
-145 87 
-86 189 
-108 -71 
-52 -170 
46 -200 
-156 -177 
145 -168 
152 -91 
-52 -64 
7 178 
180 142 
116 -60 
-88 -70 
29 145 
100 6 
69 -101 
-132 -22 
188 -169 
-127 -113 
-88 53 
195 -125 
40 65 
88 139 
-80 -102 
-48 21 
-77 196 
139 -87 
-188 132 
-4 -48 
-123 -84 
-15 -179 
77 162 
-52 151 
42 54 
5 -42 
102 -43 
17 -133 
9 -15 
14 33 
-18 -31 
22 -164 
-1 -199 
-85 14 
197 157 
155 -114 
38 -182 
-22 -26 
164 -38 
-72 -75 
-18 -159 
-62 -134 
-36 -159 
17 -1 
107 13 
-118 -75 
-23 175 
-19 -107 
-1 186 
-37 -122 
-143 -175 
-187 -124 
36 -195 
129 -124 
183 163 
125 16 
-21 192 
-49 -183 
-78 110 
-89 0 
-73 63 
-194 -198 
117 152 
98 128 
92 -39 
136 173 
10 -33 
51 -127 
61 59 
-129 -114 
-39 142 
18 188 
56 -144 
97 87 
95 59 
-77 -24 
129 -111 
11 185 
56 -178 
183 146 
-100 -83 
-8 80 
-19 -158 
99 181 
129 -12 
-103 50 
-50 -173 
7 75 
-133 -22 
-144 59 
175 -66 
147 20 
-161 189 
-7 196 
-158 68 
34 -134 
-93 -175 
116 159 
68 -117 
53 188 
-36 -76 
-6 50 
103 35 
-73 16 
-114 138 
3 108 
-5 -69 
-4 148 
42 -120 
-111 176 
63 140 
180 -54 
77 27 
168 56 
-188 -195 
165 185 
-68 -111 
129 7 
29 115 
179 -81 
159 160 
188 139 
-18 -175 
-115 -166 
0 138 
-95 -75 
-3 76 
-67 -192 
-95 -155 
135 -72 
76 196 
88 2 
133 151 
-54 132 
-33 -16 
132 47 
-86 31 
-81 108 
-123 -134 
-90 168 
141 -56 
-36 108 
120 -132 
87 63 
190 -5 
-141 -31 
-52 -90 
-19 -20 
-5 -107 
-196 128 
-101 -143 
87 -94 
-160 -14 
109 -168 
-42 194 
-31 -99 
33 159 
5 -136 
123 -185 
-162 28 
-126 -180 
157 -12 
59 -180 
-117 107 
-116 5 
-136 53 
-120 149 
-75 -1 
19 -15 
-9 78 
-179 -162 
-140 -67 
-25 -96 
-128 -133 
-41 113 
-170 34 
-127 172 
176 -68 
-52 -32 
-53 115 
69 -124 
186 24 
150 41 
-14 -87 
75 55 
-57 -131 
-10 139 
-181 -64 
53 95 
-43 198 
161 38 
180 16 
-87 -199 
-143 -200 
-16 -73 
169 173 
2 -181 
-112 30 
-104 -148 
135 74 
-101 -137 
-8 -16 
108 187 
141 -163 
-199 50 
136 -85 
197 148 
28 -123 
-50 -155 
151 -58 
-144 112 
-147 4 
131 96 
-166 20 
-3 -160 
-123 18 
13 -182 
-52 -199 
-23 -123 
-54 -84 
71 -57 
-79 188 
-65 133 
-54 -196 
-194 -174 
42 -106 
51 -37 
-132 -135 
47 -100 
