-175 196 
-33 -49 
-56 -133 
70 38 
-17 188 
132 -83 
-132 -179 
124 -58 
12 104 
-173 164 
-39 -35 
-197 -194 
-93 -112 
161 -93 
81 -60 
-171 -50 
186 185 
147 -103 
167 -17 
-56 58 
174 -51 
-37 85 
-147 -3 
60 -192 
140 -163 
-177 161 
150 107 
45 197 
90 15 
178 148 
61 86 
-175 195 
24 103 
50 -198 
83 140 
181 -140 
-174 193 
-54 63 
139 -67 
125 25 
-93 -69 
-56 -60 
-57 43 
-94 -156 
-182 -26 
102 22 
-54 2 
-75 98 
-132 124 
82 120 
-185 -120 
150 29 
198 65 
-8 125 
-90 -43 
154 -158 
111 -15 
17 -120 
16 159 
134 122 
185 -73 
171 -166 
107 139 
53 99 
-146 160 
-91 -55 
-33 182 
157 69 
-195 67 
81 -147 
109 -173 
183 -31 
166 -70 
59 104 
134 5 
98 -134 
-23 118 
-122 -165 
24 44 
-100 -17 
-178 93 
9 -85 
160 58 
-72 198 
-163 -165 
180 -115 
37 -108 
-145 170 
-55 -187 
36 -125 
-48 39 
174 -185 
164 -123 
1 -179 
31 167 
162 -36 
-137 33 
-47 55 
74 109 
-174 49 
-8 -183 
102 168 
-186 50 
52 -87 
-74 -129 
95 152 
124 129 
184 -59 
196 -106 
-67 -118 
-157 7 
-34 144 
166 76 
68 -119 
-87 -100 
100 71 
175 -165 
-187 80 
-89 -52 
192 -200 
159 163 
126 -118 
-110 -64 
0 -23 
-149 -183 
156 -50 
-117 16 
-4 104 
81 -6 
29 -141 
119 -43 
42 143 
159 -172 
-50 -102 
65 -47 
-12 -20 
147 77 
89 194 
170 18 
-139 170 
-55 79 
-139 35 
23 -135 
133 -30 
106 102 
0 -56 
72 90 
98 -45 
-4 -200 
37 -122 
-174 133 
-52 -183 
48 42 
-88 176 
-2 -96 
-121 130 
-190 -150 
122 191 
192 -111 
100 -38 
-198 26 
150 -162 
149 34 
105 161 
38 -155 
-74 151 
-161 10 
-33 -141 
182 -57 
70 -39 
-5 -135 
7 156 
33 85 
-157 46 
-2 173 
58 -58 
-168 -15 
27 -157 
-193 -3 
-99 4 
194 115 
89 42 
-89 -167 
101 -156 
101 73 
192 125 
148 -186 
-161 -11 
-128 145 
-158 -172 
50 198 
194 13 
-150 -185 
148 -2 
49 -155 
-81 183 
-47 25 
31 89 
-129 42 
1 5 
112 189 
-39 11 
65 18 
20 151 
-174 155 
-106 68 
-27 -156 
84 194 
73 144 
-114 190 
98 90 
-17 -190 
174 -122 
-129 -50 
-65 -8 
-189 11 
72 151 
86 56 
-198 66 
138 -58 
105 2 
-135 -94 
0 -26 
5 -56 
-133 184 
54 39 
-121 -8 
-77 43 
33 -111 
-119 -136 
-77 151 
97 95 
-26 114 
-176 99 
171 -8 
-185 136 
-181 -173 
179 65 
-63 -66 
86 -152 
-58 24 
-185 69 
-164 28 
128 115 
-31 135 
182 -76 
-114 141 
-85 -76 
72 152 
84 100 
47 -146 
-17 -142 
60 -102 
108 -136 
16 -157 
181 -185 
127 -175 
105 -136 
-70 190 
-10 -35 
185 188 
198 178 
-106 89 
-159 -180 
93 -188 
7 -56 
-31 127 
-39 -115 
171 -151 
-177 -108 
183 69 
17 -17 
-57 34 
20 126 
-10 44 
2 -166 
-99 -68 
-163 -21 
83 96 
77 -177 
-163 79 
117 183 
-185 104 
-53 66 
-137 91 
72 -57 
111 35 
-20 -187 
-170 53 
61 -132 
65 159 
156 123 
170 -186 
-124 -94 
111 147 
14 56 
-145 -15 
-136 166 
163 157 
-34 94 
-10 135 
102 45 
-146 -55 
138 143 
46 80 
153 103 
159 -171 
24 18 
78 189 
41 -168 
102 58 
-197 -179 
7 139 
-72 14 
5 -143 
-70 80 
24 129 
136 -49 
63 128 
-147 -45 
-108 -79 
-91 -110 
-75 -51 
-92 107 
198 114 
86 148 
-167 -32 
-110 38 
-81 163 
-77 -40 
-4 -65 
-130 -36 
-94 -88 
-31 162 
5 195 
-168 163 
195 -171 
-46 -169 
152 -7 
144 -6 
111 104 
47 -100 
-21 -179 
43 91 
183 -36 
163 60 
-84 -149 
106 114 
-29 79 
54 2 
-187 -163 
-129 155 
-37 -56 
120 -16 
140 -10 
63 191 
-148 -109 
-95 96 
-170 -33 
-192 68 
-14 170 
58 199 
-116 168 
132 123 
174 -17 
2 179 
172 122 
-133 108 
174 -98 
-193 -199 
-168 -2 
-67 -153 
84 167 
-183 26 
130 17 
103 -79 
37 -103 
-100 -190 
-12 51 
-22 -43 
-133 -65 
152 -135 
140 131 
-148 -83 
160 -20 
82 -122 
93 48 
-162 41 
-118 55 
22 163 
-76 -148 
102 -36 
-155 153 
-3 50 
-170 -45 
145 5 
96 157 
-92 -111 
8 -42 
66 135 
11 -150 
94 -160 
-32 -124 
170 -168 
-136 35 
113 -164 
94 -50 
141 104 
-176 -42 
66 -81 
-38 -136 
-162 149 
-195 -34 
93 -47 
158 112 
-24 -106 
-143 -86 
-162 -97 
22 -10 
51 -55 
-19 -191 
92 -128 
-119 -143 
2 -51 
116 39 
-94 -103 
85 26 
115 94 
-91 -16 
-68 -101 
-151 -16 
-77 153 
73 -136 
-75 76 
10 88 
15 -104 
2 -11 
-37 -25 
-82 172 
-26 71 
12 -30 
-135 138 
-191 115 
37 -44 
-31 169 
124 89 
113 120 
-18 -61 
-178 -187 
-33 -76 
-44 -142 
-134 -175 
-13 14 
-86 -4 
-38 68 
-23 -14 
27 199 
-3 -81 
32 123 
-67 6 
-171 -192 
-5 40 
33 -143 
47 73 
139 -26 
68 156 
-200 -67 
-178 -162 
-2 -77 
194 -135 
-164 -31 
-7 98 
61 175 
146 -145 
95 17 
-163 -100 
80 -145 
-161 -88 
103 153 
125 4 
95 65 
10 112 
116 -24 
-150 -159 
80 175 
191 4 
113 -97 
-30 41 
-139 186 
-157 -73 
125 -111 
48 -147 
-89 161 
-71 71 
-108 -148 
163 -84 
-199 -173 
-156 14 
109 90 
134 66 
16 173 
-126 -134 
100 -88 
27 -97 
-193 120 
-151 -41 
120 -158 
134 -72 
-74 -126 
-128 5 
83 113 
27 -34 
54 -152 
125 101 
39 150 
-142 -137 
166 -92 
154 47 
-52 193 
-36 58 
11 29 
-7 17 
-96 -148 
21 -21 
-101 -97 
-82 160 
182 135 
199 -47 
-166 -103 
100 106 
138 101 
71 49 
-97 86 
98 172 
56 -164 
146 78 
186 -60 
-58 -84 
-168 135 
-42 163 
25 65 
-55 -182 
157 104 
-23 -185 
94 -11 
196 -187 
13 -128 
-69 195 
-134 -22 
149 -44 
23 -59 
127 196 
6 128 
-176 -78 
89 -113 
-81 73 
-65 56 
-150 -48 
63 179 
-159 65 
-181 -74 
189 178 
179 57 
98 -122 
160 -106 
-40 11 
-4 165 
46 170 
-37 -71 
-133 19 
63 66 
-140 -24 
-116 180 
-24 90 
-66 112 
-91 94 
38 -58 
-160 -63 
117 -4 
20 82 
-86 -166 
-62 146 
-187 101 
-6 170 
-84 43 
59 -56 
119 -24 
72 -55 
-31 144 
54 51 
51 -142 
-50 170 
160 -53 
65 -120 
81 -119 
-78 5 
-16 188 
199 107 
161 -24 
57 160 
-108 30 
-199 164 
-168 -49 
-90 119 
125 13 
-147 103 
-12 -199 
-49 41 
-105 -62 
118 94 
-198 -175 
-182 109 
-170 -59 
120 149 
70 -89 
83 -113 
168 -33 
-142 -50 
29 124 
48 31 
47 -62 
-105 -151 
97 -100 
-79 1 
-106 174 
-48 28 
-175 -141 
178 -51 
130 -41 
36 196 
-86 113 
186 -192 
-36 184 
-10 192 
68 33 
16 -136 
33 -108 
-2 -82 
153 -129 
52 -5 
-5 -37 
-1 126 
33 15 
-24 28 
157 -87 
-79 33 
-27 -81 
22 -26 
-147 81 
-77 -170 
-144 -69 
-169 27 
8 -122 
18 195 
115 -70 
-169 -167 
118 -42 
91 22 
-186 104 
-155 129 
126 -143 
84 -121 
-101 -76 
140 -70 
55 22 
-98 98 
140 -56 
74 65 
29 98 
125 109 
-60 -8 
150 61 
143 181 
0 -162 
-112 185 
18 17 
-104 -59 
-68 85 
91 118 
-8 -179 
86 -79 
-136 -42 
95 126 
186 162 
23 -130 
105 12 
-183 -135 
4 -140 
187 -3 
-7 -189 
-92 170 
24 -128 
73 -31 
-53 88 
-22 -154 
-23 19 
-61 -162 
122 -164 
-92 141 
136 -137 
-189 183 
-182 -59 
151 -44 
-79 -42 
-157 -187 
-21 24 
16 -178 
114 170 
-65 62 
123 -40 
48 105 
-77 -71 
65 123 
30 -15 
-64 -130 
54 -159 
34 -103 
-101 181 
25 109 
-106 19 
-51 -138 
54 -56 
1 53 
-79 52 
46 -82 
-23 -80 
83 175 
-83 188 
153 198 
18 4 
176 -138 
151 -121 
-99 -73 
-78 -173 
-125 125 
4 6 
-143 -181 
-166 -199 
14 138 
-143 -144 
192 -130 
-169 17 
69 -70 
12 113 
104 -104 
187 31 
-126 -191 
-22 -141 
31 -166 
140 11 
117 -102 
-97 -56 
183 86 
-172 114 
-182 174 
165 -25 
89 -43 
-70 56 
-21 16 
-39 145 
-183 -172 
-176 199 
-59 104 
-3 112 
22 -87 
-188 -150 
-129 -22 
-59 -168 
40 137 
144 -154 
-189 -174 
-61 -50 
-27 -116 
-11 15 
138 15 
-82 37 
145 -1 
-23 52 
47 103 
-125 -40 
-166 -101 
155 -154 
-34 -61 
-157 69 
-67 -2 
75 -98 
-71 135 
27 -24 
-101 164 
82 -118 
78 92 
-86 109 
50 39 
-160 144 
-185 -186 
167 5 
-33 -24 
42 177 
-143 180 
10 149 
103 188 
-15 -99 
-56 185 
136 186 
-134 -169 
-108 3 
113 -44 
-23 41 
-186 -118 
-61 101 
98 -154 
-11 -79 
144 41 
-83 69 
-70 76 
75 -93 
-63 83 
-1 54 
-125 102 
-99 153 
129 199 
137 48 
106 132 
71 197 
-141 -13 
54 -119 
3 -11 
175 -84 
117 147 
47 198 
111 -197 
-102 -57 
-39 -36 
123 46 
151 184 
6 124 
-24 31 
-17 189 
52 -186 
33 -5 
-89 -59 
138 -124 
-109 -197 
-92 -141 
118 -94 
-51 168 
112 -138 
166 38 
-109 17 
-160 -80 
-31 -96 
-176 159 
82 153 
152 -172 
-26 -81 
171 192 
80 110 
-65 161 
167 -129 
119 -191 
-46 -145 
34 10 
57 -113 
-199 -79 
41 -75 
105 51 
87 182 
-98 -23 
195 -91 
6 78 
170 83 
125 19 
-135 -101 
144 -109 
-13 1 
-1 124 
0 -84 
-166 116 
7 38 
-131 -16 
147 -167 
-112 -91 
-136 -43 
158 -130 
-141 -128 
-182 104 
-190 9 
19 32 
-48 51 
-106 -143 
-4 -133 
-13 35 
60 -46 
165 -178 
-126 -32 
65 70 
90 -84 
-57 -163 
-141 163 
117 -71 
-161 116 
142 132 
-70 -119 
-182 -7 
64 71 
-24 -88 
75 -77 
-137 83 
166 -6 
117 -130 
-82 -34 
15 -163 
-157 68 
-69 176 
128 -79 
-52 -100 
-2 3 
-24 10 
116 192 
154 112 
-198 53 
-52 -188 
-130 93 
-91 -157 
194 127 
-192 42 
14 -131 
-60 -11 
139 -73 
-1 165 
-75 -170 
122 94 
-69 79 
-43 134 
77 -37 
-51 -197 
184 145 
22 -36 
78 6 
153 -135 
25 -90 
141 -22 
167 -120 
-98 -3 
25 140 
92 -166 
134 -7 
47 12 
122 68 
-6 79 
-168 1 
-56 125 
14 109 
46 193 
-180 165 
-173 72 
-150 129 
179 -85 
-176 61 
-50 193 
-112 57 
71 47 
115 -68 
-127 138 
37 180 
28 30 
8 111 
-85 35 
-35 109 
-160 176 
-195 115 
-81 -132 
182 32 
-82 42 
-186 5 
-76 -126 
-60 9 
-160 -111 
-166 -37 
-67 190 
84 125 
158 -96 
81 92 
-165 180 
-166 -47 
-77 -41 
-176 -74 
-145 28 
-121 -173 
28 78 
-24 59 
-154 -165 
112 -45 
-90 -28 
-129 33 
103 -143 
-10 71 
-146 157 
-101 198 
100 -150 
-95 89 
96 158 
69 12 
-131 -1 
90 45 
-144 -77 
168 -35 
-69 -186 
-112 -104 
-129 131 
132 182 
-152 -8 
-191 1 
76 134 
199 -86 
-9 -47 
55 -34 
-185 20 
120 12 
153 -187 
199 8 
56 -63 
92 -66 
15 -96 
196 81 
189 -30 
172 155 
22 -156 
-116 20 
-89 -26 
-72 110 
-95 108 
-129 -130 
6 -142 
136 -125 
27 31 
162 145 
-193 -107 
7 153 
-164 -163 
-153 -14 
86 107 
-190 186 
22 -21 
5 -95 
-182 -152 
170 -64 
125 -106 
-81 95 
43 104 
-46 -36 
-156 96 
181 50 
139 165 
-53 139 
93 -8 
-74 -181 
143 92 
160 -59 
52 -69 
-50 -136 
50 191 
-48 -187 
117 -75 
-182 149 
-144 143 
-41 7 
56 114 
-113 130 
-35 -64 
25 -93 
135 4 
-168 36 
105 58 
-12 -31 
98 -163 
197 -156 
-177 124 
-1 63 
156 10 
-110 -115 
162 -52 
5 81 
102 12 
145 -54 
186 164 
68 -38 
14 -74 
178 -94 
6 93 
-39 -82 
192 -18 
140 -77 
-87 95 
115 101 
-161 -178 
-86 -113 
-46 129 
131 92 
-155 158 
47 1 
71 -9 
76 -125 
197 -45 
65 -48 
189 82 
-121 17 
-194 96 
7 -67 
-97 178 
-158 99 
32 -192 
-161 124 
-92 28 
-38 -89 
52 105 
-176 -44 
120 -25 
-180 194 
-87 -167 
-61 -169 
-2 77 
29 80 
-145 -45 
-6 110 
-200 108 
-139 -63 
-100 25 
-67 142 
61 191 
102 -8 
-15 10 
195 67 
183 -52 
-134 -46 
-5 129 
194 -138 
-172 -200 
72 46 
-153 -45 
166 -73 
-61 -159 
31 -118 
24 -48 
18 -123 
-162 -144 
-137 -85 
-147 -53 
-141 168 
-113 -107 
154 133 
131 -60 
-114 -195 
1 -24 
-117 -62 
74 -150 
70 1 
-29 31 
149 39 
-47 -60 
49 -21 
42 175 
115 -40 
-139 24 
-48 126 
95 183 
4 -83 
35 2 
76 8 
163 -87 
-144 -176 
-110 45 
128 -59 
-199 157 
-120 -65 
124 7 
103 92 
-3 142 
-77 45 
88 -78 
70 -82 
14 82 
64 37 
-53 136 
4 51 
44 27 
-27 156 
-91 -153 
68 115 
13 -97 
-108 91 
84 -5 
149 139 
-39 -165 
76 -169 
-26 165 
-15 39 
-111 184 
-117 -150 
-192 -31 
-103 -133 
-179 194 
-13 82 
-48 114 
35 192 
86 -22 
-58 -158 
-129 15 
21 -108 
162 -39 
-164 -151 
23 136 
52 -185 
-181 -138 
11 57 
178 -156 
-166 30 
-155 -166 
174 33 
21 -121 
-84 -75 
33 -118 
25 16 
127 -183 
-176 190 
-122 180 
110 50 
-175 -75 
168 -69 
26 121 
1 -102 
-161 -2 
-28 -142 
74 153 
-184 76 
187 182 
-144 118 
-39 17 
72 7 
-32 138 
108 151 
173 150 
87 150 
-138 90 
-13 7 
-59 116 
31 -96 
-58 -163 
-168 -5 
-84 75 
-172 51 
185 67 
86 -25 
-106 -195 
194 124 
137 -37 
193 -189 
-85 109 
133 56 
159 184 
-8 43 
-182 125 
-80 176 
53 119 
117 15 
-105 -191 
-122 -148 
-191 -84 
122 83 
181 35 
-80 -129 
-65 -120 
3 -90 
-168 -54 
-64 194 
-189 -150 
12 -110 
-30 -92 
-41 -165 
-69 -57 
-160 20 
26 -101 
126 -182 
-99 -164 
108 120 
-19 171 
65 143 
-136 -106 
-178 -9 
-158 12 
54 -19 
132 -194 
-142 191 
83 -147 
-83 28 
14 -68 
-164 145 
69 157 
-49 117 
167 62 
-92 175 
-155 132 
3 178 
-169 84 
53 83 
-141 -5 
-189 -165 
5 74 
-150 -194 
-42 -61 
-63 -184 
29 -193 
-67 -15 
-105 -99 
-60 -169 
-176 16 
-60 -34 
-43 38 
177 -189 
160 143 
-159 -11 
-25 -84 
-29 181 
106 139 
35 -124 
-113 14 
38 54 
-80 -131 
115 -109 
101 -36 
68 10 
-162 -88 
165 -160 
23 147 
94 -87 
-78 199 
-170 159 
-60 -124 
62 -2 
-103 -19 
28 -143 
73 -44 
-153 25 
-16 77 
162 82 
159 191 
18 82 
-188 -92 
192 -51 
-121 154 
-81 153 
7 -141 
-80 151 
189 154 
-53 -200 
45 -105 
-157 4 
98 11 
55 78 
108 -172 
158 176 
-152 -133 
-187 43 
-7 -79 
95 16 
198 5 
-118 -120 
126 182 
132 -81 
-16 -165 
-79 -172 
-154 -170 
-56 -17 
-106 -78 
192 -149 
-80 22 
-50 82 
-121 134 
117 57 
82 11 
-186 -133 
131 30 
-27 -120 
54 -62 
194 -6 
42 -86 
-63 56 
-115 190 
192 113 
105 -135 
171 -42 
-14 -48 
-126 33 
-46 84 
11 -95 
-157 -34 
-181 104 
121 -141 
159 123 
198 106 
-142 -66 
23 -81 
-41 66 
120 -169 
-123 63 
-145 -155 
169 182 
-109 119 
7 -182 
50 72 
-54 140 
-20 178 
-41 103 
57 16 
104 -100 
16 -102 
-68 -121 
-196 -123 
59 -36 
108 -131 
-29 194 
194 -172 
25 102 
197 -28 
134 18 
-67 -178 
-115 42 
59 -86 
152 108 
19 194 
-184 62 
108 -13 
191 -171 
-151 132 
142 41 
-66 62 
183 -170 
93 -115 
128 -173 
-23 137 
176 -147 
43 194 
87 -137 
29 -97 
-44 -43 
180 -80 
184 -98 
94 70 
197 -3 
194 68 
-86 45 
120 -117 
-121 -62 
153 -119 
-43 -24 
-117 97 
-116 56 
-112 -19 
-196 -35 
61 -81 
-41 51 
10 77 
72 -173 
162 101 
164 -182 
48 127 
131 -193 
-150 -170 
127 71 
-125 -95 
97 -115 
-192 -92 
-60 -84 
150 -20 
-48 100 
91 -13 
-32 187 
-157 189 
-14 -82 
-37 158 
-128 130 
78 -142 
-89 59 
-122 14 
-65 -164 
-124 29 
82 98 
17 -62 
189 99 
-128 -137 
-143 89 
132 -180 
-186 -179 
-24 110 
161 -127 
180 137 
-13 23 
142 -105 
-171 107 
45 145 
-136 96 
-172 91 
-190 -52 
-61 130 
-143 169 
-128 -182 
-40 13 
-140 -196 
-95 84 
-134 185 
23 153 
-42 -139 
114 -8 
-174 12 
182 -183 
-97 -192 
128 137 
-12 -138 
72 149 
18 2 
82 184 
-13 -139 
70 -96 
-16 -24 
-121 -169 
-173 -16 
75 -100 
92 141 
-109 25 
-132 -187 
-173 75 
67 56 
-189 -170 
-99 198 
-141 146 
37 -153 
-18 190 
147 -116 
164 117 
-107 -161 
22 -30 
191 -20 
140 179 
-46 -35 
150 59 
197 141 
-59 -27 
-96 -49 
102 121 
-123 123 
96 151 
-169 -138 
-168 175 
22 -110 
-18 -140 
91 190 
-133 120 
185 91 
44 184 
-115 96 
63 76 
-122 -82 
-102 -148 
142 -111 
-50 24 
153 -200 
-134 -135 
64 -169 
29 -174 
-96 -166 
82 -103 
-174 103 
-75 107 
0 -90 
-15 98 
-40 101 
-143 191 
169 -147 
-109 -97 
90 9 
1 -131 
-12 61 
170 -196 
107 -70 
168 -179 
160 -176 
92 53 
28 -167 
199 161 
186 -59 
20 -172 
-54 -146 
-67 13 
88 31 
-51 195 
189 52 
-198 -188 
122 -144 
-6 8 
59 156 
-71 -58 
77 16 
-182 118 
94 -108 
-87 -145 
-126 -172 
87 -118 
113 -82 
-81 187 
-135 -161 
175 74 
21 -146 
68 98 
-198 133 
137 -103 
8 -40 
-190 99 
-117 -192 
-104 -88 
-119 165 
102 71 
109 153 
-105 82 
-149 85 
74 -169 
83 -117 
-91 97 
-173 -86 
56 -140 
-91 66 
-61 170 
137 88 
-164 78 
40 -75 
188 126 
-20 -115 
45 -133 
124 119 
-157 -118 
-41 -126 
93 -19 
110 156 
128 4 
90 153 
-193 93 
-88 32 
81 112 
79 160 
-123 -187 
-139 -22 
145 12 
45 -192 
-200 6 
64 -112 
-64 -129 
-116 -24 
-151 67 
86 11 
40 118 
130 -90 
106 -13 
63 -162 
133 -104 
-178 81 
106 -192 
-80 8 
185 -165 
46 -173 
-43 152 
57 170 
-126 71 
25 -104 
-65 -86 
187 -189 
74 35 
-139 -47 
-194 161 
-45 -108 
-110 119 
-187 -114 
-186 128 
-77 -61 
-105 199 
178 -100 
41 -4 
-98 172 
-127 -115 
-179 106 
17 99 
28 147 
-142 -76 
-163 -178 
93 -134 
-88 78 
-22 -42 
27 -17 
-183 -181 
-39 -119 
-28 95 
-7 78 
-168 -106 
76 149 
83 -108 
43 168 
-27 -146 
179 195 
127 -196 
6 194 
-138 -155 
84 33 
6 -51 
65 128 
195 -119 
101 -151 
-57 101 
-60 30 
-98 -89 
-87 59 
180 -180 
24 -165 
52 1 
37 -107 
-22 -53 
78 -82 
-12 -118 
-85 176 
25 8 
-55 19 
69 -14 
13 -67 
-123 -95 
-189 -119 
38 -68 
46 144 
76 184 
141 148 
-150 2 
84 -141 
-14 -111 
96 184 
142 -91 
-177 174 
-137 -13 
138 126 
189 -36 
155 71 
74 121 
-51 84 
66 73 
-34 -70 
154 -188 
-12 -51 
44 -93 
-150 145 
179 -157 
-156 -11 
-146 73 
197 -19 
3 -120 
86 66 
55 90 
-49 22 
-11 -151 
86 -118 
-187 155 
113 134 
-106 -171 
-80 -183 
-126 170 
-16 194 
-92 23 
65 121 
-103 -50 
142 -153 
99 168 
164 5 
-29 54 
-146 -200 
-51 67 
30 -31 
-109 -67 
-3 -4 
80 24 
-15 60 
-89 158 
92 165 
-102 159 
-136 15 
56 -86 
-82 176 
-197 -126 
34 185 
146 25 
-129 -47 
168 77 
161 -31 
-161 -165 
196 65 
82 182 
112 -64 
-15 58 
-170 74 
-172 -100 
36 -161 
-13 -174 
-111 170 
74 28 
-22 -199 
-53 169 
123 27 
133 80 
35 -130 
118 120 
-178 174 
-21 -76 
-167 -92 
149 107 
-102 -12 
85 57 
50 153 
1 48 
43 -40 
-135 -16 
-3 -160 
148 -162 
153 188 
52 127 
140 29 
53 36 
-146 -152 
-96 -184 
-115 16 
-9 68 
-144 -146 
55 107 
196 -120 
140 -22 
29 -149 
-9 156 
-198 108 
-33 -154 
28 -109 
13 83 
-99 -16 
73 62 
-116 -156 
114 -61 
3 182 
97 34 
31 50 
180 47 
198 -193 
132 45 
-130 179 
-117 147 
170 -40 
-165 -153 
-51 -115 
38 18 
-200 104 
-24 80 
-199 114 
60 -103 
111 -35 
96 -97 
36 -162 
-131 -17 
-22 -44 
105 93 
42 35 
21 142 
21 71 
-128 -181 
-98 144 
-36 70 
62 -3 
89 -164 
-126 9 
92 -159 
-41 115 
85 106 
-105 -120 
64 -46 
175 -25 
-90 -110 
-189 58 
-182 -63 
-198 73 
112 -60 
-18 64 
-90 111 
-145 -63 
-101 -67 
63 153 
28 11 
-184 -126 
63 -198 
83 14 
-82 -106 
46 -8 
82 -84 
-179 -141 
14 -188 
37 107 
-64 30 
-109 -83 
-46 -91 
-163 165 
162 58 
139 -114 
185 -26 
28 -140 
78 56 
-181 -57 
-111 -28 
-29 70 
126 169 
-66 -57 
40 53 
-70 -176 
-190 -121 
-185 -13 
25 39 
-22 -3 
-144 148 
60 -173 
24 53 
-41 122 
-189 46 
-111 -31 
-179 91 
81 85 
-162 -137 
-50 -113 
149 -117 
134 -2 
28 156 
-160 -141 
-177 -56 
-147 36 
-34 99 
54 37 
-103 197 
51 -50 
-85 -4 
-25 167 
-95 187 
-162 -42 
149 -1 
21 155 
-57 -194 
142 157 
101 -35 
-164 133 
-168 126 
-172 18 
47 -151 
-12 7 
-96 -134 
180 -44 
-1 -122 
134 84 
-85 -122 
-77 112 
-171 -5 
5 -155 
-2 81 
-174 190 
2 -109 
-159 154 
-195 123 
96 164 
-59 -179 
-175 169 
80 73 
-169 183 
-31 129 
-184 -31 
-14 -67 
-34 140 
-75 -105 
-131 22 
-99 -168 
171 178 
-154 -106 
173 38 
70 23 
47 173 
-11 -53 
-35 -17 
120 154 
-9 -170 
-125 53 
137 -177 
34 61 
31 136 
9 -38 
196 -111 
173 172 
133 85 
170 151 
132 188 
-58 46 
-1 -34 
-144 -13 
-76 161 
-117 -14 
168 125 
193 -104 
136 -31 
131 -25 
-132 -176 
122 -118 
157 29 
162 98 
169 -164 
35 -118 
98 -117 
99 -61 
-2 18 
127 112 
-71 40 
173 -42 
98 155 
-196 198 
92 -94 
-10 -158 
-84 -173 
178 -69 
-37 -118 
187 -63 
-61 137 
-171 -123 
-15 -141 
92 -59 
-185 78 
-74 42 
27 -47 
-58 139 
126 160 
-52 88 
-137 191 
-55 -125 
17 -153 
157 -200 
-64 -181 
141 81 
156 -138 
93 115 
198 30 
51 -137 
57 -166 
193 -119 
-3 152 
1 -198 
-83 156 
-118 -83 
-13 -113 
-24 95 
-72 147 
-56 25 
-160 -134 
59 72 
-128 176 
-156 -88 
3 35 
-122 -71 
-143 -22 
107 59 
-112 80 
-31 96 
163 185 
4 57 
-157 -181 
38 -85 
156 -119 
110 -122 
-4 -39 
8 173 
-93 110 
-65 -12 
50 99 
132 -53 
117 170 
-45 -60 
153 114 
-115 1 
19 -82 
-189 -196 
-81 -66 
-35 120 
-151 -106 
-88 -27 
94 -85 
-29 86 
-65 90 
-59 -70 
82 154 
-172 -165 
84 -56 
-87 -106 
17 102 
116 -46 
-171 -79 
150 -42 
171 -112 
178 -53 
-80 -187 
136 37 
-183 74 
56 -88 
160 49 
-28 152 
-104 -184 
-51 100 
-149 9 
-195 -145 
-88 -11 
182 133 
101 29 
144 29 
104 -175 
140 -122 
8 112 
-116 26 
145 -72 
41 -104 
31 -158 
43 -145 
37 -127 
-124 8 
131 68 
-97 43 
169 115 
-191 126 
86 136 
71 -90 
145 118 
-123 -196 
28 122 
95 114 
193 -147 
-183 13 
-95 25 
-10 24 
125 -184 
-180 114 
129 -165 
-51 -169 
-22 198 
-199 97 
199 -141 
-13 11 
158 119 
-124 119 
167 -113 
52 109 
-8 -108 
-87 -118 
45 -93 
157 132 
89 -41 
63 -49 
-93 175 
187 -39 
-161 186 
119 -68 
-39 -9 
91 -200 
-102 50 
-109 129 
-49 -146 
52 -29 
159 -74 
-45 -168 
131 62 
-53 152 
2 -147 
-103 24 
-62 17 
-4 115 
-114 -119 
-106 94 
28 -82 
170 -91 
166 60 
-4 -41 
97 -153 
74 -64 
195 12 
152 192 
-59 -101 
-25 -87 
-178 90 
76 -105 
177 48 
-181 -122 
-4 -125 
17 -9 
-52 89 
-34 132 
-116 99 
-138 120 
163 199 
50 -1 
198 -60 
41 -67 
-65 180 
181 -111 
25 -79 
-80 -176 
-108 12 
158 -92 
-25 126 
0 -16 
-40 -108 
-147 75 
106 -128 
-2 -194 
-112 87 
83 -107 
152 102 
149 186 
80 -122 
25 -28 
136 -9 
-70 -86 
-49 16 
-9 88 
3 97 
155 -135 
52 -148 
-6 -145 
102 122 
-77 195 
118 -175 
-140 61 
129 26 
122 105 
-100 67 
-113 -66 
-38 127 
35 -96 
-111 -73 
-5 -167 
98 41 
11 -170 
189 -178 
30 65 
89 -166 
36 195 
-49 18 
57 -135 
-22 -174 
179 -190 
10 -181 
58 41 
-142 196 
-33 37 
197 64 
139 -12 
124 48 
-158 -4 
159 30 
-135 -18 
-86 -47 
-43 -77 
181 -117 
2 70 
132 166 
157 148 
45 56 
-122 -194 
-100 194 
63 175 
75 175 
18 -163 
35 68 
-160 -87 
114 33 
93 64 
183 148 
-47 -180 
1 -84 
96 -72 
157 -4 
131 74 
-121 187 
-108 62 
127 181 
117 37 
-114 -179 
-175 125 
-114 -170 
121 -18 
-83 -59 
-167 -86 
24 -185 
171 88 
-163 37 
150 147 
-92 -79 
33 106 
100 96 
-71 87 
40 94 
136 -157 
-59 52 
-81 159 
-51 78 
-19 -51 
88 57 
-118 -195 
-189 -140 
14 -101 
79 -55 
21 59 
127 -22 
-100 -122 
199 4 
188 -178 
11 23 
-49 -73 
-75 49 
-11 -148 
179 -11 
-197 -38 
115 -32 
164 104 
177 -138 
-79 38 
-180 -57 
-189 19 
65 -147 
-93 -113 
31 -2 
-88 86 
-174 -69 
-37 -110 
-147 -160 
195 -3 
84 -93 
-70 105 
-88 -196 
-51 154 
100 -27 
-149 42 
46 -104 
-111 173 
25 21 
30 -32 
-197 3 
93 186 
-69 92 
-163 11 
169 -67 
194 44 
49 199 
-80 160 
78 -181 
-196 -130 
-105 -154 
197 90 
170 -142 
-21 -57 
14 93 
-115 127 
-113 -161 
-150 -71 
66 -43 
-154 131 
-36 90 
175 -178 
143 156 
-166 -98 
-193 -4 
-29 -175 
9 -106 
39 193 
165 -3 
-159 53 
-183 -5 
115 -3 
-94 58 
-192 142 
40 -109 
73 -153 
-113 55 
155 -20 
-61 -41 
122 117 
155 -142 
111 74 
-165 -47 
-186 26 
128 66 
-103 -46 
-10 196 
-35 94 
-115 -94 
-189 151 
-120 175 
46 37 
-59 -99 
74 196 
99 135 
130 144 
1 140 
-81 -198 
66 24 
55 39 
190 69 
31 -154 
115 15 
-162 -136 
116 9 
-53 40 
40 191 
-141 39 
113 86 
-52 95 
-184 -89 
151 25 
-48 -181 
116 -147 
-127 5 
183 37 
-73 -152 
170 -72 
167 46 
-52 -6 
-179 -164 
159 -134 
-1 -120 
-78 81 
23 156 
155 128 
189 -97 
182 -124 
32 -146 
-95 -77 
-16 -187 
145 -101 
69 73 
-28 193 
-6 -72 
74 173 
24 -65 
69 -76 
-191 -159 
69 -83 
-170 -195 
123 174 
-62 116 
57 28 
80 84 
-176 -113 
186 -129 
72 -37 
161 -188 
-184 25 
48 -86 
-107 -83 
74 179 
-164 140 
132 98 
-181 -24 
1 12 
-172 150 
-7 25 
-158 -31 
178 -166 
-173 -21 
104 -68 
-56 -175 
-88 143 
-94 -21 
127 -198 
45 -58 
-22 199 
-140 43 
-64 -94 
139 -25 
-85 118 
-182 -172 
188 -112 
60 148 
111 -193 
-155 53 
-164 -176 
1 49 
98 160 
37 -141 
-88 -33 
73 -51 
157 -117 
-45 75 
97 -83 
96 63 
-103 179 
-139 -177 
117 21 
90 97 
-152 -104 
-138 -141 
182 188 
147 176 
-106 -66 
22 -122 
176 106 
-127 -134 
77 15 
-112 170 
74 18 
-90 154 
-160 -133 
-27 189 
-3 -59 
152 130 
55 -1 
6 -141 
182 38 
134 125 
58 -108 
121 -168 
75 -71 
-93 -51 
-124 -32 
195 23 
132 -3 
82 22 
-74 41 
74 -90 
74 -42 
-141 65 
181 15 
-132 -192 
-34 -85 
139 -59 
-115 174 
-77 152 
102 189 
66 107 
180 82 
-89 17 
-40 99 
-166 188 
-130 -199 
15 -74 
-121 34 
112 90 
25 10 
25 118 
150 -173 
26 -144 
23 -8 
-172 -59 
108 18 
117 -73 
-148 1 
-42 -76 
78 74 
-129 148 
137 -187 
-89 -31 
39 110 
154 -136 
182 -118 
35 39 
194 -133 
-195 136 
-12 -7 
13 -137 
-101 -75 
53 -81 
149 -188 
-54 -133 
105 -102 
-164 105 
-79 -82 
90 121 
-37 45 
-108 104 
-177 37 
-123 -99 
-134 181 
144 95 
124 101 
-130 65 
-151 -23 
-23 -144 
-40 -140 
76 -177 
161 -109 
-179 -47 
173 11 
185 124 
185 -107 
-130 44 
45 -118 
-175 94 
-95 -52 
-178 194 
-93 -10 
-86 60 
-142 74 
-185 168 
-11 166 
-78 148 
166 -71 
65 120 
-130 54 
94 -149 
115 163 
-96 -20 
-154 118 
-69 145 
51 -102 
-139 -51 
-26 -195 
-107 112 
-117 -8 
-22 -192 
57 118 
-40 -3 
197 1 
79 -147 
-78 -188 
-67 -128 
-85 -193 
-65 -99 
159 -70 
-151 -164 
147 165 
-126 -162 
146 -79 
5 -109 
-57 -20 
-103 -30 
-14 18 
131 101 
159 112 
-55 85 
101 57 
-111 -136 
67 65 
74 -137 
28 -121 
177 -168 
-80 132 
89 -33 
-45 -47 
51 174 
118 -169 
51 -176 
82 70 
-76 44 
19 -45 
71 -52 
-118 73 
-180 -54 
-54 -105 
96 59 
191 -178 
142 -195 
-87 195 
-151 -128 
172 147 
70 144 
-118 15 
196 -165 
196 -46 
199 130 
-153 145 
176 -9 
-22 29 
-123 151 
184 -7 
0 -177 
-169 -11 
148 78 
96 163 
81 -168 
-41 -13 
65 -186 
-78 20 
-160 44 
84 133 
-53 187 
57 77 
-44 194 
55 -103 
-25 21 
-124 98 
-38 -21 
90 -148 
-143 43 
-130 -114 
1 128 
-89 -10 
-102 -173 
-140 194 
-180 55 
191 153 
-198 -17 
-42 -72 
-75 -18 
-72 39 
-163 74 
120 -172 
-144 182 
69 198 
-110 -36 
-13 198 
52 30 
-36 111 
-200 -175 
-122 -181 
-139 -118 
-134 46 
-180 -21 
-8 -112 
-178 94 
-21 -140 
-196 -147 
147 42 
-8 166 
68 198 
-61 92 
-143 179 
14 153 
152 -117 
-92 83 
-177 -103 
15 -46 
42 149 
49 -34 
-89 -56 
48 -19 
-159 23 
-143 108 
-140 8 
-16 -130 
-71 61 
-96 186 
35 173 
-184 -179 
-157 195 
123 180 
117 51 
-175 -29 
-56 -33 
85 173 
-156 36 
18 -178 
-27 61 
-17 3 
78 -107 
58 71 
-134 -162 
-168 65 
-115 173 
130 197 
113 -49 
127 23 
-185 80 
4 40 
108 -6 
-85 55 
101 106 
50 58 
-183 -101 
142 63 
-74 -31 
87 55 
9 -152 
-111 -170 
-103 12 
160 -174 
5 72 
9 189 
-13 -72 
-42 -108 
144 153 
-175 -186 
177 79 
121 -164 
68 167 
-55 110 
-14 97 
126 23 
2 88 
-186 85 
-22 188 
-14 41 
12 81 
-45 73 
-198 63 
48 132 
177 -161 
-5 140 
-120 -148 
-116 175 
116 122 
-31 183 
-132 -10 
157 91 
111 152 
46 -117 
178 191 
-6 16 
34 -145 
-37 186 
37 144 
198 -73 
82 130 
143 179 
199 -159 
-130 91 
-106 163 
106 92 
-176 -13 
90 -167 
101 91 
-4 -138 
-13 -8 
-151 131 
-90 44 
87 -144 
41 -60 
-164 53 
-78 181 
-40 -88 
-86 -154 
-186 -59 
-8 26 
20 -91 
102 23 
-87 88 
-94 -11 
-165 -34 
-27 17 
-77 137 
-167 -111 
4 3 
176 -131 
-123 -71 
102 92 
-57 -178 
10 -19 
52 92 
-148 -13 
-175 198 
16 137 
10 -135 
194 94 
-113 68 
159 113 
-90 -53 
102 64 
93 168 
-162 189 
-38 -16 
71 130 
-16 -157 
42 -23 
-148 122 
117 -118 
61 83 
-48 -157 
-184 38 
-16 -3 
189 122 
178 129 
49 78 
-69 107 
-195 182 
-180 -26 
-39 38 
-106 -148 
-189 10 
-114 28 
-36 21 
-110 -184 
-48 143 
165 102 
-140 -92 
176 16 
133 51 
180 85 
-11 156 
-118 156 
-146 92 
-177 100 
-135 -26 
-92 191 
-113 0 
65 -129 
127 -184 
-11 -158 
124 193 
-170 -22 
85 -39 
-76 72 
-78 -83 
-179 103 
163 4 
-141 51 
-75 156 
-109 -65 
179 -4 
100 -195 
-156 -14 
-122 -24 
3 41 
3 -43 
-81 -99 
-143 -30 
21 127 
67 -136 
-61 -3 
-9 2 
111 107 
187 -2 
-119 -10 
-140 -185 
192 -162 
-5 18 
184 3 
138 -38 
198 32 
-53 125 
-96 -198 
-50 -171 
-19 -40 
135 49 
-122 144 
121 101 
109 28 
-54 177 
-11 146 
70 -45 
-58 -188 
-107 36 
102 80 
141 -104 
-21 54 
-95 132 
103 -173 
-186 -81 
71 61 
-93 7 
-177 166 
-119 -19 
-92 -170 
23 -79 
60 -100 
-158 -117 
0 71 
-179 20 
-102 -101 
-57 93 
-179 -119 
53 129 
196 93 
164 -157 
-15 12 
-153 112 
-162 116 
-128 -110 
188 -105 
-188 154 
28 -95 
50 -47 
-127 -59 
-63 -153 
9 -40 
-69 -191 
6 13 
-95 -39 
-29 -24 
-113 -99 
-152 97 
-38 -195 
192 111 
-161 -10 
-188 -52 
102 31 
7 23 
-143 -189 
136 43 
-161 -89 
-185 188 
-8 -159 
-172 102 
-9 16 
-49 72 
61 -169 
-44 88 
35 -60 
111 -146 
-32 -164 
23 146 
138 -130 
-80 -120 
78 -152 
102 24 
153 55 
-116 124 
-157 145 
-120 113 
-162 -41 
50 120 
112 -140 
13 -117 
-149 59 
156 128 
-187 -47 
-178 -106 
171 91 
49 -19 
-23 195 
-126 -46 
31 161 
25 -103 
-53 -160 
114 -144 
-159 -58 
147 92 
-95 -7 
4 -135 
146 72 
8 109 
81 94 
137 178 
90 -101 
51 78 
169 80 
-188 65 
-170 -91 
-148 102 
87 -192 
-112 31 
133 36 
172 74 
71 -113 
-34 3 
186 -121 
-42 -129 
8 24 
22 -95 
180 29 
9 133 
-195 -55 
-132 -188 
126 -167 
-1 -189 
110 -68 
49 72 
-75 -110 
45 164 
-29 77 
-159 122 
171 57 
-150 -182 
167 -104 
-171 58 
-6 -112 
-46 109 
-151 124 
164 87 
155 -137 
-15 -70 
-147 -142 
-167 -107 
-7 70 
182 80 
-94 36 
-81 116 
-51 94 
-125 138 
119 53 
-52 -2 
-96 -7 
190 19 
-146 10 
-39 -51 
-92 -89 
-121 55 
123 -177 
138 -30 
44 158 
-164 -200 
76 -52 
44 7 
-145 103 
57 68 
-111 -69 
88 -87 
171 -69 
-149 192 
19 76 
-50 20 
-96 -13 
-193 156 
-124 -125 
-29 -128 
150 -117 
133 -174 
8 169 
96 -52 
-56 90 
-182 69 
-164 157 
107 -32 
-111 81 
168 -138 
184 58 
-62 -108 
-142 135 
-166 -150 
51 -173 
-28 76 
54 -100 
10 125 
-93 -41 
-117 151 
183 -117 
-189 193 
-159 29 
195 92 
159 -133 
89 174 
-1 -71 
152 98 
5 -7 
180 -104 
60 -90 
123 -189 
-90 -158 
-33 153 
-119 -71 
-143 -102 
52 -106 
9 -48 
165 -125 
-172 -193 
-85 -170 
-131 134 
40 -154 
199 125 
99 -192 
132 -90 
161 -7 
181 -61 
59 55 
-62 92 
-100 56 
-93 -160 
156 -149 
-68 -51 
-142 92 
149 -190 
-78 -40 
112 122 
183 68 
-159 -187 
-18 70 
-188 -84 
-21 8 
-115 137 
-161 46 
155 -130 
95 -79 
170 192 
183 -175 
-161 110 
-149 30 
173 121 
103 -121 
176 67 
122 65 
36 132 
102 144 
126 -40 
170 -25 
64 141 
-86 -48 
-147 -66 
-152 37 
95 18 
139 85 
-116 67 
6 -72 
-129 108 
119 -160 
-130 1 
-129 -126 
-80 -149 
133 -26 
153 -51 
163 10 
133 -151 
-87 -151 
-42 189 
59 57 
68 107 
-111 -157 
114 -62 
-62 -65 
-88 -85 
-120 178 
-154 -169 
-30 -154 
147 -10 
17 -101 
-76 78 
-125 172 
-79 -151 
-99 120 
-78 3 
-42 190 
-57 1 
59 -7 
21 3 
-30 -38 
-197 -3 
84 15 
89 -101 
-113 176 
-153 55 
-199 84 
161 -61 
-126 174 
-133 160 
-83 106 
183 55 
-39 -191 
162 -59 
-166 149 
7 114 
194 92 
-106 -129 
123 59 
-149 -67 
31 168 
151 -13 
-181 80 
131 -11 
-126 43 
22 30 
196 -171 
-119 -87 
-165 157 
132 94 
12 96 
175 -183 
28 44 
-154 138 
10 169 
29 53 
110 166 
-149 -89 
66 -173 
-196 101 
-170 -128 
-117 110 
-147 127 
51 -139 
70 -55 
-160 -191 
-1 82 
-11 176 
-162 78 
134 156 
-96 56 
-168 -4 
62 44 
154 -58 
-85 -39 
186 -122 
-53 -149 
-142 194 
61 197 
-137 -55 
142 190 
-31 -115 
-79 196 
-197 188 
171 113 
50 -46 
-147 -67 
-192 -127 
168 53 
-64 142 
-181 126 
166 -2 
-176 -102 
130 -48 
-81 38 
-173 135 
-120 80 
-167 163 
-122 -27 
103 151 
176 -152 
-103 -6 
16 161 
-140 52 
193 -143 
54 6 
111 -158 
-91 107 
36 153 
106 -147 
138 -100 
-21 151 
-134 28 
-3 161 
138 35 
141 94 
180 -159 
178 -108 
184 -63 
127 -72 
110 -176 
-81 -158 
93 -106 
4 63 
-50 94 
8 179 
-76 -150 
-141 -50 
-162 -149 
148 -164 
183 100 
150 -198 
-196 -85 
-151 75 
107 156 
155 -111 
-193 -136 
-52 -38 
167 -187 
-69 101 
-107 -48 
26 -110 
72 192 
118 40 
25 -7 
83 -168 
-67 198 
180 -96 
-188 -181 
-118 -1 
116 144 
-19 -93 
155 109 
28 74 
-108 152 
-144 -14 
166 -162 
125 62 
-14 -134 
60 10 
-43 49 
141 147 
108 -10 
-113 42 
139 -168 
-167 52 
-124 99 
60 149 
104 125 
-199 185 
-110 -45 
-174 -76 
-28 -153 
-15 156 
162 172 
48 79 
93 -175 
-192 -21 
-60 150 
6 -50 
-136 -132 
-75 45 
3 -106 
-95 -147 
-34 198 
-126 -145 
-31 34 
-151 159 
126 -65 
-3 -13 
53 -43 
75 -143 
66 56 
-71 -151 
125 -120 
-138 144 
-117 0 
6 28 
-74 -198 
-123 -41 
-98 -69 
-109 -102 
7 -102 
79 67 
-106 124 
-6 -170 
-69 30 
155 12 
12 -75 
-107 -88 
-67 117 
-182 -131 
102 -118 
4 -163 
-136 76 
51 89 
-180 173 
198 -32 
75 186 
127 -58 
193 43 
-156 -7 
-85 -188 
-159 -119 
-97 168 
64 -185 
102 138 
-190 196 
79 -190 
-8 160 
97 96 
65 151 
-23 -29 
7 -178 
66 -100 
-123 194 
184 106 
74 119 
-177 -92 
-9 -171 
-53 -26 
55 -86 
-40 -23 
25 -120 
104 -26 
-52 124 
-136 187 
-101 -128 
3 42 
-118 -193 
34 83 
16 -145 
2 67 
14 38 
-91 -146 
-49 -124 
-39 36 
115 -74 
21 136 
22 -108 
-117 81 
32 -64 
185 -4 
-187 -53 
-159 -173 
-28 -191 
42 128 
108 131 
-122 -11 
-115 59 
-168 -22 
-82 143 
57 96 
70 194 
-44 17 
-15 109 
161 95 
168 32 
64 -66 
-45 0 
-65 84 
-11 118 
-96 29 
174 90 
-118 -134 
-28 -180 
185 50 
-190 71 
117 141 
76 17 
-61 -12 
-101 121 
180 -157 
146 149 
-197 148 
141 -109 
-46 34 
-164 -115 
17 154 
-163 177 
115 184 
-173 38 
-41 -194 
13 58 
17 -10 
125 159 
56 110 
-140 -46 
-70 69 
52 173 
191 25 
20 144 
-114 -38 
-2 -40 
193 49 
159 -84 
173 -19 
153 -177 
-163 189 
-81 82 
19 -94 
130 114 
35 161 
131 99 
88 -50 
13 134 
181 -60 
-71 -84 
132 122 
-19 132 
137 -144 
-77 -67 
-187 -52 
-194 152 
-104 -74 
87 -102 
-152 -96 
179 115 
18 61 
114 -176 
128 -108 
61 -136 
21 106 
146 -123 
194 150 
70 158 
187 67 
126 86 
169 -181 
-31 -117 
94 20 
-157 52 
-56 180 
-163 168 
-178 140 
-16 54 
150 -96 
-73 -111 
-8 152 
-135 -116 
-83 131 
89 156 
-117 -56 
-40 -52 
-120 115 
-69 -118 
-174 163 
-80 -82 
60 -119 
181 178 
-3 131 
99 31 
104 169 
-107 47 
-43 -144 
-89 -78 
62 -79 
81 68 
-76 1 
99 65 
-157 -62 
122 -1 
-199 24 
19 89 
-31 51 
151 18 
-101 51 
103 39 
-74 -158 
-21 -86 
-27 9 
129 132 
125 94 
-148 59 
-70 -39 
114 199 
95 46 
140 -173 
17 82 
-61 159 
90 -183 
61 -161 
32 -110 
-89 2 
-80 7 
132 15 
138 152 
14 -39 
-63 -197 
-100 -188 
-171 -132 
49 -160 
181 -135 
168 34 
-98 167 
-141 109 
118 -24 
59 -46 
-23 -127 
166 -144 
-194 163 
110 -134 
192 -195 
116 139 
26 -139 
-127 -91 
-169 -146 
63 -4 
-200 70 
132 -152 
-122 -108 
3 33 
118 2 
78 82 
151 108 
107 181 
95 29 
130 160 
55 146 
-21 103 
159 -118 
29 134 
-153 175 
133 -176 
-170 149 
59 -26 
-119 30 
-168 27 
-35 150 
49 -141 
182 110 
-87 -177 
-194 112 
-66 -25 
-162 84 
-69 45 
-173 -199 
23 -4 
-28 169 
-46 93 
-150 -51 
-10 37 
-79 134 
117 123 
160 -71 
168 24 
-11 -160 
-31 -95 
-113 135 
92 112 
-98 -161 
102 164 
144 139 
-79 132 
107 -28 
154 -200 
-15 -118 
-79 108 
140 57 
160 156 
64 -13 
6 38 
-172 156 
-49 15 
-47 159 
65 -130 
-39 135 
-74 112 
133 11 
11 -6 
-123 175 
108 20 
-178 22 
54 -134 
-102 -110 
-93 68 
109 5 
-175 -81 
156 113 
181 -50 
-101 115 
4 13 
-143 -169 
130 -138 
126 -99 
27 112 
191 -66 
58 -176 
76 -184 
130 116 
-11 121 
-81 -68 
22 192 
-196 176 
-15 -43 
-184 -23 
-170 -61 
-6 -90 
194 87 
112 -42 
-139 140 
32 156 
143 -71 
-149 189 
164 102 
-128 -147 
172 98 
-159 -54 
-154 -54 
-141 -46 
20 -160 
-133 -32 
-104 191 
173 169 
-71 9 
129 -72 
30 -47 
-150 48 
195 132 
89 -72 
108 -57 
-10 -67 
3 -111 
-122 -112 
-173 -22 
-178 -91 
27 11 
156 -137 
-133 181 
-73 77 
181 -100 
184 141 
17 18 
-127 -47 
188 -197 
71 -38 
-15 48 
152 -110 
-161 -133 
-166 181 
-2 -114 
-108 22 
119 -185 
-92 142 
196 137 
-192 151 
-198 -192 
-169 73 
-54 67 
-14 -2 
-22 46 
23 -140 
-146 46 
-38 199 
136 -191 
2 149 
35 75 
-88 114 
-147 -161 
134 73 
64 -188 
137 5 
-41 -88 
-72 -17 
19 16 
-197 -121 
93 136 
-152 73 
-73 54 
-100 184 
60 -176 
-56 -62 
-184 -90 
162 -142 
136 -113 
13 133 
-133 68 
-119 170 
89 -10 
185 184 
-192 62 
-170 -21 
-85 -111 
-164 86 
116 -106 
3 121 
197 6 
94 137 
74 -162 
112 173 
-104 -24 
-61 21 
97 65 
72 68 
2 115 
59 -181 
-194 87 
-76 114 
27 32 
-20 -173 
46 58 
-145 115 
71 -196 
-46 -119 
50 69 
92 -168 
180 -51 
146 -36 
41 65 
-136 -124 
-66 86 
145 185 
-190 2 
112 -139 
73 -40 
64 -6 
126 80 
-195 30 
174 -199 
30 88 
-51 -144 
13 -84 
45 -97 
165 15 
92 81 
-76 -141 
-195 71 
-94 -123 
148 -182 
11 -24 
126 31 
29 149 
11 -36 
-98 -105 
121 191 
194 -49 
-162 -11 
104 -195 
83 118 
31 -98 
50 -152 
-28 147 
-78 195 
13 169 
-70 11 
-124 -92 
-96 -97 
130 -117 
116 -71 
23 -51 
-56 130 
-180 168 
-12 -45 
64 -48 
53 56 
135 190 
-174 112 
-141 -63 
-187 29 
108 -25 
-139 2 
-62 73 
97 178 
193 -125 
-27 -144 
-89 -63 
50 145 
46 -16 
-106 198 
21 -11 
-107 -4 
195 -34 
39 -168 
-119 116 
-164 88 
-181 -178 
107 -17 
98 -188 
-97 153 
-163 -76 
-52 -108 
-142 -74 
12 -44 
-130 -10 
116 -78 
42 -9 
-162 -71 
81 116 
174 63 
-147 -83 
63 -139 
46 -161 
96 -63 
-67 -115 
-114 -74 
-2 -7 
164 -15 
-78 -52 
-197 -75 
83 31 
119 -37 
-151 178 
-49 164 
-165 12 
61 -146 
-139 -61 
160 3 
-50 -86 
176 -17 
-45 188 
-93 112 
-107 150 
87 125 
-38 190 
12 26 
99 -28 
79 82 
-151 -112 
140 156 
-151 -11 
-49 -53 
113 -75 
-128 -168 
-30 -104 
-162 155 
-115 -132 
-103 -98 
186 61 
-78 -157 
-17 -95 
-170 164 
-105 138 
186 -138 
-14 165 
-71 -162 
-161 -62 
-19 -94 
-200 141 
-73 64 
-108 0 
84 59 
74 -154 
-191 161 
134 190 
-148 191 
191 -172 
190 49 
-57 71 
124 183 
-174 -25 
139 59 
117 68 
198 -39 
-147 199 
-7 -4 
-113 -132 
186 -75 
-75 57 
-143 172 
-78 37 
106 -38 
-186 177 
13 147 
14 -12 
-99 93 
103 149 
140 -41 
-107 62 
172 -192 
-135 -19 
-181 -7 
37 155 
-37 154 
47 88 
-108 -63 
8 116 
37 -149 
183 -40 
-14 -57 
118 -139 
-121 -191 
29 100 
-14 -117 
50 -30 
-140 -79 
163 29 
172 -35 
77 41 
35 -186 
89 -51 
181 174 
-84 70 
-82 52 
-148 -179 
-89 197 
-59 44 
153 182 
-36 -37 
-196 -98 
178 -141 
-150 192 
141 -84 
-107 -55 
182 -17 
103 -50 
-26 -101 
81 -29 
90 47 
97 98 
9 -63 
72 -21 
-115 -54 
-174 -71 
122 -142 
-176 60 
116 194 
105 -191 
-134 180 
-165 196 
128 67 
47 32 
-54 -177 
-126 172 
-180 -147 
34 164 
-133 -2 
107 -41 
-22 -168 
15 168 
-106 -138 
-73 30 
126 -62 
-26 -14 
174 -83 
53 -13 
-142 4 
-99 -188 
-156 9 
129 79 
78 93 
180 120 
151 -68 
-143 -42 
-65 182 
-28 103 
-16 161 
-19 -98 
-164 167 
-23 40 
154 77 
41 161 
94 147 
-40 16 
-54 -128 
-102 175 
-96 -55 
-24 -44 
-129 123 
36 85 
19 -161 
106 37 
-123 -184 
-118 -125 
2 187 
48 68 
93 151 
107 -78 
10 -50 
-184 142 
2 -9 
75 -17 
34 167 
-131 -44 
72 -83 
190 -151 
-114 184 
-109 -130 
129 160 
-59 -94 
-18 -83 
35 48 
-167 123 
-108 47 
147 57 
-171 -105 
190 121 
51 197 
-63 47 
-113 -172 
-8 -158 
-11 188 
-136 79 
-123 -102 
-145 -30 
41 189 
2 159 
-60 82 
150 187 
-116 -49 
-80 0 
28 -28 
-170 -171 
1 -13 
-76 -100 
64 -93 
34 47 
-91 83 
179 -155 
-183 198 
-137 148 
98 162 
0 -117 
-22 -116 
126 -189 
-69 194 
82 -187 
-55 -48 
-86 -173 
105 -195 
-51 -185 
18 -71 
11 -176 
68 197 
-14 159 
-109 105 
-162 110 
-179 23 
112 5 
-176 -71 
159 54 
156 -141 
45 37 
196 64 
-107 -198 
71 -37 
-61 172 
66 71 
107 183 
-117 173 
94 113 
178 37 
-155 -172 
-75 43 
-196 159 
-63 -154 
-169 176 
-153 -165 
-90 179 
100 101 
-190 191 
-168 -27 
148 162 
-38 42 
-111 -171 
84 37 
125 34 
54 -196 
66 -21 
186 29 
68 -167 
-93 -148 
-171 92 
150 -158 
179 45 
191 14 
155 176 
97 -200 
28 142 
-155 66 
-101 16 
166 142 
-60 111 
-170 -132 
144 -15 
47 -198 
-21 -188 
61 140 
154 3 
64 35 
4 -157 
91 6 
-184 -33 
-66 -83 
87 -120 
-53 -168 
38 -139 
-49 147 
1 -176 
184 -184 
164 -141 
106 60 
-42 161 
182 -93 
144 -13 
-9 157 
12 -83 
48 -198 
-125 2 
-50 53 
-134 -91 
-66 63 
180 157 
173 -119 
-160 159 
-115 -171 
39 52 
27 68 
152 90 
-17 -21 
159 145 
177 -185 
119 121 
30 -22 
-107 37 
-139 145 
86 -145 
-72 10 
-5 -56 
67 -2 
-194 -105 
-74 -145 
-3 90 
44 9 
102 -126 
56 -151 
-41 -125 
-73 180 
124 194 
111 -66 
-47 -55 
-21 108 
-181 98 
-180 -66 
-191 9 
129 173 
123 -58 
64 144 
-134 16 
138 -194 
104 -130 
-2 -34 
-56 -38 
160 -5 
-3 -170 
-90 -117 
109 112 
25 -153 
46 74 
-12 -5 
40 -150 
147 114 
-94 159 
188 70 
64 -60 
-124 197 
37 14 
-178 188 
-129 -13 
68 182 
27 136 
-94 63 
196 -183 
-20 -79 
65 85 
-40 15 
136 -38 
51 178 
-178 124 
114 -20 
94 10 
30 61 
13 -33 
-4 -121 
82 -148 
-194 -144 
86 60 
123 185 
-124 -74 
-171 112 
29 -200 
-84 -139 
124 27 
191 37 
128 177 
117 -168 
-76 106 
24 133 
-182 122 
-11 -155 
-105 -69 
156 -188 
-127 -196 
7 -125 
187 -17 
-155 127 
-196 -31 
-193 100 
16 63 
192 -56 
-22 113 
56 -1 
144 -134 
-82 156 
133 127 
146 107 
112 179 
-8 167 
-95 -57 
-34 -33 
113 -66 
-138 37 
7 -156 
-134 -19 
-53 -19 
-155 -50 
-196 -21 
77 45 
-105 -156 
3 -113 
43 158 
-97 128 
-111 142 
114 157 
114 96 
126 -10 
-155 49 
24 96 
6 21 
147 -88 
186 -33 
176 -183 
-19 0 
105 77 
177 145 
58 173 
115 185 
-158 101 
108 -199 
-192 -27 
175 -124 
97 -140 
-52 -153 
-171 4 
2 -49 
107 -10 
124 -130 
-4 27 
-86 -58 
27 -74 
-188 141 
-180 80 
-27 129 
185 -68 
-71 18 
-102 0 
156 90 
56 -117 
114 19 
-161 -184 
31 -133 
190 150 
-83 -92 
89 125 
76 177 
147 162 
48 -195 
-178 24 
131 198 
168 122 
79 89 
121 2 
183 -127 
-4 172 
97 -134 
104 -83 
-121 -115 
-26 42 
-131 12 
-1 197 
110 -144 
-159 91 
156 -35 
123 -96 
-188 17 
85 148 
-104 80 
47 84 
-125 -12 
154 -196 
13 -100 
4 -188 
-168 168 
-67 -114 
116 32 
145 -60 
-139 -111 
-41 -145 
-53 -154 
95 -177 
185 134 
-27 23 
-18 -159 
-45 149 
-188 -17 
135 -172 
-64 131 
-141 -136 
-192 -120 
-6 143 
-56 -186 
-172 -119 
168 -115 
196 97 
100 159 
2 156 
-64 -198 
170 -164 
-43 -193 
10 -195 
-64 -80 
-135 67 
-78 -122 
50 73 
-170 167 
143 -92 
123 -81 
-79 150 
-179 100 
95 -178 
-86 21 
-109 -177 
199 -35 
30 69 
158 -110 
44 -117 
-199 -153 
-145 -9 
48 64 
67 170 
-179 98 
-196 -167 
-161 -63 
110 -175 
-59 178 
99 197 
-152 -159 
126 33 
-72 28 
-177 33 
87 85 
-112 -130 
-36 103 
182 7 
174 180 
2 54 
-121 57 
180 -35 
-172 -91 
-197 -98 
66 -138 
-3 -126 
-88 -36 
-182 168 
-22 -19 
132 39 
134 183 
181 -145 
-175 72 
-28 -143 
-160 18 
-178 73 
-137 -141 
-131 -177 
-59 -19 
35 171 
-148 101 
-199 -120 
112 46 
-22 -173 
159 100 
-42 -182 
60 20 
28 177 
76 -173 
-27 -45 
-160 -128 
158 134 
-171 102 
83 93 
-168 -134 
-123 -140 
178 32 
30 -64 
84 74 
-178 -112 
189 -138 
-27 197 
12 -151 
-174 9 
150 -82 
185 108 
191 -163 
56 -71 
29 179 
-52 28 
-50 -123 
-199 146 
157 -167 
-33 81 
-14 -149 
107 -175 
-3 107 
195 122 
-102 -90 
57 -146 
71 -176 
-200 113 
16 -17 
78 -93 
-99 -85 
-102 -93 
-6 55 
-119 125 
-128 198 
177 105 
114 -198 
145 -167 
32 -162 
197 -58 
-26 47 
42 136 
-61 189 
-159 -128 
-137 51 
-97 -146 
-79 -193 
-27 177 
-78 97 
-100 -113 
-128 -69 
-65 -49 
-187 24 
45 127 
-118 40 
-52 -43 
111 88 
-160 70 
-90 -46 
67 5 
-150 -105 
-78 -197 
-142 -65 
73 -140 
-75 -84 
-170 26 
32 191 
-57 11 
77 -83 
68 -171 
188 -7 
86 -185 
-90 -23 
53 58 
89 193 
173 -71 
47 150 
195 -69 
191 98 
-84 149 
143 -192 
60 99 
111 -47 
85 165 
-67 40 
-1 -77 
156 -160 
-70 191 
162 128 
55 -197 
58 -195 
19 70 
-148 142 
111 -83 
65 185 
-12 176 
164 135 
-66 -200 
45 -158 
-83 64 
96 -20 
72 -69 
-44 86 
93 47 
-41 -95 
-151 -91 
-131 98 
-123 131 
0 139 
62 -5 
-97 -130 
-183 90 
176 84 
-188 66 
189 -76 
-45 -195 
156 88 
145 4 
-88 58 
-187 -50 
140 -132 
161 -48 
-45 -191 
-138 -110 
22 -27 
29 182 
149 -200 
170 -110 
-89 123 
-97 -164 
-88 100 
-49 -140 
-91 -58 
198 -28 
-132 -120 
190 196 
16 178 
70 37 
-176 -10 
-67 167 
119 -55 
-171 -136 
-83 88 
166 79 
20 -59 
-117 -114 
162 196 
75 95 
-53 186 
-58 -63 
-173 145 
193 51 
163 71 
-158 148 
153 -39 
-123 -176 
-54 -116 
45 88 
-106 -95 
-27 -189 
-177 58 
-198 140 
-72 55 
177 133 
-62 167 
143 -100 
50 116 
-140 -32 
134 -170 
188 -160 
-146 116 
80 -170 
-177 182 
125 -185 
98 114 
152 -92 
50 -51 
-175 10 
124 -75 
-134 -36 
26 -103 
179 -63 
101 -175 
5 -48 
116 -50 
127 8 
189 145 
-138 -130 
135 101 
-136 -134 
-97 31 
114 -18 
129 -175 
122 -154 
-47 -36 
-85 189 
-130 188 
187 -111 
-120 83 
156 170 
151 -160 
-186 -171 
-67 58 
-194 -21 
-108 8 
-1 156 
91 154 
-77 -32 
103 190 
-167 -62 
195 176 
-136 70 
103 -171 
53 75 
-143 91 
195 -48 
198 28 
-172 -163 
6 -140 
63 92 
-188 32 
-199 -196 
-145 24 
-115 -116 
10 175 
115 136 
175 165 
32 90 
-197 -170 
35 121 
103 -21 
25 86 
114 86 
-58 143 
-62 -19 
-79 -140 
-67 -85 
13 110 
99 39 
-18 19 
33 185 
52 -73 
-112 -38 
-195 48 
170 47 
-9 -107 
72 193 
-191 179 
85 184 
21 64 
-90 -104 
136 -13 
-173 -50 
-136 -104 
31 -20 
-189 43 
84 -9 
16 102 
121 47 
178 -38 
-48 156 
104 57 
-175 55 
-187 -126 
-107 -151 
-12 20 
10 -53 
98 42 
79 193 
-13 107 
-171 -1 
21 171 
-52 113 
-72 -137 
101 -140 
133 140 
46 36 
68 -88 
114 169 
-50 -163 
-73 110 
118 -98 
88 -121 
5 182 
162 61 
108 -38 
41 -130 
-142 94 
-185 -159 
97 63 
164 82 
-169 -191 
-38 53 
-142 -130 
-170 -159 
-40 166 
197 166 
68 184 
122 -127 
121 31 
-196 -51 
-129 -5 
-65 37 
-120 -122 
-48 -173 
-149 13 
64 -108 
-169 136 
-33 -175 
17 43 
78 -138 
-200 -39 
-31 82 
190 98 
111 -71 
25 -41 
14 24 
68 177 
56 -8 
189 -128 
-18 -57 
-32 169 
-74 -26 
-100 163 
54 52 
3 20 
6 65 
-17 136 
-56 112 
31 196 
108 34 
-158 -67 
-56 8 
142 -171 
-163 27 
-190 -136 
141 97 
76 -15 
178 -126 
-172 -179 
-39 122 
-162 113 
48 45 
-128 43 
49 -175 
-107 -34 
42 197 
65 153 
-94 97 
174 105 
-132 96 
-137 174 
-32 11 
-176 -95 
39 182 
-131 -43 
-123 111 
-76 120 
-95 184 
-44 -6 
-109 -82 
74 158 
-185 -94 
-141 -151 
-101 -142 
162 -194 
45 -98 
-113 121 
69 85 
198 -9 
95 12 
-199 117 
124 29 
191 87 
-39 156 
-2 9 
-10 -16 
-2 -87 
-10 -161 
-65 73 
155 -162 
-185 40 
50 142 
-150 167 
7 -99 
160 196 
-113 -2 
5 91 
-33 79 
123 -161 
-26 -82 
-143 121 
93 -179 
127 -110 
-99 -199 
107 -190 
144 35 
43 -14 
199 -4 
196 -157 
-197 183 
166 -23 
190 24 
128 77 
43 -97 
-99 126 
6 -37 
146 -153 
-162 70 
-128 24 
-122 -54 
-143 -110 
187 -89 
59 -106 
175 -99 
118 190 
-25 -31 
-23 -172 
-30 -161 
-135 59 
112 162 
193 -155 
-149 -124 
109 178 
-62 -123 
-86 -96 
60 -129 
-26 -100 
-53 -34 
61 105 
-8 30 
85 131 
-183 3 
-184 23 
23 44 
147 -169 
-43 -91 
120 -161 
32 6 
80 52 
-92 -150 
-88 164 
102 -56 
136 -41 
97 20 
-45 68 
27 119 
170 117 
-80 -72 
41 115 
161 -6 
78 -47 
-84 -10 
153 -160 
108 147 
141 53 
38 91 
-161 -193 
71 -145 
-162 -177 
-17 -179 
171 -186 
131 -110 
90 -162 
9 -170 
104 -14 
-104 93 
-73 88 
-76 -17 
148 -57 
-58 -29 
126 93 
-126 -24 
-130 -167 
170 12 
-198 81 
82 150 
-40 -134 
101 -172 
136 -109 
185 119 
-71 -100 
164 95 
9 -102 
16 67 
-12 84 
-72 177 
98 67 
-108 19 
174 6 
-44 -99 
-141 -66 
8 -176 
-18 97 
-41 83 
106 180 
-64 33 
177 72 
-100 -49 
46 -116 
59 168 
-23 -114 
72 102 
80 49 
147 -185 
-71 -147 
-51 118 
134 -124 
-197 121 
-165 -19 
149 165 
-163 113 
44 -99 
-152 162 
-82 -73 
35 98 
-107 -165 
22 -189 
-146 53 
109 164 
-40 -17 
82 -119 
-189 -176 
-149 106 
5 50 
151 146 
-139 -122 
-35 14 
-100 142 
66 -108 
-173 -47 
-134 30 
68 -110 
4 -22 
-200 34 
-63 -109 
-160 138 
142 79 
172 -74 
-178 -113 
51 -113 
-195 -191 
47 -144 
-147 187 
-89 -126 
-6 5 
-199 -161 
131 146 
163 121 
141 -55 
113 -35 
108 -155 
-66 58 
135 107 
-8 14 
-193 -58 
103 -57 
-153 67 
93 32 
37 -148 
-59 150 
-33 -103 
22 -186 
65 -133 
111 116 
3 168 
124 31 
191 36 
112 172 
-198 55 
83 -5 
176 -68 
-116 -30 
-188 50 
-79 154 
149 22 
25 161 
176 70 
-177 -143 
137 -8 
171 -25 
-152 -38 
-176 187 
-33 14 
82 -68 
-143 -123 
78 -193 
-101 -28 
159 99 
-163 -75 
140 -29 
-167 -178 
-50 -11 
-94 -152 
69 -131 
-95 -148 
147 -160 
108 3 
55 133 
68 -25 
-41 37 
-171 196 
-38 37 
-36 2 
-50 -152 
26 151 
-38 -135 
-124 -58 
48 -175 
-165 36 
147 81 
-134 -187 
126 -168 
-108 -183 
-114 191 
87 -151 
-11 180 
166 -86 
-192 176 
76 -198 
49 172 
151 -36 
24 0 
109 189 
147 60 
97 -149 
-95 33 
-164 8 
70 134 
-107 -37 
72 104 
-37 -12 
156 -80 
171 -180 
-64 -71 
101 -52 
-160 -20 
96 -157 
126 79 
-90 89 
166 -104 
-88 -159 
-150 -165 
-5 -41 
134 56 
-98 100 
-68 -107 
-32 170 
155 95 
-32 -64 
112 22 
161 14 
-166 96 
42 166 
-96 12 
-75 112 
127 114 
37 -183 
158 103 
112 -1 
145 -195 
19 -37 
-141 78 
29 123 
-92 -15 
176 -42 
38 -186 
-1 93 
-127 -22 
-26 179 
113 -133 
184 198 
-45 97 
12 -194 
-16 -166 
37 106 
46 7 
117 79 
134 25 
83 -162 
3 9 
-111 53 
26 112 
119 -148 
122 51 
-126 92 
93 -122 
161 -5 
32 65 
133 39 
-132 -76 
-186 -181 
76 1 
-153 -85 
-167 -102 
175 192 
-53 -7 
-112 113 
0 156 
-80 69 
170 -103 
-74 -13 
188 8 
197 -114 
144 106 
194 10 
-129 44 
126 -132 
21 9 
182 -43 
169 -44 
28 -61 
125 -41 
74 21 
9 192 
-119 -200 
-196 27 
104 -157 
187 -136 
10 194 
161 23 
125 40 
83 12 
-40 -190 
-187 152 
155 37 
0 41 
-109 107 
78 49 
142 111 
58 -88 
197 142 
154 -17 
95 -49 
42 135 
25 -107 
96 67 
26 13 
56 -161 
-90 31 
106 -163 
-172 16 
186 -170 
9 99 
176 -129 
-179 50 
145 28 
-104 -23 
-188 -35 
154 -164 
128 119 
-167 176 
-165 45 
157 38 
112 -122 
-6 -181 
-19 -190 
-125 43 
76 7 
100 19 
64 81 
-27 7 
145 -3 
-182 99 
30 86 
19 35 
-191 -156 
112 145 
-189 -108 
83 -123 
-94 174 
165 36 
69 -41 
84 -32 
-1 167 
-145 34 
-109 -125 
-76 99 
113 -15 
196 125 
-68 177 
-104 -31 
24 79 
162 -75 
0 61 
-9 124 
36 -34 
82 -33 
117 100 
-143 31 
94 178 
-173 -7 
39 95 
-187 39 
-131 32 
-101 61 
-80 -170 
-172 180 
-169 -180 
-91 23 
15 1 
-72 154 
-117 67 
45 175 
78 124 
51 71 
-83 -129 
129 31 
153 -11 
143 -184 
-173 144 
-86 -127 
-104 -181 
-107 -145 
-75 -160 
110 136 
-41 -119 
-80 101 
59 -140 
168 -72 
-121 172 
-101 -29 
-58 -17 
88 -124 
67 -121 
5 -119 
57 -93 
194 -36 
170 121 
30 -176 
-120 8 
-23 86 
-84 57 
-197 185 
-85 -96 
-51 -70 
49 18 
168 95 
-71 -45 
9 -14 
51 19 
123 -148 
-45 -7 
-166 -7 
0 -72 
-60 140 
-134 -62 
94 -33 
4 195 
63 188 
-117 160 
-85 -5 
-174 77 
128 -117 
14 19 
-184 103 
147 -172 
-67 128 
199 -10 
119 -53 
49 108 
-43 14 
-170 95 
-132 -171 
-153 -126 
187 73 
-131 162 
-147 152 
8 -60 
30 -20 
-189 9 
-101 189 
-127 -42 
91 126 
99 -148 
174 -44 
141 -75 
81 -108 
-48 185 
-163 -48 
-182 87 
192 53 
184 -29 
-119 -106 
13 170 
-66 -5 
-138 -10 
-52 156 
-82 129 
13 69 
-34 47 
-101 42 
94 29 
-97 183 
110 7 
32 89 
-96 80 
-74 95 
-46 189 
98 -130 
-129 74 
-87 135 
-67 -83 
-135 140 
-156 65 
112 -174 
199 -162 
44 51 
-74 29 
-158 44 
-4 -140 
190 -69 
1 32 
166 -57 
138 -200 
1 13 
41 131 
82 14 
-15 35 
-10 -77 
-142 131 
160 -108 
-67 -78 
-103 15 
0 -79 
29 -3 
42 -37 
-162 -80 
31 -51 
-112 47 
-135 191 
-90 139 
-49 -159 
105 15 
12 -118 
143 -27 
115 -186 
51 106 
9 143 
64 6 
-18 133 
-74 122 
152 -111 
-167 -161 
106 -88 
123 35 
-199 197 
-58 -2 
62 -128 
87 -173 
-5 -102 
96 88 
140 -87 
-182 84 
-24 -85 
-95 123 
42 -123 
-35 7 
-110 116 
10 138 
-102 21 
-45 22 
72 -121 
5 -173 
-100 -8 
55 -184 
-61 -97 
40 184 
87 -9 
-79 -110 
-112 0 
19 -139 
-84 -146 
149 -67 
-154 -88 
25 -74 
-156 -146 
46 176 
117 76 
171 -23 
-76 -187 
-183 101 
-41 118 
-26 76 
98 -70 
-179 24 
149 -93 
-124 -128 
69 191 
-160 -162 
35 -21 
5 -96 
-1 170 
105 199 
29 81 
-199 6 
-13 49 
-23 161 
-198 -140 
-53 185 
141 43 
-194 190 
149 -8 
-129 -163 
-54 174 
148 -105 
23 -37 
163 -26 
137 73 
-14 14 
136 -177 
55 89 
-178 -57 
172 11 
44 171 
-20 80 
102 114 
-95 29 
4 -68 
-111 -14 
-196 -102 
-103 -100 
-34 -7 
55 100 
-183 -170 
167 11 
-24 -155 
-120 51 
26 -37 
87 -123 
-148 -131 
-132 -65 
76 -146 
-143 -117 
-141 -65 
-195 -116 
-72 -60 
179 46 
198 -181 
-71 97 
78 -185 
-37 -101 
-183 8 
190 -134 
13 109 
30 -88 
-130 -78 
98 -83 
-142 -174 
-10 20 
-169 -77 
196 103 
138 48 
109 -10 
54 -14 
180 76 
170 -149 
54 -53 
67 -16 
90 -143 
-38 166 
-53 51 
-94 -48 
-125 -101 
-15 -175 
-55 44 
-77 94 
-113 159 
81 -11 
-49 163 
-124 -198 
123 69 
-63 138 
189 -122 
133 124 
184 48 
-34 10 
159 197 
-191 86 
-96 -127 
171 -103 
87 18 
117 92 
158 -60 
-22 81 
133 -195 
186 -180 
-125 -181 
-105 -86 
-15 -155 
-116 76 
33 -200 
131 -127 
-15 -109 
181 151 
-131 -125 
-168 26 
-168 40 
-182 -28 
183 -168 
194 132 
-41 -73 
160 128 
192 -116 
-152 177 
-72 -114 
-64 -67 
-124 148 
-133 107 
21 -39 
-142 113 
-95 -118 
-69 160 
-179 105 
-15 29 
63 98 
125 30 
45 -56 
-122 44 
135 -134 
-167 -37 
-155 -38 
-146 190 
104 130 
-169 90 
-33 125 
75 -164 
182 -5 
49 -144 
-196 -155 
31 -134 
-86 -67 
-113 -79 
-123 152 
177 131 
-7 96 
73 -52 
38 110 
-83 -61 
2 -178 
-9 -55 
-29 -8 
-169 40 
-29 73 
-67 96 
-115 -28 
45 -115 
-199 -49 
97 129 
-24 108 
-115 -103 
-155 190 
-134 188 
-19 161 
195 59 
116 -67 
17 -32 
150 -169 
177 -199 
-79 94 
104 140 
40 -129 
95 -130 
79 -100 
-50 108 
74 -81 
17 -143 
179 -6 
-100 -35 
27 96 
-148 -100 
-172 151 
-23 -113 
137 -181 
19 -155 
149 171 
139 22 
1 -160 
24 -148 
-185 -69 
149 -199 
-136 156 
147 -166 
-66 -155 
191 58 
-85 -86 
-74 -133 
161 46 
9 -60 
26 -34 
182 -86 
44 -121 
194 -56 
19 31 
-97 -88 
174 50 
87 167 
156 121 
-105 110 
-179 113 
93 42 
112 -2 
-196 26 
17 -146 
-178 170 
-185 92 
83 -194 
-152 183 
-83 95 
-22 -146 
-13 34 
75 83 
181 109 
-11 -51 
-57 -172 
66 89 
-197 86 
-161 180 
-35 -151 
198 -130 
-135 -76 
-94 -120 
-199 180 
118 -192 
151 -186 
-159 -26 
-54 -160 
166 -177 
116 69 
-79 -179 
-162 92 
186 12 
112 36 
-7 184 
-27 -56 
177 -91 
-5 -93 
-174 -131 
153 -163 
138 -33 
-50 -175 
-56 -153 
-134 -60 
45 174 
-102 -172 
140 -7 
-3 192 
-142 17 
121 149 
58 135 
68 85 
-33 120 
-109 -140 
-85 138 
33 -105 
-167 -186 
156 -60 
-69 -29 
-165 -90 
81 -66 
-101 -42 
-123 192 
-45 48 
68 128 
-150 -60 
46 -153 
-5 60 
-66 104 
87 -3 
25 191 
19 49 
26 32 
71 -3 
98 -72 
163 158 
-41 129 
-147 156 
-12 -198 
169 60 
-125 -131 
-152 -74 
-198 174 
-97 193 
164 56 
113 1 
-187 76 
-170 93 
84 13 
-78 -119 
-149 -95 
-148 -31 
180 69 
11 -61 
-38 -24 
39 -171 
-32 -72 
-144 113 
-58 -95 
54 29 
114 -15 
178 -168 
-26 63 
85 74 
-20 -113 
-18 -130 
-130 -26 
-177 -73 
-195 173 
56 -170 
-3 170 
131 194 
-93 -171 
16 -161 
0 -5 
-91 -116 
-192 157 
-53 -171 
165 -143 
110 58 
89 111 
73 0 
-17 194 
-74 -11 
18 -10 
-104 -30 
-136 -51 
-112 106 
177 -96 
88 -167 
55 109 
-182 -105 
182 -114 
-169 65 
-75 162 
196 160 
34 82 
-99 59 
117 41 
81 -197 
152 -142 
-11 -64 
72 -135 
5 47 
-177 -15 
-196 -151 
137 45 
-142 91 
28 196 
199 -151 
196 5 
-126 -168 
-184 -117 
-62 72 
106 -79 
-76 -116 
-177 -65 
80 37 
-94 -185 
30 -149 
-12 -86 
197 -55 
-43 -98 
-49 186 
115 141 
7 170 
-48 102 
-161 51 
23 98 
47 -108 
103 196 
170 -122 
-52 62 
131 -73 
191 -102 
2 45 
152 -181 
-162 199 
73 52 
63 169 
145 100 
119 -96 
-29 104 
-192 145 
46 120 
161 138 
68 56 
-143 -133 
-168 -131 
-81 -33 
-32 79 
83 77 
-165 50 
6 108 
145 128 
-68 -195 
-63 -69 
142 33 
193 27 
16 -5 
-101 -165 
-199 41 
-42 -78 
-193 -31 
-90 167 
132 -161 
-182 49 
-120 35 
-165 -169 
158 -94 
142 -113 
-95 22 
198 -26 
-96 -105 
88 -174 
-62 -112 
-35 77 
197 -29 
-73 16 
167 -189 
-179 72 
86 -104 
192 -136 
86 165 
187 40 
149 173 
-15 175 
-191 -190 
40 -62 
6 156 
-134 118 
155 25 
-179 -169 
23 61 
123 196 
199 160 
76 141 
-17 128 
11 -182 
125 -6 
91 -143 
-15 -74 
-131 -119 
-80 -81 
-43 159 
80 -39 
-183 -163 
65 76 
-175 87 
-49 94 
-162 4 
69 108 
-139 -152 
41 198 
179 44 
12 92 
-4 -148 
16 165 
-9 -142 
25 132 
115 -15 
-120 -89 
-64 55 
107 -116 
-175 -22 
-143 -122 
143 43 
50 57 
75 131 
-134 35 
-76 153 
-69 -11 
-33 -19 
-81 -23 
-124 -135 
-184 169 
107 179 
165 163 
36 -112 
-2 -103 
144 180 
-114 -53 
158 -17 
-90 -33 
116 -84 
-126 75 
4 119 
15 78 
73 -103 
135 -90 
-47 87 
147 72 
-18 -142 
168 -41 
74 89 
-74 84 
47 87 
108 -169 
-174 -52 
56 -136 
0 -34 
-83 32 
80 -189 
-128 -74 
-176 -103 
-147 141 
-36 108 
99 172 
175 14 
-125 -60 
81 124 
74 41 
25 -142 
80 98 
79 -139 
-114 -72 
114 104 
-108 -28 
144 -52 
-8 -56 
69 160 
94 -14 
-187 60 
49 145 
-85 173 
-36 172 
-189 -54 
151 -88 
-74 -104 
-85 156 
-142 -80 
100 -188 
28 -44 
74 -113 
-181 -11 
158 63 
-112 -167 
161 193 
87 107 
-127 129 
110 143 
102 83 
-28 145 
-73 186 
-146 72 
-154 -3 
154 187 
-140 111 
43 -199 
-114 -199 
-38 144 
31 104 
41 186 
120 -32 
181 51 
2 154 
-28 -189 
40 89 
-142 -24 
18 -46 
-61 -16 
74 129 
-18 -23 
124 198 
-23 -190 
61 97 
127 191 
-101 -8 
121 -29 
153 44 
127 0 
-120 31 
96 -110 
138 -142 
-52 -168 
5 -19 
151 85 
-110 -83 
-13 -142 
99 -102 
-51 147 
-21 -115 
93 129 
23 186 
-173 182 
-143 119 
-95 -141 
74 -89 
-13 41 
-48 -178 
46 94 
-156 145 
-32 -162 
92 -135 
-11 -55 
196 -178 
-97 95 
62 105 
39 -190 
45 -154 
171 114 
-70 154 
-172 147 
42 -21 
-63 79 
-90 -52 
12 183 
-74 189 
145 115 
5 -122 
-23 -124 
-189 7 
185 59 
-109 161 
92 -183 
166 96 
179 7 
108 45 
171 -95 
-84 -56 
-24 92 
-4 29 
-119 -131 
72 -90 
-186 -52 
186 10 
28 10 
-111 138 
-12 157 
-14 -84 
164 -140 
91 166 
48 -128 
41 -96 
-82 45 
-126 -181 
-49 -133 
-105 -21 
-151 -2 
8 -51 
38 111 
-93 -83 
185 -67 
-138 -64 
-159 183 
-151 -167 
4 -141 
6 137 
-180 -175 
-178 186 
7 159 
52 45 
-155 171 
2 24 
189 15 
179 -27 
41 182 
77 -85 
45 14 
-25 -141 
133 -28 
-95 158 
129 -145 
162 -185 
-178 111 
150 -57 
153 -86 
80 18 
-147 -178 
92 -91 
140 150 
-57 50 
182 46 
-22 -66 
-11 31 
110 64 
194 149 
-73 -91 
-127 -65 
139 87 
-160 43 
-22 60 
120 -48 
-94 -164 
-118 72 
99 -139 
54 -165 
-66 -36 
-83 38 
-177 -156 
-147 -94 
-166 -113 
-88 27 
179 -164 
-137 124 
171 183 
-24 177 
-83 85 
61 -46 
-86 -190 
124 186 
43 95 
9 159 
-73 -119 
84 77 
5 21 
6 -10 
75 -166 
-104 -92 
-78 -37 
-150 -91 
-21 138 
-42 159 
-180 157 
44 36 
18 -119 
168 -129 
-167 -79 
-143 194 
105 -116 
-152 68 
-15 -114 
87 130 
56 -186 
-6 -178 
-137 -176 
195 -11 
-33 136 
-58 71 
-100 193 
183 11 
166 128 
-1 86 
-200 -104 
-9 -119 
-87 116 
-50 187 
-11 -153 
-200 121 
109 107 
-12 -175 
155 162 
148 191 
87 -109 
-142 166 
-159 109 
114 -12 
-71 -115 
-140 160 
58 -54 
26 -53 
-62 56 
-63 -192 
124 -118 
-87 -178 
172 16 
66 -59 
196 157 
-52 161 
-47 -198 
162 48 
-166 102 
-194 -100 
52 157 
14 -32 
103 -80 
-126 -122 
-138 47 
136 -147 
-99 -160 
-149 46 
146 -76 
-19 75 
-144 158 
23 161 
171 -45 
194 40 
163 -109 
-114 16 
173 143 
-168 -32 
74 -33 
173 75 
108 141 
84 -19 
86 9 
22 176 
-186 46 
36 2 
-44 117 
83 -4 
-2 -150 
-25 -129 
-73 45 
41 -105 
48 -163 
-147 95 
-63 -82 
-26 -160 
-169 -13 
149 -185 
66 47 
59 -190 
153 54 
93 -100 
122 98 
151 -125 
-77 107 
100 178 
108 24 
-68 -169 
15 10 
174 69 
174 52 
-155 154 
69 -180 
-156 -100 
-2 -70 
182 -63 
24 -91 
-66 -142 
49 116 
-10 149 
53 184 
-85 94 
23 -104 
47 139 
72 53 
-83 -100 
114 -145 
112 -33 
27 90 
129 -47 
77 95 
93 94 
59 -68 
-186 -124 
-58 122 
68 -108 
-19 -185 
51 -100 
134 184 
-136 -11 
116 55 
75 -192 
-81 58 
-78 1 
59 -57 
-16 -104 
15 66 
-124 111 
181 147 
-13 -95 
-25 -29 
47 -161 
-192 -172 
-116 -150 
-54 42 
-91 60 
-8 -200 
-7 -119 
-129 -157 
171 -116 
41 -186 
199 -11 
152 -153 
74 -138 
-118 38 
126 104 
-117 89 
50 160 
132 -150 
153 126 
-70 12 
-50 -106 
162 120 
158 22 
27 -7 
180 -165 
159 44 
173 -99 
22 -194 
114 52 
15 197 
-191 43 
135 83 
-151 86 
-152 151 
90 132 
52 -183 
-180 -186 
-158 -174 
-146 79 
189 -77 
-185 193 
-63 -120 
-150 92 
160 -92 
-41 -163 
17 122 
32 3 
-183 5 
-16 -94 
-24 -29 
102 -132 
-122 40 
-112 -163 
-139 62 
-41 144 
-133 -75 
107 40 
60 47 
6 4 
187 106 
-115 -49 
-90 -176 
43 -3 
-128 109 
7 79 
-189 -80 
-140 64 
-130 3 
60 5 
177 -162 
-117 164 
-79 -36 
-170 -189 
-13 156 
63 -200 
-101 -71 
-7 83 
-83 158 
192 -170 
10 129 
89 77 
114 -50 
137 -129 
-47 -128 
-182 -14 
89 -31 
-101 25 
128 -105 
-41 -103 
-141 30 
61 -84 
21 157 
-37 28 
15 -183 
-72 -55 
37 -115 
-69 -8 
-169 -104 
-167 -13 
101 -104 
-161 -140 
14 -172 
36 135 
-72 -107 
-25 -131 
-89 -123 
44 149 
131 -134 
-118 -141 
186 -103 
-110 -145 
91 181 
-36 -183 
-50 35 
190 -154 
121 -145 
128 151 
-23 -181 
183 -192 
145 -125 
-199 67 
3 96 
11 -46 
-138 48 
-159 -171 
-193 -88 
47 -190 
145 126 
0 112 
-23 -200 
43 8 
-21 177 
-162 -195 
-38 91 
-14 -133 
-34 -98 
-46 141 
59 126 
121 114 
-171 -116 
5 -25 
120 -197 
-48 44 
-45 14 
-190 110 
-110 -191 
38 166 
-116 -93 
59 132 
54 106 
-129 -199 
-11 95 
-43 127 
64 -154 
51 -111 
72 98 
173 3 
196 25 
-173 175 
-113 -117 
-175 30 
-68 -111 
148 -106 
87 158 
-9 -126 
170 -15 
-44 -187 
-105 72 
-148 -15 
112 143 
4 -98 
6 9 
-139 -31 
70 -50 
50 -76 
112 18 
100 85 
12 97 
188 -59 
36 -175 
-39 -93 
-81 -200 
-168 -138 
-128 99 
108 93 
-177 -100 
45 -27 
-30 55 
149 2 
44 172 
-158 -5 
112 88 
109 -169 
99 -114 
-104 -2 
163 87 
-152 -5 
40 -123 
51 -120 
131 -166 
76 10 
-51 159 
89 57 
-117 74 
178 51 
-42 160 
14 -120 
32 -195 
156 -120 
-95 49 
-197 -142 
-10 -38 
-58 -82 
22 -197 
62 -144 
-173 -69 
-46 175 
138 149 
27 -85 
100 -110 
-34 -63 
-179 130 
45 -10 
169 -7 
-35 -178 
186 -9 
43 117 
-26 35 
76 4 
10 157 
86 115 
-42 -176 
159 74 
-29 153 
-170 -154 
148 -80 
-44 -146 
-91 -119 
-90 -72 
83 -158 
-60 20 
41 194 
-67 -176 
112 6 
-52 174 
76 190 
170 -126 
-22 70 
-178 -67 
-154 5 
146 -94 
116 50 
-79 118 
-177 -172 
153 86 
-123 164 
94 171 
173 -160 
-13 172 
79 -155 
-67 -105 
-5 44 
-25 -168 
35 -179 
-53 -83 
-75 -137 
-159 -134 
-131 19 
56 185 
-129 10 
-157 118 
-111 59 
-176 84 
-143 -157 
179 -158 
-71 -174 
-5 69 
181 -152 
-11 -98 
79 -193 
-2 68 
-188 -154 
133 25 
-22 -41 
-170 15 
128 -132 
76 -27 
48 -125 
-191 109 
-111 -74 
-25 52 
119 -147 
-18 -42 
3 -10 
30 31 
-125 -102 
140 -183 
-190 -92 
-187 20 
-33 57 
-41 154 
-63 148 
-48 -2 
60 -165 
60 -147 
-109 -12 
-48 42 
-90 120 
99 -24 
81 48 
-138 -106 
-66 11 
-32 -196 
59 105 
-150 121 
111 -85 
102 -200 
14 -4 
60 85 
-76 84 
-167 131 
11 24 
-33 139 
-58 23 
119 -54 
-132 -18 
71 -97 
-74 -52 
100 -171 
-11 66 
155 -76 
-160 -149 
157 -38 
-154 130 
31 -53 
-166 123 
182 -100 
-19 -111 
-195 -135 
-67 -19 
29 97 
139 -180 
60 -30 
-142 -93 
-169 -40 
0 -2 
-117 -58 
48 34 
57 -143 
38 -112 
145 68 
60 121 
32 -94 
53 95 
-140 -80 
49 -197 
104 -56 
-123 -38 
-11 -71 
42 55 
81 -46 
106 -55 
171 94 
-160 74 
152 37 
146 15 
-183 -134 
-80 71 
-18 -74 
-114 -106 
-63 -139 
167 150 
3 44 
-97 39 
-99 -177 
-149 81 
-116 32 
-153 -40 
-69 1 
159 -124 
-79 116 
24 139 
-125 144 
-178 -23 
-160 -196 
-166 110 
-149 8 
-185 127 
130 -101 
148 -26 
136 -44 
-8 116 
168 -151 
159 -55 
85 -165 
163 180 
-198 -117 
-5 196 
93 78 
15 137 
-187 -113 
-69 -97 
-145 194 
-109 -186 
105 -9 
-164 -184 
162 -101 
-58 69 
129 10 
-98 163 
-144 197 
-66 84 
196 -54 
-27 -108 
-188 -73 
-200 -109 
-184 -102 
164 -46 
-3 101 
26 78 
60 -21 
-103 -194 
193 53 
-65 -17 
-65 -48 
57 -173 
-149 33 
-84 122 
85 70 
-151 -155 
60 82 
-30 92 
3 21 
-67 22 
87 -110 
79 -51 
-52 -156 
-38 187 
-168 -180 
117 153 
-121 104 
190 10 
173 -196 
35 130 
151 -128 
-32 137 
144 183 
-50 107 
-12 65 
-121 -76 
96 -138 
-122 59 
66 178 
197 175 
-158 -113 
-183 124 
-87 -132 
-100 177 
-55 122 
179 -54 
-78 154 
-176 -9 
124 145 
-165 -28 
-95 133 
-126 -173 
139 -102 
-21 91 
62 -54 
-61 -182 
-18 -36 
-116 -113 
101 183 
195 159 
123 168 
125 -158 
-83 30 
142 -18 
38 -137 
136 55 
-17 -81 
-159 64 
17 167 
158 -52 
197 152 
10 -85 
147 -170 
-117 146 
97 55 
-18 177 
157 33 
-136 119 
-64 177 
-77 47 
195 -101 
-120 -83 
45 -14 
179 -191 
145 -127 
86 -169 
188 -121 
151 188 
12 152 
-187 94 
164 -24 
188 -93 
-74 51 
-130 -139 
132 92 
77 25 
-9 -185 
-44 58 
-102 -188 
-24 -146 
113 -87 
-81 27 
71 -89 
-172 135 
-20 67 
5 54 
-63 -28 
-110 127 
-114 -124 
-76 119 
65 190 
-142 -134 
-2 -146 
-91 113 
111 98 
-87 -79 
-76 159 
-195 148 
128 22 
-162 184 
-143 -61 
148 28 
48 137 
26 99 
175 -153 
179 -19 
170 30 
63 114 
26 -22 
193 50 
-15 -65 
87 -86 
195 4 
-184 161 
-55 -109 
-19 -9 
55 79 
-155 144 
-113 -105 
-181 -51 
3 -123 
-142 -15 
-20 -29 
162 23 
-102 134 
-84 -178 
-199 59 
-23 -37 
20 96 
2 180 
-124 -17 
-124 169 
143 -18 
176 124 
198 24 
-65 14 
-56 -144 
83 -33 
-31 72 
39 -71 
98 -124 
-16 137 
-6 -63 
20 -148 
-38 104 
139 103 
-196 100 
112 -16 
-116 198 
-98 -2 
-35 164 
-146 162 
182 60 
-60 -31 
32 107 
28 -175 
-183 24 
96 -90 
130 168 
50 33 
57 157 
101 2 
94 -61 
95 120 
-143 -165 
-146 -65 
95 92 
-42 178 
-67 -110 
-193 185 
-36 -140 
-150 -43 
162 197 
-24 100 
100 -34 
97 -121 
168 -198 
124 132 
43 -81 
-199 -17 
19 176 
-168 -80 
-37 94 
-43 69 
-198 -150 
-4 75 
-85 178 
-64 -115 
166 52 
-152 -47 
-112 76 
-137 108 
-134 167 
-29 18 
14 -194 
-166 -3 
37 -197 
42 187 
61 -184 
13 2 
-49 -131 
103 -78 
26 -190 
171 173 
-137 -174 
-48 99 
173 26 
-11 -147 
-23 15 
57 -196 
-54 7 
-140 -135 
-170 28 
103 -128 
-33 -80 
-95 141 
-91 175 
-106 30 
-57 -99 
-121 131 
126 37 
6 92 
64 -82 
125 -147 
-141 52 
-147 -43 
-35 183 
-96 101 
-46 68 
88 -89 
-170 -101 
83 -61 
55 173 
-55 11 
-129 -94 
-98 47 
-37 -187 
28 140 
137 -59 
-132 112 
83 -153 
138 -3 
-77 -21 
71 83 
14 196 
27 173 
-136 -177 
163 39 
-195 102 
109 67 
4 138 
139 -78 
-92 -132 
46 53 
-181 -141 
81 -175 
-177 -80 
141 -23 
115 -193 
-200 -68 
-188 -51 
69 114 
-156 -26 
-67 136 
70 4 
-192 -12 
-120 61 
88 -51 
118 110 
-82 -118 
-72 -163 
101 78 
110 128 
-136 122 
-191 103 
47 52 
12 -139 
-53 -199 
30 -123 
-132 138 
198 20 
190 174 
-25 -139 
-116 66 
11 -139 
29 95 
136 122 
-136 31 
118 139 
173 -77 
-181 -22 
-140 163 
6 -144 
183 -193 
-88 -194 
-126 83 
139 66 
99 -136 
108 -73 
-143 32 
-70 -59 
11 -51 
140 -114 
6 -52 
46 10 
-128 -106 
-26 -179 
124 -149 
-167 58 
-126 -111 
0 133 
168 101 
-16 1 
84 -193 
-68 84 
-92 -200 
-69 -82 
117 12 
0 -189 
-9 -30 
177 -71 
73 77 
-167 -30 
61 -16 
15 -7 
97 100 
3 71 
173 49 
-51 -91 
98 -103 
128 -109 
136 -35 
-199 -116 
-142 185 
161 41 
-69 27 
-71 -82 
84 104 
81 -110 
-200 130 
-9 161 
163 -15 
173 -31 
22 156 
83 -60 
138 119 
-95 51 
180 123 
177 -115 
-111 -156 
-118 -177 
-90 106 
145 -76 
-191 146 
-116 164 
29 102 
-129 -86 
-165 11 
114 126 
90 125 
-81 103 
53 -53 
-102 15 
-67 -74 
-190 148 
101 190 
21 -31 
-9 -67 
154 -106 
-90 161 
10 -184 
122 -11 
-89 -172 
170 -74 
104 196 
-117 -1 
-128 -134 
181 -199 
42 -164 
-59 -103 
174 -80 
-133 -122 
191 -77 
3 -7 
-119 121 
-2 -38 
-165 -132 
64 -174 
73 48 
-194 -27 
-161 -107 
169 70 
108 145 
-149 171 
-44 184 
-105 -157 
-27 173 
-62 84 
117 181 
170 -169 
-112 -187 
135 -125 
-30 122 
168 -48 
-125 -190 
20 133 
-9 -115 
-172 -63 
-161 -17 
-26 22 
42 154 
110 37 
-56 121 
-167 -183 
-18 -68 
-56 -21 
-136 158 
117 134 
8 127 
121 81 
-106 -97 
134 76 
-129 103 
182 144 
-132 -90 
-196 -74 
-192 -128 
-183 -198 
-95 -74 
-133 130 
-166 0 
-122 -164 
73 108 
84 -49 
-18 -34 
61 -61 
-39 -19 
123 -139 
114 -86 
-160 9 
-137 -40 
22 -39 
172 -157 
-189 52 
104 88 
-94 111 
-114 -163 
-121 12 
-85 163 
147 144 
-1 103 
66 81 
-53 -46 
-33 157 
-142 11 
-117 -90 
-36 -54 
-159 -81 
118 131 
198 -34 
120 -111 
-149 -195 
-21 33 
-15 -75 
-158 158 
-138 -163 
-21 69 
-15 152 
-114 21 
-12 26 
161 113 
38 109 
12 108 
-64 7 
-104 -112 
92 152 
171 81 
133 64 
61 -143 
40 65 
-87 56 
-198 -52 
-193 48 
11 -122 
-49 -115 
101 -129 
9 51 
-92 110 
36 81 
-108 179 
25 52 
194 -177 
-58 -42 
180 133 
151 -10 
-89 -177 
109 -81 
186 -113 
45 111 
98 -142 
141 -73 
138 -131 
47 106 
-159 166 
-41 113 
-152 -87 
62 10 
40 95 
-188 -142 
136 144 
43 138 
-164 -152 
-1 -94 
-188 -12 
-14 130 
-82 -57 
-165 98 
-49 -111 
124 -10 
63 -140 
39 57 
-57 91 
-99 -24 
-14 -32 
-199 145 
85 -67 
-107 58 
-178 169 
-136 -178 
166 19 
170 4 
-57 -29 
-48 13 
183 -139 
37 -119 
-105 -104 
5 99 
98 -179 
198 -146 
-84 78 
8 -16 
-158 64 
-157 -68 
-191 117 
-91 -6 
29 -82 
-83 -180 
58 124 
28 126 
97 158 
92 -6 
146 -200 
-13 -101 
-83 186 
145 -26 
80 -120 
51 -76 
-159 -88 
-48 120 
-24 54 
-200 -114 
-72 -4 
-37 12 
36 193 
189 -199 
176 149 
169 147 
185 7 
-57 35 
-49 54 
25 143 
19 151 
-78 -142 
-100 -31 
-161 -12 
70 -159 
-190 -180 
-122 181 
94 -119 
-179 -13 
130 110 
-67 -198 
151 -109 
197 -86 
142 -184 
-146 118 
50 -18 
-136 -4 
-1 31 
-147 -134 
-105 -194 
4 -82 
126 -89 
-55 102 
2 -93 
-8 165 
1 -31 
113 -188 
28 192 
154 120 
-104 13 
-58 -27 
171 159 
133 -93 
48 15 
-181 127 
-159 31 
58 -120 
-56 -70 
-96 145 
163 81 
56 171 
18 170 
167 -179 
-107 -179 
-197 -189 
50 -92 
185 -164 
-182 90 
-2 -61 
51 92 
60 -171 
33 151 
102 2 
-182 -3 
28 176 
-68 113 
-97 -184 
-73 35 
126 75 
169 164 
-164 1 
-87 -182 
55 171 
-7 116 
15 106 
31 155 
40 133 
-78 -88 
-56 173 
-34 -16 
-55 -190 
22 194 
-102 -6 
-37 -117 
5 -185 
-34 -86 
131 -76 
-131 -12 
-44 -15 
-11 160 
-40 139 
-136 -94 
-67 -54 
101 146 
46 -11 
122 16 
-16 69 
141 192 
83 132 
50 197 
96 -117 
-178 162 
-110 -25 
-82 -184 
169 -162 
-63 71 
-191 -88 
-19 -130 
-77 -75 
88 142 
189 101 
-157 -53 
28 98 
-191 45 
74 -148 
-176 -96 
99 -175 
148 109 
87 127 
-120 66 
-93 -138 
49 133 
195 108 
167 -127 
-67 -172 
89 152 
66 155 
176 88 
-154 -42 
-32 -131 
129 34 
168 198 
-194 -4 
-129 54 
-118 -88 
-61 -67 
-49 49 
-84 -18 
193 -135 
141 -49 
-98 -30 
162 -171 
64 89 
154 -91 
-131 -187 
-110 -86 
-197 -95 
164 -11 
61 199 
2 120 
-120 47 
71 -75 
110 0 
-128 30 
-163 175 
133 -191 
-112 -194 
182 99 
-158 -93 
-21 64 
77 -143 
138 151 
11 -78 
-175 144 
-168 118 
-163 -7 
117 36 
-135 -78 
-56 -118 
-114 115 
-66 -42 
-24 -60 
-121 -23 
-40 -8 
-156 -75 
182 51 
-130 -185 
6 3 
-187 -63 
-178 -150 
174 14 
186 0 
-102 161 
-24 -90 
196 -56 
93 -74 
187 -183 
103 -2 
-97 83 
176 7 
-16 44 
52 31 
70 -134 
-129 81 
81 -70 
-195 -63 
-7 65 
-66 -189 
-94 -59 
191 130 
-76 102 
106 194 
11 -194 
-177 31 
103 -6 
-43 55 
102 -135 
-15 73 
-26 106 
66 -110 
-155 78 
176 145 
-47 179 
110 -135 
24 -150 
136 145 
-111 54 
39 -162 
191 99 
96 94 
-131 -49 
190 111 
124 -137 
183 -180 
-113 -97 
-30 -108 
-54 -17 
196 52 
98 -100 
-102 100 
149 103 
183 199 
-82 39 
125 -152 
-49 -125 
62 96 
24 -54 
-139 -19 
-48 -193 
-189 -91 
175 -105 
-180 -128 
15 -98 
-53 101 
-97 61 
29 88 
-175 -197 
100 30 
86 79 
169 66 
47 -77 
131 41 
80 51 
82 -11 
95 9 
40 -82 
-130 20 
-146 167 
-95 -69 
88 -47 
164 77 
-173 108 
43 -59 
-21 -60 
-110 74 
-200 183 
55 -26 
123 -156 
-71 103 
-141 76 
12 -142 
73 97 
-12 1 
75 65 
92 -179 
-86 92 
-34 -77 
121 49 
180 33 
-171 -122 
62 -70 
-114 -81 
-85 113 
94 -3 
181 45 
-84 63 
-172 185 
-44 123 
90 134 
-192 163 
-104 133 
-106 -31 
128 -160 
-51 95 
169 -56 
145 -4 
-66 -99 
93 181 
49 90 
19 -150 
-192 -126 
45 -81 
18 -77 
-53 -8 
-88 -175 
137 -178 
114 -38 
188 -125 
-71 104 
-28 -101 
134 -190 
-184 -181 
125 58 
-5 -177 
111 -44 
139 -176 
128 -60 
5 -104 
-180 178 
-130 165 
66 126 
56 152 
191 -158 
-194 188 
173 91 
166 180 
51 101 
-71 38 
-50 -132 
79 149 
139 -7 
107 -159 
-108 -193 
52 -3 
156 -13 
-144 173 
-41 136 
102 146 
142 -31 
192 -188 
-89 -137 
-178 148 
152 141 
-79 59 
145 63 
162 -32 
72 187 
-81 -49 
-119 178 
-99 -145 
93 -111 
-1 -46 
-173 166 
-111 105 
-24 -171 
-170 -41 
129 -26 
61 -75 
-10 -189 
-34 101 
162 -134 
-126 12 
-138 28 
77 187 
146 -100 
22 132 
98 -67 
-44 -167 
103 171 
-10 128 
58 65 
-61 -2 
47 -60 
179 -120 
53 -52 
139 -113 
125 -169 
-166 -136 
-13 131 
-61 199 
-92 27 
184 60 
-69 -167 
157 -145 
20 -179 
-60 198 
-91 75 
-148 167 
-100 -133 
-144 -153 
-116 18 
60 -150 
-109 52 
-97 185 
-37 166 
-38 -8 
-65 -134 
65 -128 
41 -97 
19 -114 
27 -106 
-3 -23 
0 135 
141 -168 
94 -10 
-30 177 
-127 -41 
50 100 
54 -88 
-87 173 
-129 -117 
-39 172 
-113 61 
158 -152 
-93 -116 
-26 -108 
-4 107 
89 -35 
-49 -29 
-26 -23 
-188 152 
-88 15 
-30 190 
157 -3 
170 52 
21 -141 
54 -95 
-166 -104 
-52 -143 
-70 27 
-34 -90 
-76 117 
75 -150 
-61 -45 
100 69 
1 -192 
114 -122 
132 -127 
28 -119 
-10 160 
-60 -72 
79 -10 
103 -181 
3 -87 
-135 135 
-90 -119 
32 -76 
94 71 
155 -123 
38 0 
-193 14 
29 -167 
-149 10 
80 -131 
144 -37 
197 30 
-34 -99 
-53 78 
95 169 
196 -43 
120 -3 
145 -176 
-94 76 
-17 -178 
173 165 
69 -5 
63 -148 
-34 -135 
15 64 
-10 -62 
42 -109 
-64 -185 
154 58 
27 -12 
-97 -75 
2 -68 
-170 -85 
-133 58 
88 26 
112 86 
-14 35 
-54 34 
-88 -193 
111 -23 
-118 137 
-59 -183 
60 -108 
141 132 
-177 -125 
65 150 
134 -65 
66 61 
10 -87 
27 -61 
127 -186 
-107 -78 
151 177 
91 -182 
64 -17 
-121 174 
-119 -22 
156 -145 
177 14 
36 60 
-138 -99 
156 139 
-162 -102 
98 171 
-23 97 
17 -142 
24 -146 
-59 -119 
-173 -20 
-157 -23 
-84 26 
-197 -16 
140 -182 
-93 104 
133 -172 
-180 148 
116 59 
163 159 
-184 39 
-24 -91 
-29 -121 
-101 97 
19 -44 
-21 195 
-153 115 
-5 59 
27 25 
-138 151 
-116 77 
-61 153 
-159 -33 
16 92 
-67 11 
14 -187 
-117 100 
-33 -189 
92 -95 
47 -170 
174 164 
93 5 
158 152 
-111 24 
-116 81 
-164 13 
-106 -100 
67 141 
-130 -88 
-97 -26 
-15 127 
-112 116 
147 -83 
-39 186 
53 41 
-168 -129 
-15 89 
41 -115 
83 -171 
-200 -12 
59 125 
3 177 
-33 71 
24 -122 
-28 63 
136 -10 
114 -17 
-159 -45 
24 154 
-191 33 
-168 195 
-179 -24 
42 -30 
72 186 
84 8 
157 102 
-5 -111 
126 -22 
188 95 
156 -146 
-117 -48 
-71 27 
19 142 
161 122 
109 -132 
-132 27 
-154 -143 
-198 -146 
-119 161 
164 -178 
6 -186 
-176 -196 
-31 -66 
-188 77 
-109 -37 
-181 -88 
-50 67 
-51 145 
175 152 
-106 149 
-120 73 
71 -153 
-84 -148 
135 173 
1 -199 
152 185 
-5 90 
137 71 
50 -93 
-137 -18 
116 -116 
46 132 
190 83 
194 -192 
-21 -108 
-169 -92 
30 -2 
-133 -162 
-162 -142 
33 72 
129 40 
-147 148 
161 174 
-104 53 
149 -150 
-96 43 
23 -67 
127 -28 
47 -145 
178 150 
162 -14 
-87 0 
31 120 
-123 -134 
-159 170 
-177 186 
-141 62 
147 84 
192 -101 
-8 13 
45 -77 
123 -98 
-129 -151 
-113 129 
191 88 
-165 -102 
-190 -47 
-56 -119 
-184 67 
-66 154 
-180 -67 
173 -24 
-28 69 
107 178 
9 -111 
-12 113 
176 48 
-189 190 
-115 -79 
-184 13 
17 -41 
174 59 
-123 -105 
136 6 
-153 190 
90 -155 
-125 106 
-60 174 
-27 -58 
40 117 
-191 -76 
-139 124 
149 -9 
154 75 
-161 -119 
38 189 
-199 103 
112 174 
83 -144 
-145 140 
-97 -48 
-150 113 
5 0 
-29 -71 
74 -5 
118 -191 
107 -36 
-90 17 
138 -189 
-120 -78 
-187 -100 
129 159 
73 65 
-169 29 
15 105 
99 -23 
137 -29 
-192 -4 
150 -49 
98 84 
-149 35 
173 -23 
162 -113 
-43 76 
176 45 
92 20 
-191 197 
-111 -155 
63 -156 
-193 58 
77 -20 
142 -192 
-124 -70 
189 159 
-188 -65 
-134 -42 
-13 6 
-148 95 
-157 -40 
127 -149 
-31 -130 
-82 -33 
-127 -187 
58 94 
157 -104 
-54 44 
-136 -69 
15 -154 
-106 119 
133 -155 
-156 87 
-68 158 
35 194 
57 -70 
-43 -119 
3 -199 
-137 47 
41 38 
-87 -72 
4 -96 
-40 190 
-26 -1 
-44 -141 
197 40 
81 -99 
-61 -188 
-68 99 
-88 -23 
180 -79 
142 -21 
143 58 
-147 87 
196 90 
-66 105 
36 -66 
-188 -79 
-97 148 
64 -163 
-168 -84 
65 -60 
77 135 
-9 -111 
-150 36 
64 75 
-113 27 
-183 -63 
-113 54 
-22 44 
-3 63 
-34 187 
51 -187 
-64 -189 
29 96 
-156 198 
-91 144 
-187 -179 
-105 126 
-84 -98 
13 92 
-200 94 
5 62 
-88 -104 
-93 -163 
-95 139 
135 -110 
-80 170 
-147 -115 
120 -186 
65 -192 
21 175 
-76 -82 
-195 14 
80 137 
-14 179 
17 186 
-154 129 
-173 48 
179 -156 
24 61 
145 -159 
-119 -64 
9 -186 
147 123 
-175 -37 
-157 -86 
171 -105 
-70 79 
-121 49 
27 177 
143 32 
-30 9 
-138 -200 
16 2 
15 169 
-151 -14 
67 100 
-106 -139 
182 -193 
103 176 
15 135 
-96 -145 
-37 138 
-162 -150 
-6 -49 
39 116 
45 -86 
125 -96 
-56 27 
-168 -96 
-97 -129 
148 -19 
35 -78 
-69 173 
-39 195 
-167 -17 
-36 -39 
168 -114 
153 -117 
95 -34 
114 141 
-140 -86 
-80 -29 
105 121 
39 -107 
-142 148 
159 77 
-123 -64 
93 149 
81 67 
191 -142 
157 58 
-13 -184 
-20 -148 
4 -133 
-89 -175 
90 72 
-177 -141 
-172 133 
174 141 
165 190 
-18 110 
34 -18 
169 -62 
20 65 
75 150 
-198 -58 
-186 78 
-194 16 
1 -110 
-35 -96 
75 -13 
-84 128 
-48 -99 
-172 61 
14 100 
162 105 
64 54 
-83 -150 
-93 71 
-41 88 
64 -89 
25 145 
-108 93 
125 -11 
-105 5 
91 108 
-70 184 
-11 115 
43 -148 
-55 -47 
-165 -129 
-146 196 
164 -138 
-110 -164 
-24 -189 
-154 1 
-86 -87 
3 11 
118 -161 
-54 121 
42 85 
134 -70 
180 84 
180 -139 
156 -87 
39 -186 
24 -196 
-71 16 
-186 -174 
167 133 
157 -198 
31 183 
47 77 
85 -187 
-63 -80 
-123 70 
138 86 
-194 -197 
102 -99 
145 98 
-17 -148 
25 121 
54 135 
-187 -170 
-197 -20 
-128 -32 
94 17 
173 -4 
-25 -186 
-75 -58 
107 -73 
131 -108 
-21 -122 
36 -146 
-178 -12 
-97 -190 
-134 -95 
172 -191 
-84 -150 
189 -156 
-18 179 
-154 181 
-35 -150 
194 -105 
-200 11 
-22 162 
-16 -21 
181 103 
131 129 
109 106 
-72 91 
183 -172 
95 -150 
72 -184 
-58 178 
-177 197 
-200 122 
-81 -26 
-199 124 
79 113 
46 -66 
-110 -102 
-126 194 
-30 -93 
-78 -100 
39 -58 
-170 -96 
69 52 
36 -95 
23 58 
101 82 
-168 -25 
114 -91 
96 24 
46 -78 
78 4 
25 91 
117 131 
42 -188 
-13 -92 
-175 162 
-139 97 
41 -162 
-9 -26 
-129 -187 
-174 138 
-90 -168 
81 165 
-41 -167 
-179 154 
-116 -71 
190 -12 
190 71 
-182 -96 
-200 20 
-137 127 
16 14 
-136 -112 
119 48 
-23 21 
-188 131 
141 31 
72 142 
-59 -148 
-85 27 
9 -108 
8 -17 
152 -130 
-19 -194 
-63 -87 
68 -181 
-139 114 
-191 -78 
-8 190 
145 172 
88 -62 
118 -64 
17 4 
115 -151 
99 -37 
-30 -101 
-16 -186 
25 31 
-165 28 
90 -27 
-191 4 
-149 79 
-155 102 
21 -122 
-2 95 
-69 193 
130 -49 
-168 -172 
-178 -127 
84 -174 
-146 -33 
130 -17 
-76 -44 
76 -100 
83 68 
-79 133 
96 166 
118 81 
0 -171 
-102 -40 
126 38 
-83 117 
111 117 
71 -136 
-166 180 
-165 -7 
-133 -7 
29 78 
58 -33 
-112 51 
-120 65 
130 140 
-152 31 
-129 -4 
35 -121 
182 -18 
31 -183 
81 -51 
-124 41 
195 -29 
-45 -34 
46 88 
195 -132 
114 -82 
74 -50 
-137 -69 
59 8 
39 14 
96 27 
-167 -153 
96 39 
-179 -99 
-113 101 
126 39 
41 49 
79 -89 
110 -29 
86 -16 
194 -35 
198 141 
-174 -9 
181 171 
71 129 
-11 -194 
142 31 
-182 -94 
-21 96 
122 188 
55 60 
-24 64 
20 -46 
179 154 
77 198 
-164 -146 
-168 128 
158 78 
-92 56 
-97 -122 
-154 97 
171 -172 
150 0 
157 126 
156 5 
-100 37 
40 143 
-90 11 
151 156 
176 144 
-26 -174 
33 -132 
196 123 
43 -9 
-81 101 
-144 20 
-73 153 
-144 187 
173 140 
183 -51 
114 -58 
112 -111 
-146 -90 
-194 172 
-126 68 
-78 -162 
-134 -66 
73 -1 
26 197 
74 -26 
-90 117 
-46 0 
-186 35 
163 -190 
187 -174 
-24 79 
-145 -79 
-174 158 
37 -163 
190 27 
-91 -35 
76 58 
38 132 
143 10 
-77 -107 
-168 -23 
-121 -108 
43 182 
19 117 
-127 172 
106 118 
2 -197 
0 10 
-123 41 
-119 -155 
-179 -109 
-136 -35 
113 -148 
152 -64 
-111 -37 
-34 -197 
161 -91 
-155 -130 
143 124 
131 38 
-21 12 
89 -20 
123 108 
120 -170 
78 -28 
-9 120 
-74 7 
137 -93 
192 -15 
-18 103 
-100 140 
162 169 
-20 126 
-140 40 
111 45 
-117 167 
60 -78 
27 -191 
9 -82 
109 -78 
-120 -24 
-161 48 
-34 105 
-56 -160 
-9 -78 
158 136 
138 41 
-84 -78 
133 193 
36 -60 
106 82 
-49 -6 
-61 81 
67 69 
-143 33 
77 167 
53 -131 
175 199 
-88 158 
-189 -134 
-41 177 
-182 196 
-4 81 
-107 -25 
-150 -155 
182 -153 
167 129 
-73 -134 
-43 155 
-152 -39 
26 171 
-185 190 
-121 -84 
34 -34 
-168 161 
184 24 
10 -111 
-80 67 
1 -122 
100 166 
-106 90 
-154 109 
95 106 
86 121 
105 -90 
-173 119 
25 -23 
92 143 
-67 110 
110 54 
13 -82 
-5 -184 
-156 -80 
100 160 
-142 41 
32 117 
14 50 
152 96 
-47 51 
29 -192 
150 -188 
32 112 
-149 -113 
-177 125 
-5 146 
2 -129 
186 -176 
162 -42 
-80 -101 
187 194 
-6 -94 
-193 -11 
-102 -61 
141 117 
105 -40 
-124 63 
-107 -155 
88 138 
-26 151 
-116 -80 
192 -97 
-79 -65 
182 137 
144 97 
-166 -123 
-10 99 
172 130 
-88 24 
-62 154 
106 -122 
-25 77 
-35 -192 
-73 96 
-64 128 
82 103 
16 -69 
0 -104 
176 52 
-92 -56 
-188 -147 
152 -34 
-9 -154 
180 -123 
-2 168 
146 90 
25 182 
-73 -50 
147 -15 
-87 128 
171 126 
-105 -179 
-63 -146 
132 -164 
-187 -125 
-17 99 
94 129 
54 -10 
-184 27 
175 144 
-93 -172 
62 138 
194 -102 
-33 105 
-138 58 
1 88 
-106 -105 
-6 131 
165 0 
121 144 
-177 -30 
-184 145 
-184 127 
43 -158 
-69 48 
197 136 
-164 -190 
-60 123 
-45 13 
-11 -103 
-12 173 
-62 179 
82 -75 
61 62 
106 51 
163 -143 
99 -171 
-18 -170 
-75 -30 
-40 7 
11 -107 
-158 79 
74 -82 
189 164 
60 -149 
-58 62 
122 198 
-58 -144 
-40 143 
54 73 
149 -152 
87 149 
194 -29 
78 152 
-59 68 
43 -169 
-109 92 
-56 37 
-32 -180 
184 152 
0 -55 
-46 169 
199 -161 
128 72 
-79 165 
28 70 
114 102 
119 85 
66 -116 
65 68 
-2 178 
107 -84 
-11 150 
80 154 
146 153 
106 -9 
-172 10 
-59 -164 
-10 -36 
-19 -10 
159 11 
-134 -122 
-143 -198 
164 59 
-21 191 
-199 151 
-116 153 
-150 -68 
25 34 
-66 97 
81 -89 
-178 -36 
98 34 
-9 44 
-23 -117 
-42 -58 
-180 6 
123 -150 
55 11 
-6 -89 
-48 -69 
183 144 
175 80 
-69 175 
-76 107 
-47 9 
-92 186 
-133 132 
-95 37 
139 -35 
7 80 
23 -109 
-39 -141 
-48 -141 
26 -74 
140 -31 
-76 -103 
141 173 
-190 48 
-106 -60 
31 -84 
-79 -189 
-8 -189 
130 133 
162 -29 
175 9 
12 -13 
72 198 
-86 -55 
127 47 
-17 176 
-41 -149 
166 -66 
-134 85 
164 -98 
128 82 
-95 81 
-67 178 
109 -130 
81 38 
58 -47 
-160 186 
-65 49 
-109 -25 
165 -177 
-75 180 
-111 -194 
65 -98 
44 -80 
28 121 
187 -68 
19 42 
-173 -54 
10 131 
169 52 
124 126 
-20 145 
174 165 
-19 142 
-170 196 
60 188 
46 -14 
92 -53 
171 51 
-4 31 
44 -52 
119 -38 
-14 91 
88 145 
144 132 
-77 -35 
-162 -53 
-144 9 
-41 -164 
83 -6 
-89 83 
59 -162 
-57 -51 
-67 -24 
68 -69 
-76 58 
-186 -99 
156 133 
-153 -6 
171 197 
69 135 
-157 -135 
-91 138 
-186 -127 
127 -10 
170 118 
-67 -194 
44 179 
-33 -186 
-122 145 
9 12 
10 172 
-34 -199 
9 -148 
-162 67 
-29 28 
193 19 
-107 176 
-52 -162 
109 61 
27 180 
-36 -120 
-55 178 
35 109 
-155 180 
170 -121 
26 160 
-61 -74 
-191 12 
-169 85 
127 192 
93 -198 
-115 -24 
68 55 
-103 -15 
-66 -20 
78 -32 
-133 9 
-184 28 
-103 123 
11 -17 
150 -195 
44 -172 
133 -183 
142 -132 
-69 156 
69 -173 
-116 -169 
111 19 
8 154 
-153 -124 
-182 120 
-83 43 
-131 -97 
104 -67 
-179 -177 
-98 157 
-147 -185 
156 -10 
-6 -83 
-14 -13 
-158 -59 
84 -148 
-180 28 
44 40 
-46 -43 
-190 105 
22 141 
-40 183 
158 -200 
-179 -140 
-57 -115 
-142 -78 
92 -119 
-61 89 
148 44 
192 40 
31 -95 
-196 -12 
-165 -110 
184 -174 
-122 -133 
-4 -97 
-186 28 
-157 38 
190 -184 
45 -85 
101 -176 
-2 52 
6 125 
-124 -197 
-107 0 
-68 -191 
-74 135 
-34 112 
-160 -171 
-77 19 
-32 -139 
47 -135 
171 181 
5 11 
-14 -170 
180 6 
174 132 
189 -171 
-167 -177 
165 173 
100 39 
62 135 
173 72 
2 -63 
-173 120 
-123 -28 
115 96 
25 -170 
75 -116 
-92 -156 
-98 45 
-173 159 
195 73 
90 -34 
11 76 
59 -20 
100 130 
166 70 
-34 -151 
15 36 
82 -48 
-192 14 
24 7 
5 174 
-159 0 
47 -115 
-47 -52 
81 88 
113 140 
10 -1 
37 -23 
-118 103 
-72 -159 
-166 12 
-11 -118 
66 -174 
-188 2 
171 -167 
179 -84 
-22 68 
113 -40 
-90 -141 
-180 -100 
-19 -58 
-176 -148 
120 14 
57 52 
97 2 
138 -183 
-33 -167 
-149 154 
165 -116 
-76 -188 
175 -170 
-77 87 
-85 188 
-66 -187 
93 -137 
-149 132 
173 6 
33 172 
173 -147 
199 -82 
66 160 
-34 -192 
-89 -166 
122 13 
-64 -91 
-164 139 
169 -120 
-120 -182 
190 -28 
-58 -99 
-50 49 
27 165 
-24 -157 
-31 -163 
-140 -35 
-119 -57 
35 -11 
-44 18 
61 -142 
-77 38 
-187 -166 
-134 64 
-26 188 
-89 159 
155 171 
77 140 
-65 159 
-129 -176 
-148 158 
-124 -57 
-23 -71 
85 -114 
-158 167 
-123 162 
82 -6 
-117 -103 
-144 -84 
-4 -25 
-178 100 
179 -136 
8 167 
-13 12 
-15 144 
-132 178 
-21 -175 
196 -148 
76 -102 
-79 140 
-26 159 
88 0 
42 103 
-28 101 
159 -83 
-190 73 
13 30 
153 74 
-195 82 
-29 -120 
58 44 
53 160 
96 -100 
23 175 
153 134 
163 88 
74 -72 
132 -31 
-166 99 
-33 156 
-67 188 
-112 -39 
-19 174 
-77 31 
-146 -34 
-140 46 
-143 110 
-58 37 
165 28 
-116 -11 
138 -96 
44 61 
46 199 
173 -61 
-138 155 
-49 23 
-72 116 
67 70 
-44 187 
-86 -79 
91 159 
-197 126 
54 157 
167 -101 
-19 118 
107 -12 
128 138 
-48 18 
100 -119 
-104 126 
155 151 
-142 178 
-114 -120 
-72 36 
194 130 
-140 -20 
176 183 
86 64 
-96 -10 
-86 -1 
8 -100 
-45 -137 
-199 -80 
149 -94 
13 -182 
-31 -5 
-173 35 
-119 -142 
20 184 
75 44 
142 25 
-199 -74 
45 -195 
-149 199 
-113 94 
148 -148 
64 -28 
139 -189 
154 -99 
160 -90 
149 -52 
-118 -68 
-91 -72 
-192 -122 
-22 -122 
-67 47 
199 114 
-57 23 
165 -114 
10 -104 
-92 -83 
173 -98 
-181 43 
-64 -96 
140 133 
22 10 
-110 -166 
-111 147 
-166 4 
-80 91 
-190 -85 
-96 150 
187 42 
129 110 
-20 -58 
118 -141 
-75 83 
-55 -52 
48 100 
-82 106 
129 37 
-110 170 
146 76 
43 -187 
108 153 
-29 -21 
148 -36 
-75 187 
-98 48 
10 128 
-25 173 
-159 -73 
-170 -188 
41 98 
73 140 
-152 125 
140 128 
55 -27 
1 -18 
-155 -76 
196 -72 
79 -107 
-66 -145 
-174 -113 
186 -38 
41 -164 
42 46 
-44 171 
-188 -49 
-22 149 
82 152 
-163 -196 
-130 -29 
114 191 
194 -200 
147 127 
-58 73 
167 -105 
-54 69 
122 90 
69 -148 
-163 -148 
104 21 
155 -121 
-116 165 
177 183 
181 185 
-30 -47 
-79 -23 
-192 -3 
71 145 
-11 198 
-53 -134 
123 -51 
-111 -180 
117 152 
38 33 
-112 167 
138 -61 
164 -121 
-199 136 
70 87 
-80 88 
-184 100 
-52 175 
198 -109 
-71 106 
-119 -156 
152 147 
-167 -25 
196 -97 
27 111 
-5 -16 
69 162 
-125 -68 
168 -85 
-8 29 
-1 117 
-19 -87 
-184 -133 
144 104 
8 165 
-48 -109 
87 -15 
16 -162 
-168 -18 
-27 67 
-108 139 
-189 20 
169 18 
52 113 
36 -16 
130 -72 
20 -17 
180 -30 
-71 198 
-54 129 
-75 44 
159 -196 
-12 -76 
77 100 
187 59 
90 179 
-45 162 
-169 15 
-98 25 
-132 130 
-139 -170 
-193 82 
187 -1 
114 -77 
-44 -63 
112 -151 
45 70 
-12 126 
-66 -102 
100 -22 
-66 197 
-181 67 
98 -136 
-60 -37 
-142 187 
88 151 
-36 -90 
33 -169 
-82 -187 
-182 141 
-45 -94 
109 -187 
-178 -157 
-187 -41 
-46 132 
-196 59 
83 152 
118 -30 
-177 155 
-32 109 
-23 154 
139 47 
33 -10 
184 -89 
79 -35 
134 46 
-60 -167 
-132 -181 
-2 147 
15 -196 
101 80 
125 -22 
-24 132 
-107 -45 
-166 41 
-97 -37 
155 -27 
-35 -91 
-186 137 
194 0 
23 -23 
-62 -163 
-122 -184 
174 -88 
96 97 
-196 31 
-112 85 
-166 -66 
-111 171 
-45 -3 
156 162 
44 42 
14 47 
126 -106 
12 179 
-167 -21 
50 110 
54 -39 
-104 172 
24 71 
-121 182 
61 99 
73 179 
-131 -113 
-78 -53 
141 -190 
85 145 
13 -196 
175 -111 
121 88 
44 -177 
164 -110 
74 -84 
-170 -98 
-16 -149 
167 -144 
-10 -197 
128 -66 
59 160 
-160 46 
164 -176 
-65 -81 
-37 199 
-147 -64 
-137 149 
-111 19 
-151 144 
29 178 
-87 -160 
-154 -172 
-141 27 
187 113 
-179 -80 
-63 73 
136 5 
-165 -50 
34 -183 
44 118 
-35 146 
106 -125 
99 -174 
-149 -173 
186 -139 
-60 181 
194 -20 
-133 -26 
-14 -140 
87 29 
170 63 
-47 160 
-115 -185 
-187 -180 
-153 1 
80 167 
167 168 
18 21 
-85 7 
72 -108 
85 -54 
91 3 
88 167 
15 60 
25 -48 
74 -93 
-186 72 
41 -102 
-154 64 
36 183 
111 -139 
-178 17 
38 -41 
47 -117 
-115 -99 
45 -59 
-53 0 
118 107 
45 -51 
-27 178 
168 110 
166 -112 
130 -129 
188 -81 
110 76 
99 49 
103 17 
32 99 
-141 89 
163 -118 
16 -103 
-142 -11 
183 -6 
-139 -161 
-200 79 
-84 32 
189 19 
-62 29 
159 -27 
-16 -66 
-111 186 
-64 -179 
-21 -53 
57 -83 
-49 184 
-120 -121 
-197 119 
-55 138 
118 -112 
-137 175 
-27 -85 
-184 -18 
-74 199 
-146 183 
30 -121 
82 105 
87 187 
-18 32 
-135 -42 
77 -34 
93 -14 
131 136 
125 -144 
17 191 
35 190 
116 -146 
44 78 
-34 -44 
94 -79 
-58 70 
-162 -167 
-46 -16 
57 -105 
160 -116 
132 135 
102 103 
-51 -50 
-6 -196 
187 160 
114 49 
-159 88 
41 184 
49 -195 
153 -28 
194 -74 
72 48 
67 -43 
183 -169 
-184 -29 
-198 106 
-129 -111 
-141 150 
-94 29 
6 22 
170 -11 
124 -48 
-168 60 
15 61 
12 136 
33 154 
79 -16 
4 124 
154 -143 
86 -158 
111 -108 
-63 127 
135 88 
124 -42 
-135 -118 
-12 191 
76 -72 
-94 162 
-93 165 
89 -82 
107 -74 
47 -186 
143 -31 
57 -31 
-173 -121 
-8 -93 
132 153 
-188 -197 
-90 -79 
144 23 
-80 -128 
-43 129 
-56 -68 
110 -104 
21 -111 
-23 148 
-101 176 
29 150 
95 -147 
63 -111 
-185 -7 
-166 -89 
-16 -47 
85 -58 
187 -150 
-103 8 
174 62 
-94 177 
-120 168 
-28 71 
115 125 
23 -185 
-106 129 
-6 -41 
-34 -79 
50 90 
173 -157 
54 15 
66 -88 
-144 -200 
-111 126 
173 -62 
113 126 
96 -40 
57 -80 
191 -84 
31 125 
26 -127 
77 -199 
59 91 
33 -61 
75 120 
106 79 
98 -9 
79 153 
-118 -3 
-63 177 
-92 -72 
161 73 
-7 172 
130 137 
-74 -34 
-178 177 
-18 2 
-172 137 
151 167 
178 -130 
-5 -9 
104 190 
-41 -190 
-175 108 
0 -116 
-127 -13 
175 191 
-184 120 
-163 21 
122 167 
-94 -27 
162 144 
-102 2 
107 136 
-195 45 
48 -72 
-90 60 
31 -142 
193 187 
164 127 
93 100 
104 126 
191 94 
11 25 
56 148 
-94 -193 
3 -178 
74 133 
-9 -196 
161 -101 
-60 -116 
31 26 
-82 122 
129 -55 
43 41 
-69 165 
-148 29 
27 26 
168 93 
-23 138 
193 162 
-189 24 
-87 60 
-200 -78 
-117 46 
-101 -186 
143 -149 
189 184 
8 152 
-188 -62 
80 134 
171 -200 
-101 67 
91 197 
117 173 
-132 140 
-80 -84 
39 26 
117 178 
9 -64 
168 -103 
18 -118 
-22 -103 
-117 -188 
100 87 
153 30 
139 -157 
-161 56 
165 -170 
174 133 
-197 -56 
27 -199 
-57 118 
37 -74 
18 77 
35 179 
89 0 
117 145 
-122 -143 
-115 -6 
-45 -41 
-150 53 
12 -133 
-181 26 
-9 -54 
1 154 
-105 20 
-61 143 
163 -169 
194 29 
167 0 
-73 5 
149 23 
56 82 
183 -9 
-123 74 
-175 105 
-194 127 
-165 117 
-54 -122 
-85 30 
-164 69 
36 -35 
-10 191 
-55 177 
3 -139 
40 -4 
189 5 
10 -124 
124 -200 
-65 42 
68 195 
-180 92 
163 -125 
17 -197 
99 68 
