-120 147 
54 -104 
-93 -52 
6 36 
-51 112 
-41 195 
5 143 
41 -3 
-21 -12 
-23 54 
-175 162 
-44 -87 
187 -9 
-71 -125 
-84 131 
190 -32 
-29 55 
-125 -132 
-84 1 
-18 119 
-153 3 
16 -187 
71 -6 
174 104 
185 -136 
17 -102 
-136 -176 
-21 7 
-56 18 
47 86 
97 -1 
66 38 
-166 -104 
69 140 
-19 165 
110 4 
66 198 
-104 -75 
29 6 
134 -58 
126 94 
-5 80 
199 -155 
-87 -198 
78 -200 
-108 100 
71 147 
-170 -99 
-111 37 
88 8 
172 41 
-49 -125 
-40 194 
-117 -145 
-60 124 
162 171 
-5 2 
-161 -73 
93 148 
-38 155 
102 69 
-32 140 
-111 -132 
-95 146 
-101 90 
-5 188 
54 61 
101 -199 
-52 120 
44 194 
18 3 
169 -37 
-161 -170 
-75 -1 
108 188 
-88 51 
-52 26 
154 -177 
58 35 
-131 155 
153 104 
184 87 
-162 -158 
-112 -47 
-139 -195 
166 138 
147 30 
64 52 
186 -103 
167 46 
-183 169 
-177 174 
36 -157 
75 -33 
98 148 
-16 146 
40 -10 
168 117 
-59 29 
157 180 
-103 -102 
-158 -86 
-122 -107 
25 110 
-166 114 
79 112 
102 156 
-22 -196 
36 -19 
-96 -189 
15 -12 
95 85 
-71 -15 
35 -73 
111 -155 
102 150 
-29 121 
-112 18 
-33 182 
-40 -120 
-192 82 
-86 -29 
160 191 
-47 -152 
27 -133 
-53 87 
-122 -20 
-156 166 
163 165 
-169 153 
-114 -182 
-105 -154 
-68 180 
-9 86 
162 -36 
125 177 
-45 -44 
136 194 
-123 -5 
-2 90 
-190 74 
159 125 
69 -10 
-192 -34 
-163 -191 
-115 -194 
-20 -48 
-181 -192 
-107 40 
192 -67 
-62 199 
-36 166 
56 191 
-33 192 
-90 -124 
171 -84 
-84 29 
-128 68 
178 122 
103 51 
38 95 
-74 -99 
8 138 
82 -155 
124 132 
-50 -156 
-197 199 
131 45 
-40 -70 
10 -68 
-32 190 
73 -137 
182 19 
-106 49 
-117 130 
107 127 
-188 -124 
16 -151 
-52 -8 
-166 -198 
-106 -68 
197 128 
-99 170 
-53 81 
60 61 
150 74 
141 67 
180 141 
-76 178 
110 -138 
-51 152 
19 93 
128 15 
90 7 
-7 3 
148 43 
-197 138 
162 -141 
143 -8 
125 -112 
-179 127 
-193 12 
97 -101 
-198 123 
81 16 
-200 -71 
-183 1 
71 179 
78 150 
-54 129 
11 148 
-47 165 
-143 78 
84 -42 
-8 123 
-60 -45 
-87 118 
-94 54 
84 49 
19 -170 
-20 -187 
-38 127 
-99 -52 
-60 162 
-115 -165 
-25 -103 
-174 -115 
-157 66 
150 113 
131 -76 
114 199 
184 89 
52 63 
-31 135 
170 39 
103 -64 
-188 -89 
84 24 
189 1 
174 122 
182 3 
20 128 
135 -168 
-124 190 
-74 -161 
71 175 
-137 7 
57 142 
8 -138 
84 17 
-185 147 
148 -90 
-165 -118 
-118 169 
-138 61 
131 57 
151 -72 
-148 192 
-200 -180 
168 -155 
-105 -69 
60 104 
-127 -155 
79 -97 
-37 106 
-138 134 
-192 -49 
140 -158 
63 69 
-95 15 
-117 -69 
75 13 
-53 -134 
-4 52 
-145 98 
161 -33 
28 -119 
-58 169 
-85 -117 
161 131 
-153 68 
197 -83 
90 -22 
146 149 
184 164 
-180 -113 
185 11 
-138 199 
-153 -95 
14 175 
-118 -117 
-6 67 
86 12 
12 11 
96 74 
90 -62 
-174 -74 
61 62 
-120 -184 
-170 83 
189 124 
-6 -125 
54 52 
-102 78 
-200 10 
108 160 
-59 82 
-181 -28 
184 186 
-81 -126 
56 -114 
35 -51 
125 -28 
-82 -133 
-190 -4 
-77 37 
-142 56 
-166 -75 
-76 62 
-139 -45 
-151 -144 
-49 171 
-109 -104 
-28 -79 
13 -9 
-174 52 
197 158 
-75 -57 
198 183 
193 -135 
46 -121 
64 10 
147 77 
141 178 
58 88 
173 -26 
-40 115 
-92 -55 
95 -88 
-59 135 
-127 130 
-107 -43 
26 -73 
151 -16 
-183 -96 
-144 -1 
26 16 
-138 24 
-133 47 
94 83 
140 -4 
143 75 
70 144 
41 -17 
-5 -32 
139 -73 
76 104 
152 174 
55 -117 
11 -139 
-89 171 
-197 116 
-114 -150 
2 -43 
9 61 
-63 -163 
152 -167 
-182 167 
-35 146 
-149 -4 
133 -2 
-40 181 
75 -5 
-117 29 
158 -81 
91 -113 
-36 -3 
-74 62 
-199 170 
185 64 
-91 33 
-93 109 
-142 -30 
180 -75 
9 -105 
-150 76 
1 15 
-20 17 
128 -194 
-65 -151 
176 -20 
-2 81 
-15 126 
-104 22 
-123 -16 
-10 152 
49 -34 
17 89 
173 -105 
33 185 
195 -172 
-69 -90 
67 -90 
-176 131 
6 -102 
122 75 
-140 34 
-82 -190 
32 120 
-101 -66 
194 109 
42 120 
-92 184 
-47 -140 
-133 73 
-134 -163 
23 97 
-8 -196 
-74 -139 
76 122 
-20 -123 
-2 -111 
93 129 
71 66 
180 134 
-34 -188 
-59 -153 
82 65 
86 -18 
-54 -43 
119 188 
-173 -14 
10 -75 
2 -183 
-89 -133 
-174 -92 
-46 189 
-22 -92 
194 -140 
51 184 
-13 4 
-42 58 
184 -133 
10 -85 
-149 78 
143 51 
69 111 
-81 101 
-80 -182 
123 -37 
143 139 
-38 73 
36 13 
-91 168 
53 83 
5 185 
-191 161 
35 130 
158 -124 
-140 62 
160 -51 
-170 160 
133 -63 
-168 160 
128 -193 
83 -180 
74 -158 
-85 1 
143 192 
-19 178 
33 -129 
147 -45 
-198 48 
80 137 
-121 -111 
-52 17 
-55 95 
-153 -139 
-180 -93 
156 51 
152 87 
-90 24 
12 143 
89 50 
115 143 
158 -13 
-31 -81 
141 -33 
192 54 
-175 -125 
156 -161 
-164 89 
39 95 
-120 91 
139 -124 
43 -64 
-78 37 
33 -198 
-31 -171 
-118 198 
115 -74 
151 30 
198 127 
69 -11 
174 -140 
-167 -111 
-10 -37 
-132 0 
14 112 
-18 -57 
-166 -179 
16 -40 
59 -174 
117 96 
164 73 
142 95 
-32 197 
19 -189 
-26 -65 
82 173 
-101 -114 
27 -121 
117 -124 
-91 58 
41 117 
-122 140 
-150 114 
-80 115 
-167 -3 
-34 -183 
-86 183 
-140 100 
4 -61 
-193 127 
0 8 
172 -17 
52 22 
-177 115 
118 -62 
186 148 
-4 35 
12 -12 
132 163 
-176 43 
-140 35 
-62 -121 
-187 -7 
187 190 
-28 199 
-172 121 
-51 -26 
-170 117 
125 33 
44 -117 
-78 192 
126 103 
-25 -9 
-120 111 
-60 36 
-110 32 
-180 -162 
-29 -195 
-82 -158 
-63 157 
-34 -40 
-100 118 
165 4 
-36 19 
-167 66 
118 177 
-59 -111 
-50 50 
164 67 
140 9 
-139 -22 
54 132 
-65 91 
-18 -165 
-20 117 
133 79 
32 95 
-139 -20 
-61 -116 
-171 28 
-132 6 
-158 40 
191 115 
-66 -79 
-41 -194 
124 163 
179 108 
-127 78 
-14 -149 
148 -25 
-153 -154 
28 -166 
-51 -34 
87 -181 
-39 77 
116 23 
30 -96 
64 -96 
184 143 
199 -100 
-61 -103 
-28 -174 
-170 9 
192 10 
-122 127 
163 171 
-62 163 
-69 -59 
188 76 
-193 -90 
187 3 
-185 67 
31 -162 
159 178 
-161 -162 
26 137 
10 146 
-89 183 
31 -164 
-75 37 
40 44 
159 -6 
14 84 
49 157 
182 91 
114 159 
166 -60 
77 -122 
-3 183 
156 81 
-72 157 
195 117 
69 41 
15 99 
-181 -120 
-137 167 
-60 -148 
180 -117 
85 14 
-72 -105 
-22 -36 
175 -100 
95 50 
-21 83 
93 117 
-43 182 
16 124 
-94 161 
-77 -93 
160 -139 
180 -37 
-44 -185 
5 48 
25 12 
-97 68 
-73 -5 
-99 114 
-17 -55 
154 127 
-7 -156 
42 -105 
-36 196 
-172 -125 
87 187 
-199 45 
132 114 
-146 -196 
190 51 
-78 -57 
162 -90 
-19 72 
-48 53 
90 16 
-153 80 
81 -22 
-99 -132 
-122 -173 
-159 149 
23 167 
112 -54 
136 -65 
-101 -7 
-198 -18 
-146 -176 
-75 -89 
27 49 
25 -101 
124 -41 
11 164 
140 185 
123 -92 
-167 157 
-87 99 
-109 37 
28 -99 
25 -103 
-193 45 
145 -62 
-38 -177 
-117 18 
146 -103 
-136 -74 
-195 46 
-30 -116 
-67 -156 
160 102 
195 -122 
164 2 
70 -126 
-132 3 
-121 82 
-76 92 
188 104 
16 101 
51 -160 
-138 -115 
-47 -26 
-169 -149 
124 119 
-4 129 
-110 157 
-189 -33 
-147 -152 
-94 82 
127 -13 
145 -38 
61 27 
-61 163 
-109 -42 
-76 -91 
111 28 
-36 137 
-169 158 
-14 -88 
138 -104 
172 2 
-90 -130 
-115 -159 
77 -17 
-141 181 
133 169 
-178 -73 
187 -123 
-163 -126 
-60 171 
-54 111 
-118 -166 
-167 -165 
46 -102 
147 153 
-90 -114 
-84 -12 
187 102 
-174 107 
-35 -133 
28 -33 
-30 111 
76 -69 
-30 125 
27 -192 
-185 109 
-102 -118 
62 -51 
161 45 
139 124 
-59 -143 
-155 -191 
64 177 
59 55 
-41 76 
-71 -182 
-109 -87 
53 -195 
-61 -95 
131 163 
-38 -184 
-130 45 
-13 -85 
-113 78 
84 -113 
-59 25 
-87 96 
70 94 
57 -144 
-129 105 
-70 62 
-187 54 
99 195 
156 31 
-102 -136 
118 -163 
163 -1 
99 -53 
-162 -51 
-113 126 
-89 151 
-2 -88 
188 102 
-75 144 
109 -44 
64 -93 
106 -55 
50 -74 
-86 -125 
125 -115 
-84 -73 
161 128 
-146 -124 
158 29 
143 94 
-24 103 
-118 -23 
-32 -23 
-167 159 
39 149 
16 -143 
-148 116 
-13 -92 
181 74 
107 -17 
-86 9 
-129 51 
-108 8 
187 71 
-62 40 
-52 -166 
-85 -73 
79 -122 
-116 -25 
-67 173 
29 -190 
-56 24 
183 120 
149 190 
193 -48 
-98 45 
-12 -29 
-152 -160 
-179 -156 
61 182 
86 76 
-44 81 
-137 -195 
31 -60 
107 -159 
-105 5 
29 133 
-151 151 
-144 -53 
164 70 
191 162 
-140 -124 
-176 58 
52 -33 
145 41 
168 49 
-65 115 
-199 -158 
-142 116 
78 -69 
180 29 
-44 29 
-74 -25 
24 99 
41 9 
-117 -72 
-1 160 
119 54 
-96 148 
170 41 
107 41 
-88 137 
161 186 
170 67 
-78 99 
-145 91 
152 -122 
-24 83 
68 -15 
174 -106 
161 -40 
-73 21 
-190 -143 
146 -9 
101 -92 
84 -50 
-69 6 
-51 -177 
35 53 
4 -51 
112 -110 
-171 106 
168 140 
-161 109 
-178 -23 
-82 0 
84 7 
-160 -80 
-59 -72 
-41 -196 
135 62 
-173 41 
-33 -129 
187 -138 
-99 -8 
-53 -6 
-192 -57 
193 80 
-166 50 
-42 197 
17 154 
109 164 
-94 -38 
-33 160 
8 36 
-179 -122 
142 -37 
106 -129 
-98 36 
109 -69 
-164 -35 
-66 48 
121 106 
-6 -19 
168 -177 
115 116 
-24 36 
-28 -65 
-116 157 
-167 62 
31 81 
117 -18 
-35 11 
-158 -16 
120 -149 
108 -139 
-66 147 
-17 -166 
109 -184 
-120 -74 
89 80 
110 182 
-93 -47 
137 -114 
66 129 
-61 17 
-113 196 
-157 93 
164 32 
195 139 
105 -62 
-31 -113 
-3 -7 
-158 -153 
-77 -14 
155 -15 
-175 106 
195 33 
-162 -47 
-200 183 
-2 -183 
-139 37 
-195 2 
164 69 
118 39 
184 156 
-79 -157 
156 -89 
-118 -66 
-20 65 
-33 -153 
-179 -171 
-190 169 
49 -53 
28 -164 
61 130 
171 -181 
119 184 
137 7 
-71 -10 
-56 -88 
168 -41 
94 -18 
133 173 
184 -199 
79 -86 
-176 114 
-33 -147 
-30 -65 
160 46 
-145 82 
-80 139 
60 -128 
108 163 
165 -153 
-59 44 
-166 -126 
5 89 
-153 63 
-46 175 
-71 35 
196 83 
-129 -91 
67 -99 
-46 54 
-160 -65 
104 -41 
175 59 
-79 -158 
176 191 
-65 31 
-7 187 
163 59 
-183 -94 
109 -146 
122 22 
192 -52 
-142 13 
56 -97 
0 54 
-177 -80 
110 99 
172 102 
166 -134 
62 139 
60 53 
-10 115 
4 36 
135 -200 
158 -197 
94 -186 
-161 156 
81 -138 
55 -158 
178 -83 
190 -84 
-186 -8 
-12 78 
-112 16 
93 78 
-187 185 
132 124 
-25 61 
-195 90 
-30 -182 
189 52 
108 -8 
146 -179 
81 151 
-113 85 
19 -10 
-165 167 
-132 -56 
19 -35 
-181 56 
11 174 
125 -139 
70 77 
-182 89 
181 -154 
-186 174 
103 -200 
-179 -136 
34 -21 
-69 -6 
-94 151 
-20 143 
159 -77 
48 -6 
-93 100 
115 -91 
140 -121 
137 -173 
65 -110 
-65 166 
-98 -1 
-17 -11 
42 -62 
84 -33 
-158 -136 
131 -168 
24 -19 
-128 -58 
125 -189 
126 -116 
136 -193 
-123 187 
160 -147 
104 -187 
-49 -105 
28 107 
159 78 
-24 194 
-68 -41 
-54 121 
81 154 
-118 -48 
11 -92 
-54 -132 
72 -24 
165 -105 
-96 78 
-104 65 
-9 97 
-61 79 
165 13 
-39 34 
-59 -96 
-129 137 
199 -177 
-19 -134 
77 40 
-159 -199 
-156 -12 
154 -121 
-130 113 
176 163 
-109 -80 
-71 30 
19 132 
21 -35 
179 89 
-147 -86 
-109 90 
98 -46 
-37 47 
-106 -126 
-79 -110 
120 169 
-67 -140 
194 10 
128 -55 
68 195 
101 39 
-22 -21 
-4 151 
42 147 
181 9 
196 59 
-175 -178 
40 -133 
158 128 
-76 -101 
-136 -139 
-75 122 
6 -78 
23 168 
-159 -160 
-81 -37 
-199 -192 
-161 116 
109 -36 
-190 -145 
-169 28 
7 50 
118 -154 
-127 49 
23 -81 
199 -103 
110 23 
189 144 
-148 -163 
167 -34 
-66 -64 
77 -167 
-171 50 
-153 105 
-113 156 
-75 -68 
-164 140 
34 186 
-177 21 
137 -21 
-44 85 
167 -78 
-119 -62 
20 -200 
78 -101 
64 -166 
103 -122 
-68 4 
7 -12 
-110 85 
5 -105 
-102 -38 
-6 -26 
-50 10 
-31 37 
158 87 
31 62 
2 181 
132 50 
60 -48 
186 -183 
-137 53 
68 -184 
51 166 
89 -149 
52 -16 
37 96 
-27 -108 
81 139 
68 43 
148 185 
29 189 
164 -176 
114 23 
-118 -14 
113 -36 
180 107 
134 -171 
17 -87 
-85 -11 
29 105 
187 -107 
-98 -153 
169 -140 
-82 -1 
9 -109 
-123 -47 
105 -75 
-14 -158 
-118 132 
63 90 
177 -53 
-47 -168 
-153 -55 
-180 4 
91 24 
56 -50 
-72 61 
-181 58 
165 10 
-90 -7 
-168 63 
-102 184 
-188 52 
24 -120 
40 -56 
-2 -101 
27 -40 
158 -35 
-158 27 
101 114 
125 -147 
-148 -121 
-165 149 
186 -108 
15 -19 
-193 92 
24 -69 
59 3 
-16 -165 
101 -168 
181 30 
-71 -43 
167 -152 
-104 132 
170 -25 
182 -106 
154 161 
-156 -138 
-128 -108 
-150 13 
18 6 
-52 -148 
166 77 
-68 91 
105 -106 
-167 -25 
117 -178 
-86 95 
-40 193 
-139 -120 
148 61 
163 70 
176 -121 
-148 -179 
67 -24 
36 72 
-128 181 
-192 95 
-181 -65 
35 46 
13 -54 
-186 -131 
-16 51 
0 181 
46 -178 
-63 -14 
-127 -102 
-196 109 
192 -28 
119 -11 
-190 -161 
-41 -199 
5 130 
-35 22 
-149 157 
106 134 
192 141 
-50 104 
-161 -101 
136 100 
-150 3 
-110 165 
64 -44 
109 -78 
175 -125 
173 86 
50 9 
102 -84 
-194 -179 
43 139 
-195 154 
-33 44 
132 195 
-158 -120 
113 141 
89 121 
84 -63 
-188 -155 
-116 131 
-176 -187 
60 -53 
124 -20 
104 147 
128 -158 
-45 -124 
-26 -83 
-58 122 
74 141 
-140 105 
-186 -191 
60 -69 
-132 12 
-128 132 
73 71 
-76 120 
176 -34 
-195 -179 
-194 -103 
-195 153 
180 -65 
130 -145 
-139 35 
184 -186 
-31 -123 
-41 -64 
-32 64 
120 113 
138 -72 
175 -124 
140 -177 
-133 -120 
184 27 
90 191 
-28 -14 
7 -193 
-77 196 
-92 -13 
-15 -162 
-43 112 
-103 -89 
174 58 
34 10 
-84 46 
60 198 
-24 -110 
135 -72 
-69 -142 
-132 -147 
191 -156 
88 -7 
33 3 
88 -141 
-159 34 
-153 -107 
10 -159 
100 108 
-195 165 
28 40 
53 -114 
189 -121 
-184 163 
-72 4 
173 -53 
-67 73 
119 -66 
-41 -107 
-130 -105 
159 -111 
-118 -164 
-175 67 
36 173 
-61 46 
177 48 
158 185 
43 -8 
113 172 
77 -21 
-63 -6 
-116 -44 
-64 -112 
180 73 
139 -47 
-123 -67 
-146 -191 
-63 -147 
-164 -79 
-40 -84 
23 114 
126 -16 
7 -79 
-105 21 
-193 54 
-114 32 
141 -187 
-132 -69 
104 -152 
-167 29 
-66 15 
181 -143 
64 -36 
-197 41 
117 79 
22 -126 
-59 -11 
177 -6 
194 71 
93 70 
-77 -193 
-89 69 
165 -159 
-131 -119 
-195 -84 
61 -136 
53 -43 
47 -5 
-191 146 
-188 164 
160 176 
-42 -110 
-13 -93 
2 109 
2 -81 
-97 198 
-57 116 
-150 -58 
1 -28 
-86 -197 
-186 -54 
24 -44 
-63 -19 
25 -26 
82 69 
110 -102 
-70 -13 
169 136 
-116 -27 
37 69 
30 -6 
-26 63 
-177 -163 
54 99 
-108 192 
-189 -35 
30 -198 
-68 -111 
150 -174 
-95 -163 
194 -116 
-135 -41 
44 -190 
-55 40 
-192 -123 
187 175 
-105 89 
-150 153 
-143 -174 
187 -173 
120 106 
63 186 
89 -157 
-147 -119 
88 29 
-93 -76 
101 -146 
-90 177 
-144 93 
-142 -59 
-27 -128 
-120 -13 
-154 194 
-13 107 
97 88 
65 25 
-194 -69 
16 98 
134 -180 
-16 -180 
174 27 
78 -5 
60 -64 
157 87 
70 -76 
116 164 
152 -32 
46 83 
-22 84 
100 160 
123 -52 
-187 -75 
187 -98 
-122 -35 
27 -21 
-153 -14 
2 -3 
184 -23 
-17 49 
-156 -59 
135 61 
152 192 
-8 139 
-51 44 
-131 94 
-1 -129 
55 -61 
-173 91 
-170 196 
-123 -71 
146 -109 
-94 91 
-42 192 
196 123 
-43 100 
-134 -139 
-172 135 
-195 54 
-149 13 
120 77 
100 -47 
186 -51 
129 127 
-189 61 
21 139 
-174 37 
91 185 
196 132 
-33 -79 
187 -129 
-196 111 
-134 -53 
-193 5 
13 147 
-109 -38 
93 -1 
63 -149 
130 -106 
191 -189 
141 -4 
-80 -71 
-89 190 
71 34 
-133 -150 
-27 -30 
171 61 
91 -193 
160 26 
182 82 
159 121 
72 -163 
53 -79 
11 24 
-24 164 
18 139 
81 197 
-170 -127 
74 124 
3 178 
72 53 
-128 112 
151 82 
-125 -63 
-158 -53 
20 -153 
51 196 
131 -114 
-106 -32 
-184 165 
158 175 
-186 99 
130 62 
19 194 
87 -31 
14 -105 
-38 -57 
137 141 
181 122 
111 -3 
-27 143 
-94 -140 
-144 190 
194 174 
65 76 
-68 -160 
85 188 
-128 128 
45 129 
147 127 
136 -157 
62 -198 
21 -47 
170 -79 
-173 52 
10 -131 
33 140 
-107 176 
-27 14 
-10 126 
153 161 
-1 54 
11 -157 
72 131 
-136 -16 
146 28 
60 -65 
-147 -12 
86 124 
35 -117 
187 131 
-115 -41 
196 -177 
-149 -42 
-106 175 
18 107 
-24 -198 
93 -87 
45 -144 
-103 -186 
72 -105 
-25 49 
6 113 
19 -146 
-114 190 
-170 122 
-19 29 
-37 56 
-150 -55 
-142 165 
-66 66 
-9 -87 
172 -78 
-174 -184 
44 125 
-162 -114 
46 -59 
117 -6 
12 188 
-106 -78 
-163 6 
55 128 
76 94 
98 1 
170 43 
16 80 
-16 50 
-36 -156 
138 128 
-156 -89 
-74 -115 
-106 -20 
-158 -116 
-42 134 
49 -103 
-142 4 
-154 117 
-11 199 
10 -39 
77 134 
36 53 
-64 149 
-104 196 
-109 -143 
-188 87 
-47 55 
170 25 
146 -114 
-146 -45 
-24 5 
169 -8 
48 111 
-58 171 
136 84 
-27 -175 
128 161 
-171 -164 
-91 187 
-91 6 
-121 -195 
-83 55 
-159 -72 
101 -30 
-167 -48 
185 14 
67 127 
106 11 
-98 10 
-158 10 
93 111 
-46 135 
150 -195 
-190 1 
56 154 
160 -74 
58 -1 
-96 -121 
-187 25 
-100 -159 
184 -106 
-70 -142 
-71 -83 
-72 24 
61 121 
103 189 
101 -96 
-104 62 
107 84 
-71 -91 
165 185 
-73 -198 
118 -9 
43 131 
-19 -181 
59 -89 
-39 -52 
-106 5 
45 -82 
158 180 
3 -2 
-86 -167 
-146 -195 
186 -67 
181 -134 
-58 -194 
184 185 
-178 5 
-28 -114 
-167 -17 
-134 30 
101 -122 
-13 39 
181 -22 
46 196 
-17 95 
122 -34 
195 -168 
-108 -105 
69 103 
29 155 
150 197 
58 -169 
120 78 
-64 32 
198 -136 
-1 -175 
144 179 
33 -1 
-76 -187 
-168 68 
-147 190 
53 91 
-32 118 
-15 69 
26 69 
8 142 
105 -200 
-165 154 
33 104 
-176 -182 
101 159 
43 10 
-43 86 
-106 -48 
132 188 
-65 124 
185 197 
-9 -152 
-32 119 
179 -86 
-164 -74 
160 -96 
105 82 
-8 13 
26 133 
-3 -26 
73 107 
182 109 
-97 152 
-83 -60 
-19 182 
164 139 
-16 -166 
164 -92 
-43 -114 
-48 171 
73 -179 
151 173 
-87 132 
29 33 
136 192 
-88 69 
-130 -159 
-150 -1 
91 -152 
16 -132 
39 103 
27 -116 
101 189 
-76 1 
-65 -173 
101 -186 
-167 108 
-40 72 
-117 -168 
130 169 
122 170 
102 -137 
162 -128 
197 122 
69 161 
59 41 
127 168 
15 117 
62 -145 
-27 -59 
95 -172 
25 -113 
157 15 
108 -9 
167 87 
-102 139 
-104 24 
195 -97 
131 169 
14 -58 
46 197 
154 -128 
141 167 
-26 -58 
40 164 
136 129 
-18 22 
130 -115 
-150 -34 
-175 108 
-123 -17 
-190 -170 
148 -65 
-48 45 
187 164 
-24 -126 
-116 122 
-42 71 
-185 13 
-48 4 
145 -174 
-162 -199 
-105 -17 
123 143 
23 -30 
-48 -130 
194 0 
60 86 
-87 102 
115 68 
-24 -18 
-75 24 
-22 -126 
-56 85 
-178 12 
-69 -151 
133 118 
13 171 
79 159 
-50 131 
127 171 
-198 -151 
85 1 
40 -177 
-112 103 
-134 -74 
-16 -50 
-107 -177 
34 -67 
122 -68 
33 92 
180 -30 
186 14 
120 -21 
-197 78 
111 86 
72 182 
-50 136 
-183 48 
143 -24 
-147 -49 
-99 -95 
98 197 
-170 78 
-169 -94 
103 -59 
157 -24 
-2 152 
-190 136 
-35 147 
-58 73 
133 -101 
55 178 
172 -152 
-78 53 
-30 -152 
-149 1 
-62 -197 
39 185 
147 170 
67 -15 
147 108 
85 -87 
25 -91 
-200 -123 
41 -73 
-83 82 
144 -180 
178 127 
141 121 
-116 -57 
-173 -160 
11 -125 
161 27 
-130 -16 
102 188 
-86 62 
-12 -74 
17 -49 
186 -75 
-17 178 
-160 -43 
-70 -132 
-156 105 
-130 -10 
-69 -110 
81 -162 
147 76 
-194 -87 
-110 -149 
-65 54 
-129 -198 
164 -28 
183 -146 
-192 -137 
-87 160 
89 -119 
99 -28 
-95 164 
21 18 
84 -156 
84 -52 
112 191 
-124 -23 
102 68 
-91 102 
175 -17 
111 -113 
-66 -120 
-113 -180 
176 -67 
-154 -93 
130 33 
-140 162 
82 103 
-37 97 
108 -120 
-19 79 
-57 143 
-85 148 
-65 174 
-153 82 
161 50 
-172 115 
-134 134 
182 80 
167 35 
107 194 
-20 -118 
-119 -157 
148 35 
45 84 
-133 -164 
165 196 
120 -163 
-80 -6 
73 -30 
46 -83 
-101 86 
50 192 
11 -96 
1 -128 
-198 -57 
87 -93 
191 -174 
160 19 
102 175 
136 137 
45 5 
41 167 
-180 107 
-4 89 
-86 -79 
170 -194 
-52 -185 
-112 -135 
176 91 
187 39 
-159 -121 
-199 -48 
75 113 
-132 -47 
173 -20 
130 72 
188 126 
79 -53 
60 -175 
-176 89 
165 -143 
-122 196 
-126 -40 
108 -108 
-35 -93 
-19 86 
-46 -17 
182 -55 
146 -75 
-66 -144 
75 -127 
-81 -72 
-145 68 
-162 176 
39 51 
12 -106 
61 -165 
153 -142 
49 15 
-160 -61 
-40 -60 
-114 -145 
43 126 
-152 126 
121 -84 
-67 174 
-143 -166 
0 19 
83 -163 
-55 -10 
-99 68 
-69 -122 
51 167 
-18 -169 
173 -120 
-80 56 
-81 98 
-199 -177 
-107 93 
146 181 
87 99 
106 79 
87 -156 
-167 169 
-3 165 
-40 126 
-133 94 
23 15 
-109 -48 
-14 82 
-144 -61 
-50 142 
-27 -88 
57 -64 
134 16 
144 158 
-35 15 
132 -105 
92 72 
158 -192 
6 -191 
-9 186 
-85 -184 
-10 -174 
26 66 
140 110 
-33 63 
57 -72 
-15 129 
-109 -175 
-105 103 
124 -145 
131 115 
-67 164 
145 -195 
64 -180 
-155 44 
-152 57 
-176 82 
-183 -114 
-164 -130 
-60 68 
37 14 
-180 -197 
-184 155 
-13 -165 
-18 -54 
-200 -163 
10 192 
190 -180 
-25 -154 
190 -137 
-24 26 
39 -119 
165 60 
-27 100 
-93 -84 
-131 86 
-50 194 
-77 123 
115 -150 
0 -6 
9 -198 
122 -58 
105 -42 
-48 -192 
198 156 
168 30 
-141 -78 
169 191 
150 -117 
-87 -197 
199 -151 
64 -103 
168 -115 
-94 -128 
-118 124 
179 28 
-170 155 
-135 97 
-59 -5 
35 -190 
74 -12 
-144 1 
62 32 
137 -157 
182 -89 
180 62 
166 -197 
171 -105 
-174 157 
71 102 
-105 161 
170 -49 
1 -33 
-56 155 
-63 57 
-119 -192 
-73 30 
-93 133 
43 -117 
0 160 
4 7 
95 -144 
167 -94 
-126 -4 
-120 126 
79 -68 
88 -80 
73 172 
-81 39 
49 65 
-196 25 
-1 162 
189 -56 
-156 1 
-112 -72 
124 98 
-180 -135 
-137 133 
24 111 
-3 148 
122 -56 
-105 -33 
-54 10 
117 197 
-172 -167 
174 138 
-121 129 
13 80 
-64 -103 
172 -133 
-66 22 
-44 111 
-11 169 
-45 -132 
77 -170 
-121 -145 
170 121 
-190 -35 
-33 59 
-28 160 
-192 43 
44 188 
-129 -58 
-156 -45 
-128 -57 
-155 -119 
124 48 
167 -65 
67 -159 
-181 128 
-130 178 
-69 -24 
-173 -128 
55 -187 
158 -79 
169 -1 
-24 52 
165 149 
-8 84 
32 -45 
-182 14 
44 -158 
-164 197 
15 74 
-27 -75 
59 -110 
-62 5 
-185 16 
51 151 
-65 134 
128 -99 
-103 129 
-100 25 
20 5 
26 38 
24 109 
-8 -159 
70 -115 
-5 153 
74 102 
76 -5 
145 -186 
-79 -17 
95 189 
-193 -28 
114 177 
-57 -62 
184 12 
-98 -124 
61 -75 
166 56 
40 183 
-55 -14 
-7 -153 
-91 99 
174 36 
-175 50 
-82 115 
-165 -50 
123 49 
-5 -94 
-24 66 
-123 -158 
82 -149 
107 -15 
-186 173 
115 4 
-178 -30 
-83 58 
193 185 
-129 96 
-189 -90 
-163 -120 
108 126 
-94 184 
162 49 
-80 188 
-172 -79 
196 -129 
-93 136 
143 106 
71 -164 
-45 15 
-140 16 
184 16 
-68 155 
18 -74 
81 96 
-195 6 
-108 134 
59 21 
-119 -42 
-83 40 
43 -193 
89 166 
-177 65 
19 146 
-188 12 
-61 -72 
-23 15 
-98 96 
54 155 
-56 -109 
68 -168 
-41 14 
147 -125 
-189 116 
-60 -21 
157 -86 
5 13 
-146 -8 
102 148 
-104 -6 
17 -17 
93 41 
80 107 
155 20 
-51 27 
146 -65 
50 -185 
163 -119 
-109 183 
144 -79 
-45 -135 
-115 101 
-12 101 
-90 98 
68 116 
-67 -147 
-173 -75 
117 25 
-100 -150 
131 186 
-80 -200 
11 47 
-161 -190 
74 -184 
25 -71 
69 -137 
52 125 
97 119 
-151 130 
-32 59 
-107 -156 
143 -93 
-60 -160 
172 192 
-111 -101 
-49 133 
-101 -88 
-168 3 
50 -109 
-83 -46 
-155 -78 
-194 -165 
161 -80 
96 -2 
3 89 
152 -11 
21 70 
-26 74 
-200 185 
-140 17 
-113 -149 
37 -129 
-87 -155 
103 -144 
41 116 
-189 -43 
-185 31 
31 157 
-104 3 
68 109 
-93 135 
183 7 
181 147 
-168 162 
76 -105 
-10 87 
-182 -172 
105 -64 
-185 175 
131 88 
196 -33 
20 28 
-87 -95 
2 -113 
-94 197 
92 54 
-6 13 
73 132 
-174 51 
-159 -136 
-8 114 
-189 -8 
38 23 
140 -28 
-94 101 
137 -14 
-178 92 
-86 -142 
165 -121 
-197 66 
91 64 
1 -130 
-12 7 
-49 102 
-69 2 
-140 2 
-200 -126 
-196 180 
151 -48 
-110 164 
-113 -91 
161 -47 
-122 25 
171 -2 
141 39 
135 139 
-107 -8 
-41 85 
47 -13 
-139 -179 
-146 -71 
-128 -170 
151 48 
-30 149 
59 199 
80 -121 
-136 -47 
124 -8 
119 -164 
-125 -115 
20 -38 
133 -179 
-124 149 
28 51 
25 -111 
-109 176 
-127 -181 
-115 -3 
171 127 
97 5 
-34 97 
183 58 
57 -196 
112 161 
-135 134 
68 -14 
68 171 
130 112 
186 -150 
157 -44 
-145 -172 
178 -117 
109 134 
60 -54 
1 3 
-107 106 
195 -45 
-58 -82 
168 -52 
-46 106 
89 -81 
-190 159 
-182 86 
57 -18 
15 17 
46 26 
-59 107 
-122 -17 
190 27 
121 -85 
140 -102 
1 -163 
-24 -5 
68 134 
60 -17 
-91 92 
81 -152 
66 -32 
-55 -174 
173 -27 
-71 -29 
-52 -42 
68 -178 
25 -82 
-165 72 
-69 -135 
171 92 
112 -31 
-131 -103 
133 -160 
-114 -121 
195 68 
-72 165 
7 76 
109 -97 
-149 169 
-195 68 
-184 -56 
91 81 
152 -104 
50 -68 
-2 153 
-19 -13 
198 112 
97 -136 
-30 -14 
61 126 
34 129 
87 -195 
138 178 
-197 40 
30 -196 
-83 71 
-88 20 
126 184 
-79 138 
57 -172 
57 94 
-52 50 
-98 -173 
10 -117 
153 30 
28 -47 
126 26 
-56 44 
-163 -99 
-196 150 
-31 24 
44 -159 
179 -85 
-13 176 
-9 -102 
-51 -63 
-92 153 
25 -183 
26 106 
86 67 
-45 -84 
165 57 
-3 -138 
138 80 
-68 117 
167 56 
49 82 
-136 141 
-50 49 
13 -130 
159 -26 
-111 25 
-70 58 
-193 177 
38 177 
-152 -84 
51 178 
68 183 
-15 42 
104 -14 
75 -154 
6 -83 
48 -182 
-180 -52 
-70 -114 
-177 -186 
-92 142 
18 -106 
103 -44 
30 159 
-87 172 
122 5 
-100 -25 
-73 -117 
137 143 
57 178 
-64 118 
74 80 
94 -126 
-200 96 
-45 -50 
44 75 
14 -47 
-23 167 
105 138 
96 133 
-94 -149 
147 -3 
118 146 
-102 -157 
-61 -12 
-150 157 
-1 -30 
-96 145 
120 -161 
144 -93 
148 -153 
-4 -64 
47 133 
-181 -6 
-60 -93 
-196 -187 
174 68 
46 35 
-21 135 
-47 13 
35 17 
-169 57 
149 135 
138 -172 
45 170 
3 -160 
-143 2 
-18 -151 
-112 169 
143 -78 
58 123 
89 164 
171 1 
-164 40 
108 -145 
9 -52 
183 -129 
135 -143 
27 98 
173 92 
138 105 
95 -36 
-85 -169 
-36 133 
76 82 
178 106 
151 126 
-152 173 
-191 193 
45 -5 
-20 90 
143 -72 
-29 -4 
117 30 
-10 184 
12 59 
46 146 
-146 -48 
-43 -196 
136 -92 
133 -114 
-91 198 
-142 33 
-116 199 
-192 142 
-162 21 
-78 -9 
-16 57 
170 -123 
61 195 
16 69 
184 -31 
19 133 
154 -196 
131 -35 
-181 82 
-11 -89 
110 92 
84 177 
-22 -168 
21 -151 
12 136 
187 -45 
-180 -90 
179 -156 
-25 76 
-199 17 
135 141 
-110 -166 
-193 117 
107 -90 
173 180 
-92 14 
94 -55 
188 -179 
-112 131 
-55 66 
174 -84 
-110 -33 
131 100 
-42 -74 
26 -89 
-63 -135 
-3 -131 
-107 -154 
-28 -44 
147 79 
137 -83 
-112 75 
61 193 
-53 86 
167 117 
-186 -189 
101 9 
-196 -173 
-116 191 
81 13 
34 84 
44 4 
-121 -148 
-91 -157 
-110 -191 
68 -84 
-44 121 
153 15 
107 9 
150 134 
24 -58 
-145 -23 
-89 -189 
180 6 
-62 -195 
107 -129 
-175 26 
-46 -182 
106 137 
-176 -68 
-126 20 
148 -63 
-78 108 
-48 26 
116 103 
-162 71 
-154 -62 
-70 91 
72 -68 
53 126 
-136 -31 
-176 176 
-96 -198 
103 -118 
-149 -86 
175 169 
-58 29 
41 -160 
36 -83 
195 165 
-6 63 
102 41 
79 -158 
159 16 
13 148 
111 -118 
-104 57 
78 -135 
-80 -14 
-32 -80 
-75 98 
96 -69 
-72 172 
176 186 
168 -123 
-17 98 
-34 -153 
-48 68 
70 83 
125 -123 
107 3 
52 -200 
65 -136 
-139 -52 
121 -186 
139 -16 
30 150 
-114 -124 
-19 -58 
171 -26 
-25 -59 
119 -70 
184 -188 
-85 -42 
-50 75 
107 -27 
-174 -156 
-24 -62 
-77 4 
-194 40 
-130 -118 
-176 127 
-172 -119 
-36 98 
17 146 
51 64 
75 133 
-194 -79 
115 97 
-97 142 
171 78 
-7 0 
136 -185 
165 -158 
129 -197 
195 121 
-60 -182 
-146 75 
93 -40 
-28 -24 
-66 -41 
-179 190 
42 -92 
-107 -184 
170 164 
52 74 
137 -183 
148 -157 
18 100 
-126 153 
-66 194 
19 -131 
-194 -32 
-61 73 
116 159 
16 75 
-132 -40 
-50 121 
15 -94 
31 -84 
192 80 
-113 -50 
1 155 
-117 7 
190 -1 
-135 -21 
-179 136 
179 188 
158 147 
-42 -52 
118 194 
88 141 
123 66 
103 -150 
-151 132 
-85 -107 
-181 127 
7 -187 
-36 143 
-145 117 
69 132 
-137 138 
-170 -165 
-62 176 
49 -185 
-139 152 
-71 -80 
-145 54 
-23 159 
126 -35 
-110 26 
-24 74 
-131 -92 
-54 -21 
-37 128 
-191 -111 
-65 -181 
136 -186 
-24 72 
10 -102 
-136 70 
17 167 
50 -137 
145 153 
30 -176 
114 -186 
-74 -103 
57 -109 
37 173 
41 -1 
-185 164 
-159 -58 
-169 161 
-200 192 
-86 -9 
125 -3 
-59 197 
171 178 
197 -40 
76 -99 
118 171 
178 160 
76 169 
147 167 
176 -80 
-112 -30 
-22 -138 
165 -41 
146 70 
5 116 
131 -93 
38 60 
75 83 
123 -72 
159 48 
35 110 
193 148 
-121 -28 
129 -33 
10 136 
-102 53 
31 89 
129 -40 
125 -113 
-82 89 
-109 77 
-111 99 
-98 -177 
-199 69 
27 57 
-198 -161 
-112 79 
-199 9 
-98 -159 
97 20 
-41 122 
-44 -145 
10 -123 
18 -47 
-167 -182 
-2 -78 
-96 86 
130 121 
10 -104 
129 -66 
76 -175 
-23 -190 
149 191 
-105 72 
-200 -194 
45 -12 
97 -42 
-83 155 
6 -109 
-54 137 
143 -99 
-152 138 
-41 13 
183 -160 
-13 139 
83 190 
-53 160 
154 199 
195 -153 
-169 60 
-127 -168 
157 -69 
100 -36 
-60 173 
-59 146 
143 -162 
112 58 
-146 -15 
142 30 
189 -63 
198 13 
-67 -44 
-89 -186 
-14 -36 
91 -51 
-175 20 
57 -176 
-87 -178 
44 3 
-126 38 
46 -75 
-16 16 
-70 -48 
181 -144 
118 -22 
-151 -198 
127 14 
-29 -118 
60 -86 
109 160 
84 3 
136 161 
-88 2 
-82 192 
150 -154 
-157 -87 
-152 -58 
-136 180 
78 25 
-186 -26 
-184 40 
-136 -152 
-168 39 
-67 -96 
113 -137 
-64 54 
-194 -117 
-75 44 
-78 98 
15 164 
-100 141 
-138 -155 
-79 152 
-95 -175 
51 -17 
169 40 
171 -160 
53 -26 
57 -173 
15 132 
45 12 
35 38 
111 21 
31 -3 
163 -49 
-193 159 
59 -178 
-106 7 
-138 -113 
97 -21 
0 29 
-33 -166 
-82 -11 
-159 -39 
112 120 
-132 -3 
-75 -117 
117 58 
-59 6 
143 37 
162 185 
-124 126 
68 102 
104 -62 
167 -88 
126 -200 
59 138 
137 34 
23 -192 
198 52 
-116 -125 
16 -115 
-130 -173 
-171 111 
-119 57 
52 -128 
-121 -45 
194 129 
128 125 
147 -2 
-168 -128 
160 -70 
49 63 
144 77 
174 7 
193 -147 
-67 27 
106 49 
190 132 
-104 127 
164 155 
149 -184 
-177 86 
-127 11 
-119 193 
-121 25 
11 92 
-31 -64 
-136 -79 
44 -180 
-6 4 
-133 -33 
-185 -19 
-81 113 
186 146 
-88 60 
-56 -195 
162 46 
-116 -193 
-15 -112 
96 -49 
-2 -126 
157 55 
-90 55 
-181 123 
169 -151 
108 -157 
162 -87 
-89 -73 
-189 -37 
123 -112 
-77 190 
-179 -36 
-132 -38 
-6 45 
-67 60 
-131 -42 
-64 -162 
-70 113 
75 -100 
109 166 
188 148 
70 128 
37 176 
181 110 
79 122 
-140 -92 
-177 -74 
-165 165 
-127 -107 
-75 181 
70 -172 
59 -154 
76 -38 
-197 189 
-124 -39 
154 -43 
-49 -179 
4 -183 
-24 94 
-177 -83 
-177 45 
-105 -169 
6 -129 
-131 173 
-179 -174 
119 112 
128 131 
-52 146 
-64 -176 
39 46 
-103 -164 
167 -87 
31 139 
-93 -114 
-27 119 
59 7 
159 -89 
-31 -170 
178 151 
-157 142 
-164 22 
153 76 
-159 190 
95 90 
-17 13 
-50 126 
155 41 
186 -187 
-138 48 
68 -48 
131 56 
-96 25 
142 163 
98 -115 
29 -38 
157 39 
-30 -33 
-64 -65 
31 193 
-147 163 
104 -181 
-153 95 
-120 177 
-114 88 
83 -199 
-31 -148 
117 -131 
-160 -153 
-68 45 
-13 148 
-133 34 
5 -190 
37 191 
170 108 
-94 -16 
-110 -65 
11 25 
14 80 
-35 -17 
-175 158 
138 161 
119 -61 
178 120 
-112 109 
133 9 
-56 -134 
-187 72 
-55 -118 
-37 188 
-167 -22 
112 48 
-41 22 
31 -10 
62 -140 
-69 101 
-84 -60 
147 10 
34 -7 
100 -66 
-44 94 
-127 59 
-175 -27 
79 87 
-63 27 
-195 -156 
168 165 
-133 -83 
2 48 
-64 -199 
152 166 
145 136 
107 -114 
5 96 
-59 -43 
-19 197 
195 171 
-172 23 
-95 -99 
181 27 
-58 198 
-68 -93 
44 -114 
-56 20 
176 -64 
-193 -149 
-155 86 
191 -17 
-92 -107 
17 140 
75 90 
-2 13 
29 164 
78 171 
35 -76 
-40 -54 
148 -27 
125 164 
-36 -37 
-185 24 
-103 78 
121 -60 
127 192 
-8 93 
15 88 
174 41 
194 146 
-12 83 
140 -77 
-143 68 
-62 -127 
118 102 
122 -124 
89 -108 
62 70 
150 -3 
154 96 
101 111 
60 -79 
111 -69 
-196 -83 
-100 70 
-138 -146 
-53 -99 
153 175 
-157 -63 
31 -94 
-182 -139 
-170 -142 
18 92 
61 -56 
10 -90 
183 -186 
155 23 
-44 137 
115 -34 
147 -104 
26 -118 
-181 105 
66 127 
144 -158 
-165 -98 
-146 -144 
-79 -187 
-150 -91 
71 -194 
-161 -9 
-4 -51 
12 -8 
-53 11 
175 189 
193 -131 
-81 -40 
-191 116 
-181 -1 
-27 -179 
-99 75 
-98 110 
111 52 
-74 -12 
-145 155 
-175 151 
-36 -188 
-123 136 
-192 53 
179 -139 
-140 139 
186 137 
-187 51 
-172 190 
-142 28 
-133 -74 
-22 74 
-84 94 
160 -33 
-30 -10 
-189 110 
42 -185 
155 -133 
-84 -83 
-16 63 
-157 -180 
14 114 
-188 121 
130 198 
-154 -35 
-99 -112 
121 -147 
91 172 
-176 -58 
-41 112 
-34 -94 
24 -34 
154 137 
-143 -132 
-94 -115 
-83 -10 
-37 112 
-45 103 
93 -84 
131 -142 
-192 131 
42 188 
132 28 
-132 123 
188 32 
12 -184 
-57 -171 
-29 151 
25 -140 
-196 -21 
153 34 
-138 -184 
151 -181 
125 90 
88 91 
182 -4 
175 -94 
-122 66 
76 64 
-19 -128 
104 -110 
42 162 
122 43 
-31 -55 
-24 181 
12 -152 
-41 -50 
109 -124 
-142 -195 
47 163 
-44 -199 
63 -114 
191 -80 
104 -172 
-86 64 
97 174 
-33 -76 
-195 118 
-109 -179 
-46 151 
139 -82 
-187 -52 
120 141 
33 98 
123 3 
-83 -132 
32 -137 
-199 1 
32 155 
-99 22 
-140 -5 
27 -34 
32 163 
-126 -55 
49 123 
-26 148 
-147 49 
23 177 
50 -16 
58 11 
124 -198 
-154 19 
-123 -21 
147 -145 
1 4 
-181 150 
101 -97 
150 135 
-186 167 
48 90 
-86 163 
-61 -92 
-42 50 
150 196 
27 -55 
-193 -56 
182 170 
-169 -176 
-95 77 
-107 84 
-30 -92 
-90 83 
179 31 
80 158 
17 -141 
120 -45 
-107 -157 
-125 184 
37 30 
-110 -42 
-160 158 
10 71 
-118 118 
-132 185 
-179 -99 
-132 89 
-192 -182 
-190 -178 
-166 -168 
51 41 
-147 193 
-113 162 
18 182 
-40 18 
181 4 
96 -12 
-48 -15 
-171 -113 
75 12 
182 -126 
-127 -177 
151 -57 
47 179 
20 -93 
-53 -184 
38 -150 
29 -14 
-72 187 
2 -144 
47 128 
-130 86 
38 -168 
-16 10 
-108 80 
-126 111 
-79 196 
-68 162 
153 131 
-122 -32 
76 -21 
-150 105 
-25 120 
109 71 
197 -16 
-109 72 
23 -196 
6 95 
-32 139 
-129 -182 
-78 159 
130 14 
-97 -59 
-69 105 
-78 6 
-100 28 
-165 17 
33 27 
182 146 
-27 195 
-164 2 
56 -130 
36 17 
-126 -142 
-143 82 
-44 -95 
-181 26 
-60 -27 
56 195 
140 62 
-182 63 
107 11 
-179 168 
-192 -136 
-130 61 
-50 -19 
132 -4 
140 -69 
-139 -127 
96 -140 
-167 185 
142 34 
14 15 
83 45 
-15 -182 
70 1 
-116 -24 
-87 168 
-75 -134 
-44 173 
140 -75 
148 155 
125 106 
114 -195 
-68 188 
160 -59 
79 10 
77 198 
129 82 
-114 91 
139 -32 
-43 72 
41 -59 
160 -154 
90 -150 
-70 87 
-110 9 
-114 98 
68 38 
-106 72 
56 50 
-117 136 
-150 -169 
139 -172 
-72 41 
-98 13 
-43 -99 
-97 -144 
187 -196 
-50 -48 
157 -11 
-94 -33 
199 -98 
-180 52 
-179 -64 
-82 -165 
-114 -147 
185 49 
-38 120 
-181 7 
-69 110 
-32 -83 
-49 93 
87 -88 
-90 -86 
88 197 
99 96 
-101 147 
-189 157 
-146 -173 
-43 183 
182 -15 
-94 58 
-195 121 
48 184 
-168 -137 
194 -47 
194 -128 
-83 108 
40 135 
154 -186 
4 -83 
-9 -32 
104 195 
144 -29 
19 74 
23 -125 
148 31 
-125 -43 
-177 -32 
56 158 
-35 -37 
-70 26 
-183 114 
87 6 
89 48 
138 -4 
82 -177 
-132 118 
166 -185 
-77 -142 
-181 -138 
18 97 
172 -151 
76 -6 
-174 0 
143 -149 
-183 142 
59 30 
-142 39 
26 -91 
29 168 
-83 181 
162 90 
85 -28 
-93 137 
-136 -80 
-177 -63 
166 -117 
-6 5 
190 -21 
27 104 
173 154 
-105 -107 
-58 160 
-183 -194 
-32 -180 
-107 -138 
159 -91 
24 53 
-190 46 
-33 19 
40 -49 
167 -86 
-126 -195 
-110 -109 
49 -166 
-122 68 
20 -72 
-179 -27 
193 45 
-21 -54 
-108 -53 
-85 196 
-193 -160 
-179 124 
-28 73 
-44 7 
43 -94 
22 58 
-32 142 
125 15 
169 -137 
-86 101 
-141 -184 
-16 176 
-200 -151 
-25 0 
-30 122 
-195 -52 
-194 -54 
-168 120 
159 -134 
-79 -151 
158 -5 
-63 40 
-58 -186 
101 -1 
115 132 
124 -136 
56 -1 
-74 144 
122 -179 
-37 -172 
49 81 
162 126 
116 120 
-195 -128 
-192 -65 
54 49 
80 -130 
-129 -190 
15 -186 
-32 -184 
-184 98 
-134 173 
101 96 
155 2 
-14 56 
58 112 
-117 -13 
190 -82 
-25 -175 
122 -74 
-77 -43 
-62 71 
61 -141 
144 131 
-23 -66 
113 -64 
-73 -125 
0 -168 
-18 74 
14 143 
-102 95 
-99 177 
43 51 
-38 14 
198 -186 
176 177 
130 69 
-39 12 
3 -153 
137 144 
-162 196 
65 114 
-174 -41 
52 -35 
-99 108 
172 -109 
60 -110 
-195 -6 
-65 4 
157 -173 
79 -156 
36 182 
-56 -148 
-177 -41 
150 161 
64 -3 
175 -166 
97 45 
-69 125 
-176 -86 
152 22 
-94 -27 
163 -74 
-121 144 
-44 -74 
-98 -182 
-152 116 
-145 141 
-3 -11 
93 -170 
-27 93 
-162 84 
-47 -117 
16 -96 
48 -158 
-51 12 
-12 12 
-167 156 
11 88 
-28 -59 
-130 43 
163 -104 
-174 -111 
-171 147 
-148 118 
111 -39 
10 -165 
-93 -95 
190 181 
-66 154 
-194 26 
107 -88 
-193 108 
-133 -2 
73 2 
29 119 
50 188 
-43 28 
174 -71 
-111 119 
-43 -98 
169 -17 
5 -139 
64 61 
101 -19 
-17 110 
55 -172 
61 -35 
-34 46 
-56 -21 
103 142 
-52 -3 
-19 -152 
128 -166 
-113 -2 
-9 188 
-186 -146 
116 -40 
-17 -172 
-187 179 
-88 45 
-80 64 
57 70 
153 -115 
47 160 
92 -84 
-67 103 
-93 -182 
-42 -149 
-81 -5 
142 76 
-104 189 
111 174 
188 18 
55 -14 
91 -188 
-117 -121 
-93 -29 
185 136 
127 -167 
188 -2 
5 -54 
169 -61 
118 51 
-41 49 
196 -138 
-86 160 
156 143 
-181 -29 
33 25 
87 83 
-92 -188 
-50 -61 
-34 165 
60 -143 
-85 86 
13 136 
165 35 
144 69 
-117 152 
101 171 
60 25 
-91 112 
182 -23 
118 114 
140 -26 
-100 -127 
-195 -76 
167 -2 
-140 169 
-199 -53 
11 39 
131 76 
147 109 
-136 190 
72 169 
177 -127 
35 188 
-10 75 
70 -159 
70 -186 
-74 0 
6 2 
-144 -116 
76 95 
-92 -177 
-191 190 
-45 -159 
-64 14 
67 44 
135 -37 
116 -29 
-126 132 
-8 15 
128 -58 
-95 -160 
-195 -31 
154 -142 
-6 -62 
47 -40 
131 -82 
135 -61 
-89 -162 
89 127 
4 -27 
-113 -114 
-12 89 
102 147 
-31 67 
-93 -14 
-42 64 
45 -160 
41 -38 
-63 -48 
7 111 
82 -29 
-168 26 
-112 -145 
161 132 
197 3 
-18 20 
134 -132 
175 67 
-76 126 
39 81 
130 -165 
146 -46 
134 -102 
80 45 
-2 -139 
71 83 
-117 41 
195 -57 
-166 117 
-147 32 
-61 146 
-45 167 
-199 -63 
-68 -142 
136 -113 
72 -194 
190 -34 
-8 130 
-168 174 
162 22 
-48 -46 
-81 -119 
26 96 
-51 35 
-51 58 
-38 -138 
-186 -196 
-84 72 
-31 121 
-55 116 
-73 -21 
46 199 
-191 153 
-27 -165 
-73 -165 
35 -63 
-104 -19 
-196 23 
-90 -107 
-90 148 
42 124 
80 -137 
52 -74 
-43 -10 
-51 -91 
151 -107 
-48 48 
1 66 
50 -145 
-66 -154 
68 104 
-144 12 
-42 43 
-145 80 
3 153 
160 -8 
129 78 
1 -134 
114 51 
78 149 
-154 16 
195 146 
-50 89 
-188 147 
-166 135 
-84 181 
-32 62 
8 27 
35 6 
191 -57 
61 -137 
2 -41 
163 193 
60 -146 
-103 -31 
85 171 
-160 159 
-108 -198 
158 102 
41 12 
102 183 
-101 184 
73 -66 
-133 -8 
74 147 
-51 -143 
40 -66 
-161 -93 
100 -32 
-191 -185 
-197 -26 
-105 -188 
129 -193 
-84 -153 
94 22 
-200 -95 
124 -82 
-114 -102 
-37 100 
157 -121 
29 -109 
-44 -195 
137 -145 
92 25 
115 -47 
176 69 
-10 -18 
112 177 
-182 43 
-152 157 
179 83 
-16 -88 
-103 -63 
193 195 
-57 -113 
-172 -137 
35 -94 
-146 159 
64 -132 
-198 58 
-138 31 
71 -154 
136 190 
-16 151 
125 -111 
-174 105 
-179 -109 
39 194 
-158 -87 
119 -133 
-94 121 
49 162 
54 -45 
-104 166 
-92 185 
-30 13 
-130 27 
85 -40 
147 -113 
76 114 
25 -66 
-159 117 
111 162 
-80 -138 
91 -108 
147 -131 
137 -175 
151 34 
-36 102 
11 -56 
-195 -112 
26 104 
-174 161 
-131 192 
-156 23 
-103 3 
64 45 
87 -100 
159 -145 
-79 -58 
-13 -181 
179 155 
-172 -88 
-10 38 
-72 1 
-77 28 
10 -24 
-162 -165 
-183 141 
115 -158 
2 79 
91 146 
137 191 
169 48 
-5 123 
42 -88 
-173 39 
52 -142 
152 82 
111 -63 
61 42 
-164 -44 
-96 52 
-59 153 
-51 -86 
66 -151 
-33 -35 
97 -35 
-160 -130 
163 -95 
102 -13 
-83 -62 
-172 -31 
-14 -194 
-4 191 
34 104 
172 -3 
-18 -187 
141 -189 
-132 -67 
-28 57 
-171 -22 
17 102 
85 186 
168 -130 
72 79 
63 -10 
-46 -70 
188 -98 
74 -42 
-44 13 
16 -77 
50 182 
-166 -196 
-125 -118 
-55 166 
-144 85 
-189 24 
-95 -150 
64 -196 
-185 25 
93 -6 
-65 -36 
66 -180 
115 -5 
29 -15 
-83 2 
-119 33 
117 180 
-28 2 
105 111 
36 26 
-20 59 
109 38 
-3 140 
57 -182 
70 -47 
-79 -10 
45 -54 
-49 -94 
60 117 
-62 -112 
133 85 
105 167 
-188 -94 
-22 -176 
10 196 
135 11 
127 24 
-8 78 
160 54 
30 193 
78 -130 
13 196 
-107 -182 
146 -102 
-200 131 
54 154 
114 -100 
23 79 
-163 61 
-76 -42 
-188 105 
-37 107 
-94 144 
-131 153 
-126 -158 
-48 60 
4 -66 
-69 68 
177 93 
157 106 
-181 175 
-106 4 
-41 167 
-79 102 
-122 -76 
168 -148 
149 15 
167 -80 
100 69 
160 150 
71 100 
-139 66 
136 3 
-83 17 
-39 -160 
-141 2 
58 47 
75 186 
-95 -152 
9 -85 
36 16 
-191 -89 
128 124 
66 183 
-49 -64 
35 166 
148 -36 
83 -191 
29 56 
133 -70 
-185 12 
-128 165 
56 -141 
186 -133 
-78 144 
-166 119 
-53 153 
61 137 
20 147 
-24 -199 
92 6 
-152 148 
-9 -157 
86 -11 
-101 -71 
-156 -42 
105 -138 
-59 -85 
21 -21 
-123 14 
100 -144 
-84 -78 
-135 38 
77 -9 
199 46 
86 -33 
-195 82 
-11 182 
-9 -82 
-12 -96 
17 -165 
-92 77 
167 14 
51 -87 
-70 -176 
8 -53 
84 115 
37 -195 
-92 -98 
162 -106 
197 199 
159 -1 
42 165 
35 -55 
94 174 
80 138 
-88 -30 
-160 177 
194 78 
120 93 
40 -81 
-11 -85 
-6 199 
162 -8 
-51 -27 
161 -59 
128 53 
83 -67 
6 -108 
-195 184 
-174 -154 
-98 171 
-47 79 
-114 106 
-10 -183 
98 -52 
143 -107 
-70 178 
-75 -124 
112 49 
-150 -184 
127 8 
70 -139 
137 132 
161 -21 
-60 122 
13 109 
191 108 
79 166 
101 115 
171 -15 
31 148 
-164 173 
-194 -172 
71 -16 
140 88 
-81 182 
-96 175 
-102 183 
-167 -65 
-134 66 
-2 0 
189 146 
-149 8 
78 -76 
-175 4 
-180 31 
-72 -199 
-87 5 
-128 -154 
183 -20 
-168 75 
-97 177 
198 119 
-173 167 
-197 7 
-108 181 
-70 114 
142 107 
175 150 
0 55 
-131 -173 
142 56 
137 2 
-164 -58 
-153 118 
-138 -24 
-157 88 
52 82 
174 -60 
-144 174 
181 128 
-129 57 
69 -37 
-143 76 
-43 -52 
-150 -30 
66 -119 
103 -28 
-105 -130 
-110 -177 
146 -39 
-31 119 
-24 -75 
183 -66 
71 -195 
83 -10 
98 -180 
-75 17 
27 -19 
8 -17 
99 -23 
-31 -75 
-171 -13 
-87 -120 
-172 156 
-154 26 
65 -153 
112 18 
170 -167 
-22 -72 
-91 -76 
47 -33 
-56 -9 
-60 -125 
-74 -169 
-191 -84 
-168 154 
-45 173 
-28 165 
183 -49 
177 -71 
-18 -64 
-187 -113 
-116 125 
-130 -101 
-197 -59 
93 9 
130 -28 
-126 -179 
190 70 
-82 -63 
145 35 
-25 188 
153 128 
113 167 
46 -65 
-50 179 
-193 -57 
-8 -126 
-139 125 
-86 -64 
29 18 
-195 -59 
-173 36 
92 151 
82 102 
-119 154 
74 -50 
154 -122 
31 194 
57 -168 
145 50 
-20 -36 
153 146 
-156 -53 
100 -178 
-56 -108 
30 128 
84 125 
41 -32 
-70 -30 
129 114 
-132 -89 
80 -14 
101 -192 
45 -35 
-146 -97 
41 76 
-44 78 
124 -12 
71 -152 
147 -25 
-132 -191 
158 162 
33 -133 
20 -106 
0 167 
7 -14 
81 -156 
61 -80 
-88 16 
-126 -93 
153 24 
109 13 
-143 30 
119 87 
-155 111 
-98 -51 
-103 76 
69 -82 
-75 175 
155 -42 
144 -143 
135 136 
-78 -124 
-92 -61 
-167 -128 
39 113 
-104 12 
-69 -50 
68 -50 
177 67 
164 -172 
-103 -177 
-139 72 
-41 -129 
199 104 
-138 2 
46 118 
83 -189 
148 -129 
22 101 
-11 -196 
18 -40 
108 -22 
-122 -141 
-192 -171 
140 -44 
161 51 
127 -19 
-54 60 
1 46 
-193 179 
-87 153 
89 -51 
163 -68 
-154 20 
-78 152 
-64 99 
-49 154 
-54 -107 
21 -140 
-97 -145 
126 67 
123 -10 
132 103 
83 -164 
120 -193 
172 -15 
-81 166 
2 128 
-133 -21 
-41 168 
27 178 
-123 85 
-12 60 
-78 -108 
72 -52 
117 -64 
103 -51 
-61 -46 
69 152 
134 -63 
64 -159 
170 168 
192 -32 
-21 -168 
88 -26 
92 -124 
-62 129 
190 65 
102 -165 
-136 -52 
186 -121 
-19 60 
5 82 
-194 -31 
-101 -21 
-57 29 
82 54 
128 -103 
-82 50 
-15 -1 
195 64 
-137 -198 
-50 -71 
-150 -168 
57 0 
103 177 
28 77 
114 -187 
170 -78 
-167 98 
-175 77 
-68 186 
-14 64 
-166 -161 
142 192 
-55 -199 
-164 90 
54 91 
-85 140 
-187 -107 
-140 -142 
111 -166 
132 15 
198 -108 
-41 -6 
-133 -12 
-45 -3 
130 166 
-181 -131 
125 144 
-155 174 
-200 139 
-60 4 
-57 10 
-65 -96 
21 -86 
-151 -1 
14 118 
-108 -115 
-108 -41 
35 19 
-182 -120 
-112 135 
18 -18 
126 190 
-75 55 
47 -89 
-165 -181 
-42 94 
-63 93 
69 40 
-169 -104 
102 -197 
151 7 
-191 -7 
126 -137 
53 -50 
-6 26 
-61 -152 
82 -79 
69 -32 
137 -195 
172 63 
-99 103 
163 108 
121 -179 
37 -1 
17 -108 
24 -111 
111 122 
-174 -198 
195 -47 
59 165 
-54 110 
-28 -168 
68 181 
136 26 
155 185 
-62 148 
-99 33 
190 90 
174 192 
72 -171 
-64 126 
-90 -15 
140 4 
-177 48 
-196 115 
50 -148 
114 104 
86 178 
83 -97 
196 -141 
-74 -150 
-28 170 
-64 18 
81 128 
195 85 
135 90 
153 181 
161 83 
-144 24 
-59 -9 
-165 -59 
-152 199 
122 130 
182 163 
-171 45 
-44 22 
-76 -170 
-94 47 
180 -147 
29 -173 
-76 7 
139 144 
30 -74 
-165 -89 
103 31 
-151 -118 
33 35 
-96 188 
-37 68 
-43 -198 
187 119 
-156 -199 
-145 -152 
-71 -120 
148 -71 
137 57 
-138 -121 
-95 89 
196 -145 
-74 162 
198 -158 
161 79 
146 -177 
-123 -113 
-185 172 
176 188 
58 -156 
-111 -46 
70 -56 
45 -49 
90 -119 
108 -186 
95 92 
-66 121 
144 21 
122 11 
-63 2 
-140 42 
152 -155 
187 -179 
37 -114 
-172 -164 
-109 -8 
24 -76 
17 -30 
-42 -7 
15 -158 
-138 -22 
-21 19 
-69 134 
149 0 
122 -84 
-107 -175 
-31 164 
61 -94 
52 98 
38 191 
96 69 
46 4 
94 -69 
55 -185 
154 84 
-122 147 
68 -131 
-99 174 
164 -55 
-101 -40 
114 131 
24 39 
12 -75 
157 -41 
156 -110 
97 83 
37 6 
-87 -127 
-49 38 
-13 -32 
-39 -83 
-49 -29 
-145 -62 
70 48 
151 -195 
26 -14 
21 -156 
109 -187 
108 49 
-114 150 
-162 -184 
185 -106 
144 75 
-77 -4 
-139 -76 
-121 -142 
-185 -1 
33 -62 
-67 -66 
-23 111 
82 153 
19 -166 
-148 -184 
-66 -30 
104 -27 
0 66 
-62 185 
124 -40 
163 17 
95 -102 
60 173 
138 73 
-127 181 
-141 -54 
84 103 
68 -42 
50 148 
-86 -15 
118 -1 
167 -164 
102 159 
-197 11 
135 186 
110 54 
19 -154 
194 120 
-150 103 
65 108 
-159 -6 
-9 177 
11 76 
175 118 
-30 -156 
20 -101 
-103 65 
-64 187 
28 -58 
135 144 
-81 -21 
-163 171 
-7 18 
-42 78 
-115 -66 
112 -130 
-74 -72 
-7 -133 
36 -113 
-196 -86 
-143 -134 
1 16 
93 135 
-103 -72 
32 177 
-169 119 
-42 74 
-62 68 
-65 19 
38 -152 
-78 -100 
10 115 
-169 -155 
97 27 
48 -45 
171 -108 
18 110 
182 -159 
199 17 
-52 35 
162 -38 
-7 -23 
-155 -74 
95 98 
-159 -198 
153 -24 
-139 99 
191 -69 
137 -41 
107 78 
-34 74 
-183 87 
166 122 
-10 -79 
-167 -186 
116 -17 
85 89 
-84 -176 
-45 111 
163 -172 
39 -78 
-163 -139 
-177 90 
-66 -195 
-119 -84 
-118 -67 
-17 -18 
-53 180 
80 7 
140 -104 
70 -50 
57 11 
167 -200 
-80 -141 
35 -193 
21 95 
182 -65 
35 155 
-8 63 
-130 -117 
46 67 
-97 -174 
-193 -110 
169 -57 
-126 -24 
-19 -102 
-196 -85 
71 192 
-45 -143 
-51 181 
97 28 
174 -158 
-193 -58 
-44 67 
-84 76 
8 -78 
152 73 
155 -85 
195 161 
-115 -43 
185 112 
-142 -9 
-38 81 
42 15 
145 -80 
-11 -179 
30 81 
102 6 
83 16 
96 -25 
20 -184 
-144 -153 
-94 -59 
-192 30 
-32 -110 
-165 12 
-85 83 
-117 -192 
-122 -6 
141 198 
-49 -86 
-179 -79 
120 -189 
80 -87 
189 187 
-14 88 
-182 9 
-194 3 
-104 -94 
172 -107 
186 -13 
54 -99 
147 -81 
-126 -63 
-155 -76 
-193 -137 
118 -141 
-148 -87 
-163 136 
20 -53 
-17 133 
-54 -70 
-5 -48 
-126 179 
-65 -38 
27 -110 
159 38 
-57 -31 
-148 191 
22 56 
-2 -159 
191 -38 
-72 -11 
-44 166 
-120 -17 
119 36 
46 98 
193 -38 
121 -99 
166 6 
52 -186 
-197 15 
-140 121 
83 -166 
191 -34 
34 45 
100 17 
-176 44 
-167 -120 
49 168 
31 -150 
182 39 
-150 187 
-166 132 
-147 87 
-145 164 
32 -61 
-69 -43 
-174 -152 
-185 -40 
-174 -144 
-87 -126 
115 -147 
-200 -54 
-69 41 
-133 80 
191 31 
7 -100 
18 175 
-199 -142 
-22 146 
154 -3 
113 21 
-1 151 
66 -26 
-74 20 
140 145 
75 -200 
81 -159 
-180 199 
-120 -183 
118 -88 
127 170 
-187 -94 
15 -105 
-27 176 
-96 -41 
193 -41 
117 129 
140 93 
-181 47 
4 -159 
-97 192 
-104 -131 
-187 -76 
111 16 
-170 -131 
-24 149 
97 159 
129 -132 
-34 -135 
-192 -110 
190 195 
-38 -118 
-34 -125 
98 168 
-33 10 
-62 -124 
-185 148 
90 171 
-41 93 
-31 -72 
-161 29 
-71 -56 
-96 -110 
-156 44 
34 -137 
135 -198 
-67 -166 
-182 12 
180 -193 
23 -15 
105 -177 
-177 114 
35 76 
152 102 
115 -193 
3 -168 
-48 101 
-60 -179 
-38 -144 
16 -70 
48 -37 
-91 97 
-180 -62 
152 66 
-101 111 
80 35 
-158 -151 
-180 109 
-31 -140 
35 183 
115 -153 
-165 82 
-68 -50 
193 -105 
-131 167 
171 100 
-156 83 
-81 54 
-47 -17 
158 186 
-27 -134 
59 -77 
-30 185 
-97 139 
171 -46 
-130 97 
-149 -53 
-133 -84 
62 -105 
199 68 
-199 -120 
116 -126 
-197 125 
-187 -119 
-89 -177 
-183 -151 
49 -114 
-161 92 
-28 110 
1 -20 
86 -181 
93 66 
-46 121 
60 -15 
-19 -147 
190 -157 
-4 -31 
-40 -192 
-75 -132 
143 1 
-154 -97 
9 -93 
-154 -48 
197 181 
166 -190 
-117 119 
-49 44 
131 -72 
115 49 
-138 -61 
0 -140 
-195 63 
-188 -61 
48 1 
-167 -51 
-20 -140 
-31 -188 
-138 86 
79 -37 
45 -187 
160 123 
189 -133 
-77 181 
-169 -141 
106 153 
129 -91 
92 -190 
-107 -132 
-173 -62 
-38 -139 
-87 169 
-107 -76 
186 -64 
124 -109 
145 33 
-79 155 
102 49 
75 99 
42 -188 
-107 -191 
19 -92 
190 52 
-176 197 
65 -59 
-44 -86 
-173 -178 
48 163 
-14 -3 
187 -200 
61 90 
-90 -43 
91 79 
115 -39 
-187 131 
-77 -1 
-175 -190 
32 159 
16 -58 
24 -141 
-141 -200 
-66 -84 
41 54 
82 -110 
-140 19 
174 66 
-83 -24 
-124 -40 
83 92 
-123 59 
196 -108 
-3 -35 
-55 65 
70 -107 
-16 -128 
122 -172 
-103 156 
162 -79 
-158 -126 
-158 62 
-69 53 
96 160 
-26 188 
68 153 
-139 110 
77 108 
137 82 
-134 165 
130 38 
-199 -136 
132 -119 
-144 -98 
88 -91 
-193 -113 
14 74 
0 175 
-129 -161 
28 -70 
163 76 
15 140 
196 -163 
13 -30 
83 86 
-159 -128 
-141 -114 
-163 -71 
48 -72 
52 -183 
128 -107 
29 -181 
-160 187 
143 64 
-122 59 
-104 175 
34 -106 
7 -177 
123 191 
-110 -161 
-38 -34 
12 152 
-63 -67 
-130 171 
-131 -1 
39 164 
-15 80 
165 -194 
129 -145 
-198 -130 
57 24 
49 147 
-69 119 
-100 -94 
158 64 
180 -48 
186 -151 
-54 179 
73 -125 
-139 116 
-144 -47 
-149 -154 
-23 -5 
50 -101 
-186 28 
48 140 
-131 -2 
23 -72 
122 100 
-1 185 
30 199 
-34 -124 
-139 38 
102 -141 
-88 -94 
-23 158 
-17 -122 
10 -120 
-128 122 
144 -183 
141 93 
172 -103 
-13 112 
23 37 
-194 87 
-161 -49 
-67 146 
160 49 
182 -32 
73 194 
-14 24 
9 -23 
-172 147 
-137 197 
-18 194 
100 16 
-31 194 
47 -150 
-174 -170 
170 -144 
-50 -139 
-6 -151 
105 2 
99 -197 
41 -138 
23 -188 
157 40 
-166 191 
146 53 
-165 65 
-186 1 
-172 50 
5 20 
-39 -82 
-176 -5 
152 -111 
-96 -23 
80 -126 
184 20 
107 0 
41 24 
87 27 
99 159 
195 18 
-119 -140 
-171 -1 
-52 177 
120 144 
-136 113 
-182 -121 
126 -11 
115 50 
79 -110 
101 61 
-3 8 
176 -169 
77 194 
-123 -22 
63 -145 
22 130 
93 177 
97 30 
71 109 
-190 -194 
-178 -163 
-156 -131 
-181 25 
-97 12 
170 -22 
34 27 
-168 145 
-17 39 
-37 35 
-137 119 
115 182 
84 71 
33 58 
-31 -181 
75 -121 
65 22 
177 -183 
-150 -123 
-192 -157 
115 -190 
137 -163 
46 72 
31 103 
139 72 
183 -98 
122 58 
-168 -31 
124 123 
-39 61 
-180 44 
-185 46 
-184 67 
2 53 
-166 115 
123 27 
-35 -153 
138 81 
112 -24 
140 144 
-168 -194 
-151 -14 
30 51 
36 -173 
106 -170 
-115 -116 
42 -40 
-130 29 
117 -144 
-115 114 
-62 28 
26 -46 
-179 102 
176 0 
130 -54 
-125 -128 
-200 -87 
-137 149 
-153 156 
55 -85 
121 96 
114 -22 
-111 181 
-142 -170 
-18 -143 
55 -107 
165 29 
172 93 
-189 -1 
14 174 
156 -53 
-120 -118 
-114 -139 
196 33 
-169 173 
135 -175 
62 19 
62 47 
-144 128 
-174 154 
100 -61 
-105 -99 
-121 -68 
34 -136 
-186 -152 
104 -1 
-127 -189 
-185 102 
199 61 
-62 126 
-197 74 
-79 -71 
94 14 
138 173 
65 -95 
-91 -37 
164 190 
-155 182 
39 23 
-91 -69 
125 8 
58 -45 
-45 153 
79 -55 
-29 30 
-103 160 
174 -8 
161 179 
183 -111 
-140 28 
-119 198 
10 41 
-78 118 
-83 30 
92 150 
123 103 
157 131 
7 -184 
126 -113 
130 -85 
-101 -90 
-42 -133 
-117 -143 
13 39 
57 -83 
85 92 
96 65 
-132 33 
-35 156 
86 -70 
109 100 
-189 -66 
170 17 
-12 -95 
-121 186 
-47 174 
78 176 
-196 94 
-91 42 
-10 158 
-197 173 
75 151 
-45 36 
21 -174 
-2 -97 
-1 194 
196 130 
-28 -64 
-164 -171 
-91 -31 
81 -56 
160 93 
-137 193 
47 186 
73 -182 
-163 -174 
-136 111 
-173 128 
141 -147 
185 -82 
97 -134 
-42 -17 
197 -145 
121 84 
-104 -33 
-49 73 
-148 -8 
80 -193 
-162 -34 
177 52 
75 -99 
146 -119 
75 85 
-43 -70 
113 -197 
-17 -43 
45 -101 
157 134 
-79 -8 
172 -198 
126 -31 
133 144 
146 161 
74 -78 
4 -140 
-58 -96 
37 51 
-28 122 
78 59 
-72 -38 
-55 47 
121 -14 
42 6 
125 78 
69 -171 
-49 -20 
-44 -131 
164 104 
-132 112 
49 -81 
37 -92 
-186 -43 
-95 -96 
-48 157 
-9 122 
109 45 
43 -107 
164 -113 
157 -167 
-150 -189 
36 -185 
-182 -164 
1 153 
-112 199 
-128 -106 
99 62 
-52 -142 
155 154 
126 -69 
4 -158 
-57 162 
-137 -45 
-192 171 
195 157 
170 -54 
-37 93 
180 43 
151 135 
24 -49 
17 38 
-125 -61 
-145 -60 
-98 -77 
-167 -169 
-46 -2 
-197 -50 
34 79 
151 32 
56 57 
181 119 
37 102 
-99 -199 
-104 -143 
83 -96 
33 -18 
-55 -194 
-193 -152 
-74 138 
177 99 
-23 160 
-130 -103 
75 166 
-14 -156 
-185 -112 
113 -174 
-9 2 
-82 -81 
18 40 
-51 25 
13 -173 
-188 98 
-118 116 
-183 -4 
-144 -35 
-100 77 
127 122 
-197 104 
-82 -147 
-176 45 
2 191 
145 72 
157 -174 
183 -23 
51 -104 
-178 -148 
73 187 
-198 -140 
-117 191 
163 38 
162 179 
92 -103 
35 -112 
151 177 
154 67 
-27 165 
-155 -87 
-46 -197 
121 -73 
175 4 
143 43 
-87 187 
41 121 
-138 78 
-60 -69 
-87 58 
68 161 
-148 140 
-76 71 
-24 -6 
-143 58 
-97 -91 
167 -32 
-152 -90 
-41 -116 
-146 -113 
-15 -33 
-183 31 
110 -139 
51 197 
-172 181 
23 -53 
-76 -190 
155 73 
-135 -22 
-84 -107 
10 193 
-29 -149 
17 -58 
-145 -126 
92 59 
-81 -108 
-4 120 
-121 -137 
-81 169 
35 -185 
44 -121 
-67 -126 
-195 49 
169 -160 
165 152 
182 -2 
13 -100 
-2 -71 
22 -189 
43 161 
-182 26 
12 -69 
-173 -19 
-135 -171 
161 -143 
40 -63 
-62 -41 
137 70 
77 148 
-199 163 
9 -156 
152 -118 
-100 137 
-19 -171 
12 -187 
177 73 
104 181 
90 77 
65 -75 
107 -42 
-88 -2 
82 -161 
93 199 
197 139 
-196 -37 
148 -198 
194 -16 
150 -109 
153 -41 
123 89 
-79 -55 
143 3 
-149 171 
108 158 
-175 -145 
117 154 
45 17 
-185 -44 
69 -63 
-155 125 
67 17 
4 122 
41 74 
-48 51 
33 179 
101 -31 
134 -168 
125 -120 
-44 38 
123 97 
69 -78 
-125 -92 
110 -171 
-130 177 
110 95 
-164 0 
-123 -74 
161 -27 
-41 193 
134 146 
87 88 
-175 -78 
47 -65 
-151 124 
16 117 
-75 95 
-177 152 
-90 198 
63 -141 
-162 -110 
92 -9 
107 -158 
-167 55 
174 60 
-87 131 
171 3 
-54 -100 
5 152 
110 -32 
111 130 
117 -166 
166 44 
164 40 
-46 166 
-46 115 
-79 -44 
11 -122 
-63 -184 
166 -31 
-86 -149 
-24 -16 
-50 1 
-56 -121 
-40 -129 
0 9 
-99 -22 
71 -10 
-177 95 
49 78 
167 149 
-73 110 
181 183 
-58 89 
77 45 
-36 -154 
-23 82 
178 93 
188 -103 
-42 -40 
-17 44 
76 -112 
-6 -193 
-1 176 
-124 -159 
-141 -2 
140 167 
73 -107 
43 -46 
-188 -10 
-181 16 
-10 -119 
-128 -173 
-53 -199 
-44 -150 
174 -87 
-176 -123 
-157 -127 
-128 -24 
163 116 
22 -132 
-12 99 
29 195 
146 100 
110 74 
-7 -141 
185 -8 
-117 -51 
-160 79 
-43 124 
-102 -104 
89 13 
156 92 
150 -163 
-99 -67 
-94 -185 
189 -173 
110 186 
78 134 
148 -112 
-194 -82 
-141 -24 
-124 77 
121 -151 
-31 -104 
113 22 
-102 -85 
15 86 
-45 -169 
102 -36 
147 107 
-59 68 
-65 -19 
-189 -127 
-15 -65 
90 131 
182 -115 
-24 -102 
-44 -99 
84 80 
-40 88 
114 -108 
-160 182 
-91 -146 
6 -62 
-144 -154 
-6 55 
4 151 
2 103 
-8 29 
186 92 
-14 50 
-68 109 
19 79 
79 54 
152 187 
3 -22 
-79 181 
-96 -36 
-97 13 
-97 -191 
-123 10 
15 -83 
133 -189 
182 38 
198 -152 
-180 -145 
-155 139 
-103 54 
196 62 
-137 -81 
40 166 
-118 -106 
3 -67 
131 -195 
144 52 
-198 -131 
-70 5 
-21 25 
-75 193 
-97 -130 
-143 43 
-35 30 
70 -150 
0 63 
-78 63 
-179 -134 
-22 -98 
8 -87 
-12 -43 
83 -137 
172 40 
-105 -14 
67 34 
-40 -169 
-69 -187 
20 -193 
183 95 
60 -103 
-110 -100 
-6 -113 
-197 -72 
-148 10 
-151 -35 
1 -72 
72 -129 
167 145 
43 -119 
-7 15 
98 -8 
32 147 
152 -148 
-44 -66 
133 69 
-26 199 
140 -195 
-18 -6 
171 -141 
-142 184 
28 -194 
93 185 
20 119 
138 -33 
-14 43 
188 143 
108 102 
38 -174 
-168 132 
-54 109 
94 -44 
131 22 
-3 -161 
131 -186 
156 57 
-86 -37 
76 193 
-62 144 
190 -42 
-116 -52 
37 -200 
179 -53 
-119 182 
178 -86 
-14 169 
-96 -199 
188 46 
147 52 
-69 -101 
147 -167 
23 161 
95 -197 
81 -60 
-199 60 
-19 156 
61 -122 
89 -140 
90 -85 
76 38 
0 -63 
30 -87 
-152 -120 
-84 52 
14 -190 
17 84 
141 75 
165 108 
-143 191 
-183 128 
-27 -92 
-155 -123 
51 147 
0 169 
22 -118 
161 -110 
-145 -15 
135 196 
-95 -35 
-199 40 
-152 -139 
-62 -65 
-67 -43 
-123 -148 
186 -171 
62 195 
-18 -61 
-116 79 
41 15 
160 -85 
48 158 
92 -142 
11 170 
37 -179 
167 21 
36 -40 
-139 -77 
189 180 
179 55 
137 -33 
162 -132 
166 151 
95 -148 
-5 -82 
29 59 
114 24 
66 -135 
-112 -9 
62 184 
138 136 
-192 125 
-131 -75 
175 -21 
48 51 
104 -85 
-38 -196 
-137 -53 
-150 163 
-120 -1 
-127 132 
10 180 
105 172 
-93 -33 
1 102 
-67 55 
-95 -137 
146 -40 
-185 79 
-188 172 
-15 -178 
-52 21 
14 -132 
-90 -115 
-134 -17 
144 -182 
-55 -161 
105 194 
-50 90 
188 123 
-27 163 
-18 52 
2 -14 
-141 196 
171 9 
-133 11 
-164 -181 
-97 57 
158 -105 
112 -156 
-196 140 
-111 -114 
72 83 
30 118 
-43 -149 
51 -127 
-76 -174 
129 2 
-197 -185 
-151 95 
-14 42 
-173 58 
-37 50 
179 -18 
198 187 
191 7 
-72 -123 
-50 -149 
-90 41 
-126 10 
-191 98 
-148 175 
139 164 
-73 83 
0 -128 
-69 -52 
48 101 
-76 -159 
29 13 
-174 -188 
-124 -47 
-175 109 
144 110 
153 180 
-173 51 
-52 97 
144 -56 
25 153 
76 70 
-14 -125 
-108 -95 
37 19 
-25 133 
109 22 
-149 6 
-168 -182 
-174 166 
-156 -102 
39 55 
-54 -66 
-138 44 
-15 -95 
-30 -139 
-192 -23 
35 102 
-98 -107 
128 -134 
158 -64 
-162 -80 
-94 76 
-81 -48 
-19 -89 
-44 -143 
94 107 
-94 -145 
-29 60 
-41 32 
-179 -199 
50 -9 
-89 1 
-121 185 
16 37 
57 123 
117 -172 
164 65 
33 -78 
94 125 
-11 155 
-45 -158 
-58 -53 
-55 134 
35 51 
52 36 
113 -191 
-22 -188 
-30 -19 
-166 66 
-145 -42 
-86 87 
26 174 
128 -164 
-125 -109 
-47 -150 
73 -195 
-136 -76 
-73 71 
37 143 
-75 -71 
-94 120 
-91 15 
-90 30 
-136 11 
80 -184 
-103 24 
109 -45 
-170 -10 
-177 -182 
-12 -109 
45 -149 
-116 -166 
-168 123 
182 -104 
-9 -194 
-165 -92 
-155 137 
-14 -52 
-80 36 
193 50 
-59 -107 
-175 192 
-4 -174 
-181 -2 
60 -46 
65 -62 
-174 27 
186 18 
-149 -37 
36 -21 
-141 174 
136 -20 
-171 5 
52 94 
-151 -129 
10 -42 
-88 188 
-43 91 
-181 86 
98 150 
38 -67 
-12 47 
74 53 
109 53 
-63 65 
71 -70 
-63 -90 
20 65 
107 65 
42 83 
82 10 
182 64 
170 140 
-197 87 
55 174 
-98 19 
123 48 
105 -35 
65 54 
-97 65 
-117 16 
78 -147 
149 -59 
-78 -145 
18 47 
-187 -123 
-11 -79 
28 -181 
-21 161 
13 144 
37 -155 
-124 -194 
42 181 
197 -169 
-95 -92 
80 177 
-142 -109 
-12 115 
-121 -160 
-25 -6 
-128 -27 
49 -145 
72 -196 
-165 -91 
-14 -123 
-14 47 
-185 42 
-173 115 
111 133 
-23 -73 
-109 -172 
-89 -48 
-91 44 
-89 132 
156 79 
-39 11 
71 40 
121 -55 
-191 28 
66 75 
-133 -126 
-65 -108 
57 -127 
110 -65 
81 191 
0 -92 
-27 151 
-18 -4 
167 179 
129 -39 
-30 -194 
152 -174 
196 80 
-10 35 
63 56 
-182 -194 
186 61 
-34 -182 
40 -97 
-140 -23 
8 161 
182 -63 
-178 -125 
-140 158 
-78 -162 
187 18 
-69 103 
-169 -106 
150 -157 
108 93 
-180 -103 
151 51 
88 -68 
-138 27 
107 159 
13 17 
103 -69 
106 37 
-185 168 
170 -159 
122 -75 
86 63 
182 -30 
23 -6 
-11 -199 
11 -7 
2 -56 
43 -40 
-184 33 
189 173 
-195 9 
109 102 
-53 156 
-109 17 
68 -23 
-158 187 
20 162 
15 -171 
83 -108 
-193 -185 
-13 -182 
-178 77 
3 28 
74 101 
-129 -114 
49 -187 
-160 155 
33 81 
191 -131 
123 54 
191 36 
118 100 
34 136 
-74 -76 
106 113 
58 -78 
-199 169 
-64 23 
-34 -137 
38 -48 
57 -116 
129 -44 
118 -8 
181 -107 
197 92 
-9 181 
74 -190 
63 -44 
75 18 
25 -130 
162 159 
51 96 
-93 -121 
162 120 
196 -105 
-41 139 
-193 95 
59 -95 
-160 -174 
17 -104 
-170 35 
82 -169 
-121 -112 
-154 192 
-132 191 
61 -166 
-94 -131 
109 33 
-197 20 
-29 -9 
35 -146 
-166 176 
-107 -9 
-137 -62 
-48 151 
-148 -43 
-37 91 
-153 -5 
-62 85 
-5 -10 
-17 83 
-34 -68 
184 139 
-91 -67 
-171 59 
22 -131 
134 80 
-126 64 
61 191 
-86 -160 
-178 -137 
-108 114 
-188 93 
-6 -85 
-68 103 
63 -181 
36 -94 
-110 4 
197 27 
-139 -114 
3 168 
135 138 
-193 81 
-133 -23 
78 198 
-16 14 
-62 -105 
106 40 
-78 -94 
123 119 
-4 -134 
-70 177 
-170 46 
-189 16 
18 31 
72 184 
72 15 
199 152 
-8 71 
-14 -157 
-50 94 
75 27 
-158 -176 
-59 186 
130 -52 
127 126 
83 -123 
170 -58 
33 187 
28 -104 
-113 135 
-128 153 
-123 -14 
40 28 
3 59 
-52 -36 
-138 -110 
-79 140 
193 5 
-42 -156 
-54 -78 
-5 -28 
164 -191 
-194 166 
-67 149 
-142 107 
102 60 
-8 26 
-167 -183 
-42 116 
-144 -191 
91 -21 
-137 51 
-85 41 
-112 -159 
-70 -119 
-127 84 
26 31 
-8 199 
-68 146 
13 -72 
161 87 
181 -33 
-85 -126 
176 -47 
-77 185 
-161 98 
76 -122 
173 4 
-82 -162 
58 163 
18 -50 
-102 154 
-28 -55 
-44 71 
-27 -190 
73 -144 
-33 180 
191 146 
-136 -141 
-81 18 
185 31 
168 176 
42 -125 
-68 -96 
5 -138 
-119 78 
15 -132 
-161 22 
-9 153 
161 -139 
-141 147 
121 22 
56 164 
-130 91 
196 141 
-129 -99 
-98 -38 
80 -62 
66 -9 
121 -187 
-182 32 
-162 -163 
117 27 
128 152 
-182 109 
9 197 
72 -98 
-83 112 
188 75 
-37 -47 
-132 -113 
25 129 
21 0 
109 -84 
48 -118 
-45 49 
91 54 
95 -108 
85 -95 
-163 -45 
-121 -26 
140 186 
-143 -126 
-184 -16 
184 193 
-137 46 
-154 134 
-78 -164 
100 -149 
15 19 
192 20 
40 -58 
58 157 
-48 -65 
147 -128 
124 -178 
28 -159 
71 -185 
-77 -11 
56 -138 
-156 -52 
-16 -74 
186 -49 
-79 -53 
82 -103 
104 -130 
94 -4 
-21 106 
-29 172 
91 158 
4 149 
40 31 
194 -193 
71 -22 
132 -92 
-84 127 
-89 -196 
154 74 
133 -43 
188 16 
-26 180 
101 129 
-76 118 
69 -193 
108 91 
44 -122 
-112 -158 
30 112 
114 142 
199 22 
37 -170 
7 -92 
-21 75 
-98 -189 
186 77 
131 -194 
4 -77 
136 -88 
167 -145 
65 -45 
-20 162 
168 -169 
152 -113 
-42 -101 
194 -120 
-119 77 
-145 64 
-192 176 
159 167 
109 101 
-6 -9 
-73 80 
130 -143 
-190 39 
-152 -91 
-110 -163 
70 -4 
-60 107 
-142 -46 
169 -30 
-87 -189 
-73 156 
-157 100 
44 145 
-105 -159 
169 -60 
-82 139 
25 -138 
-35 -132 
-55 -124 
153 -163 
151 -180 
101 141 
116 -94 
175 -99 
141 -191 
-194 97 
144 197 
88 56 
162 -134 
-4 -85 
131 -60 
-43 140 
152 -169 
77 170 
27 12 
-107 98 
50 166 
-191 65 
86 154 
-62 -159 
-11 148 
88 -50 
-6 -39 
51 -172 
93 -77 
169 178 
-186 129 
106 193 
-69 4 
-25 -185 
118 192 
-71 21 
21 -158 
83 -112 
142 -166 
-193 -142 
82 -24 
95 181 
157 -147 
26 17 
-64 -143 
75 48 
43 -98 
8 150 
-192 -32 
10 79 
-137 -31 
-137 -73 
-172 74 
169 64 
36 -78 
145 38 
-74 -33 
-134 -93 
5 172 
-67 -134 
38 32 
105 170 
140 -11 
-9 -62 
4 -150 
-162 -24 
-193 -67 
187 -58 
64 -41 
29 -153 
-94 52 
-80 142 
89 163 
-62 98 
-15 61 
167 163 
133 -105 
-11 147 
50 -126 
-31 -38 
151 164 
176 -91 
-112 164 
-96 -89 
182 -170 
-41 -162 
-64 -116 
-131 -3 
-43 74 
-70 6 
56 159 
25 27 
144 -54 
-90 -188 
41 33 
85 -121 
-118 -73 
36 -159 
-15 27 
-18 -167 
-66 -134 
147 8 
-48 146 
-117 154 
-3 -37 
24 -22 
-138 52 
111 197 
192 131 
-199 -132 
-60 96 
153 22 
-145 25 
166 67 
87 -127 
-95 136 
-182 -23 
49 -74 
43 -115 
47 -171 
193 -148 
188 150 
-175 -108 
80 44 
-62 -156 
181 -91 
-73 -134 
16 191 
-102 -173 
-180 -105 
152 40 
-168 -22 
7 -189 
-183 38 
-41 -47 
-142 88 
171 176 
196 -1 
-61 -104 
78 54 
-156 111 
-171 -181 
-114 -85 
178 -92 
-67 38 
-138 23 
-124 -42 
118 -67 
169 127 
-128 -174 
-22 -35 
-100 -89 
60 125 
-189 -169 
109 -10 
59 -10 
-13 -171 
155 115 
169 47 
146 -59 
-20 92 
48 99 
195 -74 
-146 -29 
-144 -139 
183 -177 
88 -99 
118 -51 
192 -77 
123 190 
156 -147 
79 -7 
28 -56 
-191 83 
-138 -174 
-95 124 
163 106 
140 74 
-67 7 
-35 120 
117 140 
137 -71 
146 81 
108 103 
-130 87 
-61 75 
-74 -191 
-74 40 
127 82 
10 120 
-116 61 
42 -72 
-160 -48 
179 127 
-34 -119 
-27 114 
-29 -79 
75 -180 
-150 -103 
52 103 
-166 57 
155 -176 
96 2 
101 105 
-10 -155 
-50 63 
-81 -156 
41 -29 
172 -118 
163 -112 
72 -193 
-102 -174 
158 -30 
-168 -133 
-56 197 
136 44 
-38 -49 
72 -81 
77 10 
198 78 
-15 -102 
-47 -170 
14 60 
145 97 
-23 93 
51 -117 
-166 143 
146 94 
-124 -156 
-116 -123 
63 -122 
129 -86 
-117 67 
-29 -170 
-23 195 
76 -13 
167 199 
189 142 
-169 104 
-177 145 
160 31 
120 140 
179 -195 
-117 -193 
129 100 
25 -185 
24 -142 
109 184 
-151 147 
19 -49 
-129 -76 
163 -159 
118 -53 
34 -97 
44 -95 
167 -93 
-71 197 
-122 -100 
-170 128 
114 98 
-129 -174 
84 -111 
193 -184 
-48 -111 
25 -122 
-12 165 
169 141 
110 -112 
-62 -66 
21 110 
-41 18 
13 -198 
106 90 
-152 195 
-115 -14 
-197 -27 
-49 124 
61 -74 
-191 131 
80 156 
-7 -41 
87 -150 
85 194 
151 83 
121 180 
-65 55 
91 -5 
-200 -155 
-31 -195 
79 64 
-3 -151 
-28 -186 
-98 92 
198 -160 
-83 -110 
-161 39 
121 5 
150 114 
29 160 
161 -26 
115 87 
-118 -189 
33 162 
-112 130 
196 164 
-6 3 
17 -199 
65 12 
167 44 
-16 12 
36 1 
83 152 
52 -94 
105 -171 
96 28 
45 24 
157 -172 
-127 -100 
-200 -125 
50 39 
-7 -73 
59 -3 
-48 -78 
-143 -56 
-152 -13 
-97 -161 
-110 42 
-48 94 
-32 179 
166 -27 
-147 -16 
158 -199 
58 -77 
-87 -64 
-37 176 
61 -119 
-197 -139 
-181 141 
-97 -114 
33 132 
89 128 
-121 33 
26 -104 
35 -46 
-144 158 
60 -90 
-84 -134 
168 -60 
-99 62 
142 80 
181 -76 
-49 193 
40 39 
192 -108 
-130 -179 
-147 20 
-52 -37 
-83 -70 
176 -18 
138 51 
184 37 
183 -106 
115 192 
-180 -39 
181 -168 
-80 174 
-161 -115 
169 -112 
-146 43 
-38 -197 
-186 56 
182 -181 
-87 93 
134 110 
-92 -71 
-33 -184 
-108 70 
-15 -152 
160 192 
136 37 
194 11 
97 -44 
-53 -151 
169 -149 
14 -83 
-84 -160 
55 13 
-7 -127 
-83 46 
-61 -156 
-75 143 
162 145 
-173 -70 
109 168 
-27 -126 
198 76 
196 -185 
-182 173 
140 29 
-26 179 
69 -152 
-98 85 
-30 -176 
49 64 
-134 -123 
-194 42 
134 17 
-102 -183 
13 -80 
-33 -15 
199 176 
0 -37 
-82 90 
57 -104 
-155 71 
44 -12 
-143 -105 
-181 132 
169 -38 
188 -134 
36 46 
14 -188 
98 167 
150 116 
66 139 
133 48 
74 -48 
-130 -143 
122 -66 
11 106 
-112 196 
33 63 
-20 -32 
-164 -198 
73 76 
198 -115 
-178 15 
18 43 
110 67 
51 -137 
44 -85 
-75 -59 
135 -43 
127 21 
-157 -27 
126 -159 
-169 122 
-188 -186 
17 -113 
120 64 
100 24 
-90 -88 
-76 27 
129 14 
140 92 
-127 -40 
-186 -15 
44 14 
-43 -126 
59 -12 
-34 129 
92 -57 
-185 -115 
-149 115 
115 0 
-43 169 
-149 191 
-81 -78 
-183 -176 
158 -154 
186 151 
55 129 
21 30 
118 185 
-1 79 
-160 -119 
39 -143 
63 -154 
152 -180 
114 -96 
103 116 
81 66 
3 -186 
154 -138 
-188 -114 
-43 56 
199 -120 
-199 -65 
156 188 
-185 -199 
179 184 
62 -80 
134 81 
186 87 
103 195 
-13 53 
-52 -12 
-31 -197 
159 -175 
-66 13 
53 67 
-23 95 
159 -17 
-34 -105 
45 -146 
-43 178 
191 145 
-110 111 
-41 -31 
80 -125 
-24 -177 
-187 105 
-107 -3 
197 -118 
-98 -193 
87 122 
-109 137 
-124 42 
110 143 
114 -143 
71 94 
-73 113 
-42 156 
-109 167 
184 -54 
49 -169 
-140 -49 
107 48 
92 84 
175 100 
77 -190 
-60 130 
-152 -67 
-77 -185 
38 43 
-84 73 
-182 -80 
97 63 
111 -55 
-23 75 
-17 -83 
127 186 
166 -25 
-90 -147 
31 -88 
128 98 
108 -173 
-95 64 
-188 8 
-94 10 
-94 46 
-18 64 
177 142 
152 -79 
-20 -115 
61 77 
119 -190 
26 -195 
-102 -134 
-157 -46 
92 -23 
132 -133 
-28 -13 
93 191 
-89 110 
-45 156 
180 -29 
-52 103 
-103 -178 
21 -184 
82 -57 
-173 -4 
-49 189 
121 127 
148 193 
168 -11 
112 13 
-68 98 
-100 84 
23 -171 
64 139 
-51 -198 
-77 -85 
-13 -3 
74 -88 
-63 134 
-116 -28 
-27 13 
-45 16 
14 116 
-122 144 
162 -136 
-139 -15 
195 198 
3 -62 
-44 65 
188 -79 
70 -155 
-77 -87 
72 -3 
-70 59 
-181 190 
-24 -35 
-14 -175 
-170 -50 
182 196 
0 -198 
-100 47 
152 175 
50 36 
-62 159 
157 -82 
-5 -65 
98 196 
-5 -148 
75 159 
-178 13 
124 181 
0 -132 
70 104 
-15 99 
-71 -102 
83 90 
-31 -117 
-57 169 
-29 77 
72 -154 
-121 -55 
-183 193 
122 90 
0 -58 
29 -134 
142 127 
-93 107 
-19 -39 
-12 -157 
135 -46 
-190 -137 
29 -57 
49 -50 
75 -84 
164 149 
-125 52 
-76 11 
66 13 
-8 119 
63 148 
-81 -25 
98 -43 
152 199 
-200 -44 
57 -59 
-70 139 
-153 186 
-100 -110 
-169 -79 
-184 43 
-71 69 
183 132 
23 -190 
-141 199 
-26 -11 
112 -14 
-171 114 
142 -47 
19 -113 
-43 -190 
-106 -28 
-133 96 
-91 -191 
194 90 
-154 65 
108 -29 
189 -148 
154 175 
-89 -97 
-175 -127 
-171 -77 
52 -146 
-59 177 
-48 64 
102 -191 
-57 -122 
-105 37 
192 115 
172 135 
191 19 
-105 160 
184 70 
-127 124 
-14 16 
-147 -106 
10 -160 
-11 143 
85 -82 
-184 -18 
-197 -79 
-89 144 
172 -182 
94 89 
-94 -117 
198 -121 
-192 -176 
-119 -40 
197 -150 
-151 -92 
-180 -188 
147 68 
174 133 
152 93 
70 148 
-183 65 
-101 136 
-125 -190 
25 -47 
-199 -18 
79 100 
-135 -49 
1 -138 
-23 33 
166 112 
-64 197 
-98 -168 
-102 -27 
-13 -168 
91 170 
98 84 
7 38 
-41 44 
153 134 
-110 -130 
-13 66 
-131 162 
-32 -130 
141 -171 
-13 -56 
85 95 
17 -123 
137 -77 
-145 171 
-120 12 
-138 -191 
190 42 
-148 73 
-104 70 
-95 -78 
-93 142 
-14 7 
91 198 
-119 -103 
-199 -89 
120 12 
128 70 
93 -74 
15 -117 
119 73 
144 88 
-194 -200 
111 -174 
164 -93 
-103 127 
-95 73 
-200 106 
110 142 
-172 26 
-135 189 
87 54 
75 -1 
178 30 
106 63 
-37 -145 
4 15 
-167 170 
135 -85 
35 143 
72 33 
-156 -124 
-129 -196 
-7 24 
163 -5 
-110 168 
-34 75 
169 -135 
8 -59 
68 -149 
-116 14 
65 124 
-110 131 
-128 -196 
69 43 
-173 -150 
-173 -183 
-42 -35 
-35 95 
49 -176 
-43 -4 
-164 -8 
137 -116 
-33 92 
170 3 
85 162 
119 70 
39 -172 
42 75 
4 103 
45 102 
-151 131 
163 -191 
-99 -147 
69 22 
8 -56 
-96 -69 
-145 13 
66 -137 
-29 -100 
-77 119 
-171 14 
177 91 
-161 37 
164 -87 
-84 158 
-194 -183 
-151 -164 
-32 -33 
-179 -89 
160 -31 
118 -98 
147 196 
41 124 
-86 43 
14 -12 
-114 46 
-73 41 
162 -195 
-47 191 
-126 163 
6 183 
-99 184 
-196 38 
43 -21 
-56 -47 
-139 -135 
-102 -8 
96 145 
87 -12 
54 -58 
155 152 
-39 72 
-152 -156 
-148 -143 
130 -138 
-148 178 
-84 -181 
-148 143 
53 -98 
-111 193 
-200 -15 
32 49 
43 -17 
67 39 
166 -8 
-120 -155 
186 48 
177 141 
79 -149 
-51 -130 
-88 -50 
19 -167 
137 71 
87 134 
11 -154 
-14 -65 
-103 103 
110 199 
119 -182 
-3 -81 
-164 69 
-82 -154 
-173 -184 
-141 -194 
172 26 
-141 179 
76 -37 
69 -192 
143 -102 
136 -104 
105 69 
58 175 
161 -174 
-38 -115 
-96 60 
87 -113 
91 94 
-186 91 
52 72 
154 -137 
29 192 
171 185 
-165 -44 
149 -40 
-32 -75 
20 163 
183 -2 
120 7 
126 98 
-32 -17 
-193 -62 
-146 -193 
-25 -83 
-31 19 
-189 160 
-28 121 
-135 -79 
-198 173 
13 -42 
-157 167 
163 50 
121 -189 
-108 48 
-149 132 
94 116 
105 65 
-178 21 
-48 73 
-55 -152 
-92 -70 
29 -196 
73 95 
60 100 
185 -200 
45 126 
148 29 
138 -185 
62 152 
-122 -99 
64 -23 
94 51 
61 25 
-145 -73 
96 110 
112 63 
-168 -34 
97 -36 
26 -83 
-5 33 
-176 11 
-87 -143 
48 197 
141 165 
-78 -120 
-22 117 
-66 54 
-189 -168 
25 -134 
83 8 
19 -137 
46 -52 
-8 -164 
-110 -103 
5 -75 
-61 -16 
189 125 
145 -143 
-71 5 
-200 -152 
36 -182 
-152 -76 
-90 -98 
-44 106 
-9 34 
106 -28 
22 107 
12 121 
-4 -150 
85 -162 
131 -49 
81 -28 
-57 48 
61 -19 
12 106 
-15 176 
-107 168 
125 -41 
-27 -35 
-116 95 
98 188 
-9 -159 
180 5 
-96 -166 
-185 -142 
-18 88 
18 91 
-5 143 
97 -83 
-128 -97 
-20 124 
-116 98 
63 -84 
-145 72 
185 -144 
4 -133 
-173 70 
-177 64 
89 36 
16 46 
5 -65 
-44 -136 
-90 79 
-163 -102 
-89 -143 
125 65 
2 22 
-160 -66 
-166 -26 
149 57 
147 -99 
-118 106 
72 -161 
-11 63 
6 -84 
-13 -43 
195 2 
19 -192 
-131 -184 
-140 136 
95 -60 
110 -93 
83 -39 
-146 -133 
60 152 
-56 -19 
43 -79 
-10 -91 
92 -122 
-103 -117 
-165 136 
68 192 
-123 -173 
169 150 
-32 -143 
-110 -16 
-180 172 
27 -15 
156 0 
189 -106 
21 -121 
94 86 
160 181 
-91 -17 
-179 12 
120 -124 
-196 -72 
-128 -148 
188 197 
-193 -197 
138 53 
-115 -58 
98 50 
46 119 
-25 -104 
-57 -137 
134 84 
43 53 
91 -40 
-29 -129 
29 -44 
110 172 
183 143 
26 37 
-81 14 
142 -67 
-153 -91 
183 156 
62 50 
-43 -160 
-3 -17 
-44 50 
126 182 
-181 154 
-78 -186 
-121 99 
51 138 
40 -95 
99 -180 
8 83 
-26 -61 
-192 33 
-131 176 
163 -150 
188 22 
-62 97 
120 -63 
-132 124 
47 89 
-137 -146 
-116 -112 
-64 -113 
129 92 
44 -39 
-195 -27 
-123 75 
47 -197 
-64 73 
162 -166 
7 15 
-168 78 
-171 89 
188 195 
156 -149 
177 39 
-105 99 
61 -59 
-119 63 
-113 161 
193 4 
27 16 
89 75 
-117 138 
-157 3 
76 -150 
42 100 
-172 88 
-135 48 
-126 -19 
54 28 
-61 110 
100 -154 
-64 87 
20 -13 
-149 -112 
28 -50 
195 -34 
-97 164 
155 178 
113 109 
130 -176 
-188 58 
74 184 
-113 -120 
83 126 
105 -37 
160 -193 
-51 168 
14 -1 
-172 10 
111 152 
-12 -23 
77 -31 
-118 -60 
-136 -177 
-76 -61 
-164 162 
164 85 
-155 -200 
66 -190 
35 -34 
-117 114 
-59 50 
-171 68 
175 78 
96 -191 
-80 169 
-190 -8 
193 196 
-167 31 
121 -29 
-29 -200 
177 176 
-141 22 
158 -161 
94 112 
-115 -179 
-188 137 
-19 -189 
119 106 
-200 24 
-71 153 
-118 89 
80 -150 
5 90 
5 -106 
-143 158 
-111 109 
2 -137 
-24 -93 
-147 154 
52 -158 
-116 165 
-108 175 
-145 -54 
-81 136 
-26 -12 
-134 52 
-186 112 
-50 117 
62 117 
-151 -80 
21 46 
62 -25 
157 153 
-74 51 
46 47 
-106 -131 
133 26 
133 42 
133 -35 
51 177 
161 193 
-45 -81 
-50 -187 
183 63 
-17 139 
161 -65 
6 165 
25 -69 
30 83 
27 -136 
-126 5 
-108 27 
-4 -39 
-174 193 
54 -137 
144 123 
-194 181 
132 -2 
196 65 
-188 -189 
-115 -13 
140 -13 
118 124 
107 -123 
186 -102 
191 70 
-68 -163 
111 -96 
53 166 
149 -193 
-190 151 
-129 34 
-141 18 
-173 -7 
13 141 
16 140 
-158 89 
-164 8 
-108 99 
-102 80 
-34 -49 
99 -131 
134 -144 
47 88 
8 45 
31 -77 
-73 -46 
88 63 
-190 147 
-44 2 
186 -185 
187 -52 
109 -32 
21 41 
184 -50 
-145 -105 
-188 -45 
137 77 
64 -42 
-143 46 
-168 155 
-154 -83 
166 -160 
168 12 
65 -46 
-65 -88 
154 -116 
-170 63 
90 -60 
-135 -151 
133 -17 
166 149 
73 174 
-177 -11 
46 -41 
126 -44 
185 -127 
-144 182 
67 82 
6 150 
29 -96 
-47 134 
84 -150 
179 156 
34 -139 
-73 -7 
84 150 
91 -30 
16 -177 
-156 -24 
-111 28 
-45 -127 
-73 86 
109 -115 
186 -104 
8 108 
-174 -39 
-124 -90 
42 77 
-195 187 
-104 -56 
25 154 
28 -174 
-93 -92 
150 -149 
126 135 
39 53 
-141 69 
53 130 
181 -20 
40 70 
168 79 
-127 175 
-68 -58 
160 -109 
78 100 
86 -110 
-117 80 
5 184 
50 163 
118 -35 
51 140 
180 -17 
-176 -151 
168 7 
-123 162 
-186 -37 
-90 -77 
-29 -160 
-179 56 
187 62 
76 100 
-183 -168 
151 68 
-117 -136 
-159 132 
189 116 
-21 30 
157 103 
-67 23 
139 -141 
113 124 
144 47 
-125 159 
-151 -186 
32 17 
-171 46 
-151 96 
-198 -77 
-143 93 
86 192 
169 75 
-119 -67 
-27 29 
-11 -42 
-50 -153 
-87 -74 
141 46 
-111 51 
148 -4 
166 17 
-98 -96 
-149 28 
118 -156 
42 71 
31 125 
-115 49 
102 -159 
-154 -53 
-68 -14 
106 -114 
-156 -189 
-22 -63 
-146 34 
120 145 
-125 152 
-33 -110 
91 67 
-43 -178 
-121 67 
-110 181 
-63 -101 
73 195 
30 -51 
-39 -56 
-46 77 
108 -159 
-61 -65 
-200 32 
-55 141 
156 120 
-190 -104 
62 67 
65 105 
61 14 
-34 104 
150 -30 
-55 -27 
-81 -22 
67 188 
-74 -46 
-27 -107 
-187 -137 
-195 35 
-10 81 
183 22 
38 10 
-125 -180 
45 -97 
-171 -63 
199 43 
-87 122 
193 189 
-127 -81 
103 -191 
-144 -143 
-118 -119 
-188 -14 
-159 1 
-63 152 
-82 -100 
-75 -179 
123 102 
52 -59 
-148 196 
21 -171 
7 101 
-22 -199 
-163 198 
-33 75 
-160 154 
-134 99 
170 -193 
126 -121 
-67 -11 
87 -175 
-70 -15 
-158 110 
-3 190 
-175 185 
-140 -109 
-129 169 
59 167 
162 -86 
-127 -197 
55 -63 
-123 -81 
145 118 
53 97 
14 178 
76 176 
56 -159 
-103 -16 
179 -193 
120 -192 
101 -150 
-194 -48 
61 107 
123 125 
-113 193 
141 53 
123 -74 
37 38 
-189 66 
101 135 
0 -82 
6 153 
-155 92 
-164 138 
34 117 
-122 14 
139 41 
-3 -69 
1 -190 
-122 188 
61 102 
50 109 
-199 188 
86 187 
-149 144 
134 -190 
63 57 
-194 -80 
-132 -12 
-62 -146 
132 85 
-115 -1 
-182 122 
134 156 
116 -73 
-115 158 
115 173 
-184 -3 
123 -50 
155 158 
95 175 
-67 -33 
176 121 
114 96 
26 82 
-116 90 
-21 82 
192 158 
134 -13 
-190 -199 
86 144 
187 -108 
44 -120 
-116 159 
-81 48 
-111 -148 
6 12 
106 -147 
19 -121 
131 106 
-121 65 
-104 -51 
-102 196 
159 -107 
49 -28 
-115 164 
80 41 
102 0 
14 -113 
194 139 
188 -189 
-71 75 
97 -196 
49 181 
-7 194 
-138 -114 
9 -194 
154 -2 
54 -79 
173 78 
44 -119 
-13 154 
131 162 
178 -34 
-200 128 
-136 54 
-135 116 
37 -146 
-145 111 
-55 -200 
-176 -63 
-20 129 
151 -39 
113 -124 
-170 161 
-115 -52 
143 155 
27 -171 
-87 -52 
-191 -129 
124 -81 
-73 -34 
93 131 
157 177 
-45 21 
15 -141 
135 153 
-158 -8 
-86 20 
113 -107 
-106 176 
-164 41 
-156 67 
52 -72 
152 -76 
-110 -148 
-23 25 
-161 43 
31 -96 
-82 -132 
-157 196 
-76 -99 
-95 30 
67 -108 
-101 -75 
180 10 
-141 167 
24 199 
13 -172 
-37 -68 
180 -82 
-28 -90 
-162 -97 
29 -194 
47 169 
138 130 
-2 -102 
87 -9 
25 89 
-166 54 
48 63 
-26 137 
-75 69 
2 -57 
-4 73 
172 54 
92 -187 
30 60 
-60 185 
139 90 
-8 -134 
-63 -173 
116 -16 
177 -176 
64 124 
150 -198 
132 54 
124 58 
30 139 
34 93 
181 150 
-188 46 
-170 -15 
-137 32 
51 93 
-28 -127 
-10 -168 
142 27 
168 -125 
54 -92 
16 138 
81 -106 
20 159 
151 122 
46 -30 
9 -53 
83 -113 
166 14 
-129 75 
179 171 
188 -119 
38 103 
-97 -87 
34 -41 
-68 5 
-128 197 
-156 97 
67 83 
9 108 
-178 -45 
-97 59 
9 56 
-186 -172 
-119 69 
-114 -133 
-36 -71 
129 117 
46 32 
42 -26 
-19 57 
-127 -170 
15 -41 
-30 -78 
-50 97 
125 39 
-138 -182 
64 182 
-199 -103 
-6 -87 
126 -20 
-54 -95 
78 113 
146 184 
-109 32 
-171 49 
173 -195 
43 -31 
-197 -141 
167 -181 
-96 -30 
-85 -66 
165 177 
90 39 
93 -103 
189 110 
187 97 
1 119 
37 178 
-3 -156 
19 65 
140 57 
120 150 
125 -88 
-90 127 
-59 -190 
19 90 
-155 -24 
59 111 
-11 134 
191 -194 
164 -107 
-128 -125 
-195 -70 
12 57 
98 -181 
190 -129 
-186 -156 
139 138 
49 83 
91 -16 
113 3 
64 96 
-21 78 
-150 -139 
-178 176 
-136 85 
-28 125 
153 -165 
108 -31 
121 108 
-134 157 
-55 -71 
-86 91 
38 -8 
-178 -71 
66 -47 
97 -67 
95 108 
132 185 
171 123 
-66 3 
-39 111 
130 -34 
175 30 
-60 62 
91 -1 
45 -43 
-37 193 
94 -78 
-26 53 
76 174 
51 -91 
-11 67 
-124 -129 
-7 -190 
-113 -9 
160 -114 
-104 99 
114 28 
-46 141 
158 21 
43 73 
-159 131 
-6 -79 
-179 155 
170 62 
-170 34 
-168 87 
-31 89 
142 -72 
-39 23 
-98 143 
-117 17 
-55 88 
-99 187 
130 19 
118 117 
10 -47 
164 43 
165 -189 
53 -154 
-49 -116 
-187 -2 
-91 -178 
78 -9 
-118 -135 
-90 -196 
80 -76 
-51 127 
-20 -102 
144 17 
-25 -146 
-118 101 
2 -177 
75 188 
157 -197 
59 -18 
110 -149 
4 -52 
188 199 
-88 -112 
-75 117 
-88 175 
-25 -8 
-187 -165 
-52 99 
-184 135 
115 57 
163 1 
-107 -20 
111 67 
20 -198 
7 2 
94 145 
-170 129 
143 183 
102 138 
-79 -122 
183 52 
-56 135 
-102 192 
172 72 
-25 -195 
175 -184 
194 -112 
-100 -84 
-5 0 
-68 -78 
-39 156 
16 -154 
59 142 
-132 -151 
3 -170 
-24 185 
86 -77 
-157 -36 
-73 -184 
0 141 
192 -119 
67 -83 
120 60 
-89 15 
171 162 
49 126 
-125 -113 
-13 46 
-8 158 
38 -176 
21 170 
147 190 
-155 -16 
-54 -29 
166 118 
-10 33 
-71 164 
-58 -95 
134 125 
-149 113 
-116 -2 
-13 126 
-149 -197 
144 98 
-138 67 
-172 -81 
-158 -112 
-153 179 
-192 117 
9 5 
-157 174 
-183 -93 
145 83 
-140 -172 
162 -76 
26 -59 
-93 110 
-165 -61 
84 -107 
-108 -144 
-197 69 
-118 112 
-152 31 
151 170 
80 -38 
105 -34 
24 80 
199 -22 
81 132 
186 120 
-124 20 
182 113 
42 -55 
-92 16 
14 -187 
-36 0 
99 104 
-149 135 
-101 -65 
96 -134 
-90 75 
-25 110 
-178 -169 
-77 179 
-4 -113 
38 183 
-128 -34 
188 23 
83 -150 
-163 164 
-133 -183 
-68 -113 
9 -136 
-74 -45 
131 42 
134 -84 
-155 -146 
129 -103 
-169 76 
184 32 
-98 78 
57 -141 
69 -25 
148 89 
44 -63 
96 -52 
-66 -102 
-18 96 
141 85 
131 -130 
72 -106 
-99 -114 
92 129 
103 82 
-132 -189 
192 -107 
132 -110 
97 101 
-187 187 
165 -130 
0 170 
36 -54 
-46 1 
-58 90 
-74 -143 
147 0 
155 121 
139 -132 
-5 111 
161 -35 
133 -13 
80 133 
-77 -182 
110 169 
138 4 
-20 173 
-3 -152 
83 -12 
54 -36 
172 151 
18 -41 
106 149 
-173 -176 
105 159 
-70 46 
26 11 
-61 -109 
37 -175 
-87 89 
-82 -110 
-61 34 
-90 -74 
-197 -150 
-21 2 
-13 -4 
42 -155 
-42 163 
74 3 
-46 133 
-196 -184 
166 3 
-173 48 
183 -69 
-125 -146 
120 143 
-200 40 
7 -132 
-31 -56 
-22 194 
6 132 
71 -170 
117 10 
116 -7 
-149 168 
-19 103 
-169 -38 
-169 -90 
-61 -149 
168 -156 
-121 175 
122 -91 
16 28 
25 135 
-31 -119 
-190 154 
-155 172 
-94 104 
144 -166 
177 -111 
12 -46 
64 -72 
-161 164 
157 46 
-61 -154 
-98 -160 
-100 16 
9 116 
-39 -137 
-92 -172 
20 -1 
-33 -141 
-136 182 
111 56 
115 -128 
0 -105 
197 -46 
21 -101 
8 -50 
122 146 
-109 -127 
165 -73 
-152 104 
14 44 
97 0 
141 26 
179 0 
-66 170 
96 -195 
-71 -110 
25 -77 
165 33 
-41 197 
121 -199 
-185 -140 
-55 86 
-151 193 
52 -45 
149 7 
82 -156 
55 -108 
-60 -142 
-161 -173 
-116 51 
6 10 
54 -61 
-139 -17 
67 -26 
25 18 
105 86 
-192 -160 
134 -81 
97 -60 
-43 -33 
-43 177 
43 -178 
178 23 
2 -80 
-11 106 
135 44 
158 -42 
1 -83 
-89 -81 
-33 -174 
-186 104 
-182 -30 
186 -76 
-4 24 
182 -130 
-194 -90 
153 -64 
192 114 
-44 101 
-139 129 
197 -94 
-180 157 
-163 103 
-145 -165 
-24 -125 
-31 170 
24 31 
187 -100 
174 186 
80 -45 
102 -51 
-186 -126 
14 179 
-85 43 
109 191 
-87 53 
91 -10 
-79 177 
-87 94 
-136 -17 
-122 -182 
61 26 
116 -86 
-105 81 
121 -28 
-139 121 
-50 52 
-42 -56 
62 -62 
-191 199 
101 109 
44 -107 
139 174 
-30 114 
-152 -2 
-198 -199 
17 11 
58 -102 
48 -22 
67 -81 
187 -125 
128 196 
-113 96 
-91 191 
-181 -51 
-101 -156 
-121 -196 
33 -156 
84 -170 
81 176 
-133 -153 
75 -187 
60 16 
77 52 
189 -104 
143 27 
-84 106 
-110 62 
141 103 
-127 -113 
192 93 
-181 -7 
-93 -50 
-189 -111 
-12 108 
-29 168 
-113 -46 
-115 69 
102 140 
-64 -16 
-132 134 
165 199 
-144 0 
-90 96 
182 -52 
-128 20 
132 181 
-57 -67 
138 -25 
180 95 
-175 -25 
-112 -185 
-24 -190 
159 -132 
122 -5 
-41 -128 
-166 127 
-2 -151 
-6 54 
-30 -187 
-175 -31 
-17 -70 
188 149 
-134 143 
-6 91 
82 32 
57 188 
-79 -5 
36 166 
50 -95 
-186 -51 
-197 58 
-106 68 
-65 188 
128 -10 
-129 123 
-132 -158 
131 141 
125 194 
18 166 
-158 -166 
-15 -82 
24 58 
-54 177 
-82 -48 
120 187 
-189 -126 
163 101 
-28 -49 
-122 -174 
139 188 
129 58 
-84 21 
-154 159 
-111 158 
-59 80 
41 3 
-132 -172 
-80 167 
-91 192 
174 48 
193 -9 
190 155 
-71 -191 
-12 -195 
110 148 
-137 155 
187 -111 
137 189 
179 -185 
-80 -172 
-166 158 
-34 -63 
103 56 
-194 -8 
66 61 
-125 -58 
-57 102 
-42 -120 
-59 -145 
-70 66 
-170 1 
144 72 
139 -21 
-22 32 
170 -7 
-20 -5 
99 -83 
92 106 
49 119 
-123 82 
-153 119 
163 145 
47 -20 
104 116 
-118 -89 
82 -123 
-24 -186 
-53 -73 
-7 -75 
-142 156 
131 37 
-97 -31 
157 16 
163 69 
85 -8 
-178 -94 
-185 159 
-24 115 
-101 87 
-62 147 
-104 0 
59 -128 
-102 61 
192 78 
-38 105 
194 132 
49 143 
-127 -183 
-156 58 
144 45 
-189 55 
190 110 
-112 36 
182 54 
102 -56 
173 -32 
-140 106 
188 13 
-86 85 
33 9 
99 -112 
-51 95 
18 -81 
-119 5 
-48 -77 
62 -77 
52 -184 
-46 -168 
24 -165 
-7 49 
179 -170 
164 -5 
-117 92 
-171 122 
-135 -91 
-153 176 
114 27 
39 157 
72 198 
158 -137 
-103 185 
186 -145 
-181 -172 
-89 97 
30 -81 
160 -165 
-143 -141 
-64 -165 
-183 7 
-102 -137 
49 -22 
-184 -58 
15 -106 
26 -105 
74 153 
-81 31 
-139 105 
110 65 
150 -126 
-75 48 
-183 -182 
-176 142 
138 -97 
72 60 
-178 127 
26 65 
-152 96 
-25 -181 
11 -195 
-172 -91 
83 114 
5 -159 
-33 -98 
-6 155 
-169 149 
59 66 
187 -2 
148 51 
68 150 
122 86 
-33 -142 
-41 -98 
-166 -192 
33 123 
-190 185 
-147 -97 
-189 81 
-68 -133 
-57 99 
-162 -200 
38 157 
-55 23 
54 -101 
-61 -27 
141 185 
10 50 
125 35 
177 129 
-101 -36 
164 -64 
-72 -36 
179 -7 
-134 -112 
68 -93 
-47 171 
129 -31 
-113 111 
42 153 
197 16 
185 143 
-12 -45 
128 -63 
-1 197 
82 12 
-179 15 
130 -119 
9 -94 
-148 -92 
-57 -115 
-51 164 
-2 189 
-73 -138 
-21 -22 
-53 -172 
-22 -43 
29 144 
164 -15 
-118 -172 
145 -135 
-131 -120 
23 -82 
137 -166 
-17 35 
51 87 
-6 -199 
-170 -135 
173 -188 
-113 127 
-66 137 
-12 159 
183 140 
170 31 
-168 -38 
174 -119 
64 -2 
-132 -161 
124 -43 
-50 -87 
46 142 
-11 -126 
36 -141 
-132 -86 
-70 111 
143 67 
-102 -188 
-103 163 
-61 175 
23 125 
113 -87 
-185 71 
-76 55 
-57 -140 
92 -146 
100 -148 
-183 158 
-108 -192 
95 170 
152 -187 
-91 -80 
-92 -153 
21 177 
-40 132 
178 36 
33 -179 
-33 -136 
39 -93 
196 -95 
30 154 
120 -68 
12 -189 
-122 189 
-72 -6 
133 -23 
105 35 
178 187 
-117 166 
8 179 
86 -158 
-182 -6 
-159 -76 
-67 20 
-11 -104 
133 -65 
-185 -196 
-173 -43 
21 -19 
-178 -82 
31 115 
198 89 
-145 -99 
181 -29 
98 134 
164 -128 
-178 -91 
-64 86 
-179 160 
-145 -74 
94 34 
-52 139 
44 113 
-31 -122 
-165 -146 
-68 176 
75 40 
-48 -135 
48 -141 
-16 -15 
143 -186 
-139 161 
-17 154 
127 -81 
103 -132 
-170 -114 
-104 -173 
-125 -52 
105 97 
-145 -63 
-116 53 
107 46 
-124 -73 
-170 -177 
-195 -51 
109 -92 
-134 -40 
66 133 
9 149 
189 20 
-186 78 
121 2 
-50 91 
103 -99 
-168 103 
-98 -131 
-73 -16 
-74 -128 
82 -98 
-54 -153 
-16 -114 
75 49 
70 178 
194 147 
-174 -113 
186 25 
1 -200 
88 69 
64 72 
-139 155 
-30 54 
124 76 
159 -119 
185 18 
149 -72 
-141 184 
68 173 
-152 2 
138 148 
118 -124 
-191 -199 
-97 37 
-93 71 
-194 90 
-108 178 
190 160 
-72 99 
-199 -34 
141 -39 
-85 132 
51 -135 
-145 -200 
-179 21 
-29 -130 
180 -161 
-141 37 
-26 -179 
163 120 
-71 12 
128 195 
36 -64 
173 -75 
84 179 
-186 -139 
-15 -108 
-26 128 
-159 -101 
-156 -196 
-195 18 
108 -127 
58 -108 
-13 -98 
-163 -91 
-84 199 
66 199 
-128 178 
-181 -112 
-189 125 
89 -86 
-77 -155 
60 -21 
43 27 
107 -48 
174 -46 
197 -196 
-5 -189 
60 94 
197 -73 
-77 148 
-5 -88 
-151 -137 
-75 9 
-57 -99 
-143 87 
96 -185 
-70 -54 
106 98 
-156 0 
-25 181 
134 -131 
160 16 
-143 -170 
2 114 
-59 81 
-7 -45 
-94 170 
119 -138 
169 -21 
174 -99 
14 -16 
-187 188 
-58 -154 
167 93 
188 136 
-169 112 
1 -64 
-73 -57 
162 -50 
59 -105 
-58 -4 
-175 -74 
22 182 
-199 -140 
157 187 
20 83 
137 136 
111 93 
-164 59 
62 -2 
-127 -42 
133 -176 
-39 -76 
-41 -178 
-38 109 
10 -67 
81 135 
183 163 
-179 -181 
153 74 
185 -160 
-118 -65 
2 169 
45 -114 
51 -181 
-2 -147 
98 164 
-167 112 
106 -93 
-184 185 
-37 -1 
-114 -107 
66 88 
-156 -128 
-191 -113 
-138 106 
114 -141 
-146 168 
62 137 
-128 150 
-4 -76 
196 -153 
193 123 
58 -149 
-130 -32 
87 -41 
-100 -20 
-116 167 
25 -135 
51 -61 
-115 -6 
-158 -97 
20 138 
-171 179 
133 142 
69 -47 
7 -50 
169 83 
-123 -120 
14 -20 
30 40 
-190 -72 
181 68 
11 126 
112 88 
9 -47 
-151 -15 
159 63 
1 -176 
121 153 
-194 -64 
-117 -108 
-16 80 
-176 -29 
67 191 
108 121 
77 -58 
66 176 
-61 131 
127 94 
-131 -179 
9 -92 
-12 118 
-27 115 
59 135 
-84 107 
87 -62 
-194 -63 
-101 38 
32 100 
194 -15 
-23 -123 
35 52 
57 137 
-145 26 
139 -13 
-17 -5 
-9 -121 
53 -125 
14 102 
-50 -154 
27 185 
50 -147 
-175 -92 
-184 -98 
149 -145 
-84 74 
119 108 
102 28 
22 -99 
33 31 
134 -44 
16 56 
-51 119 
116 -90 
-160 -199 
56 -144 
-36 40 
-184 -107 
58 78 
-143 8 
-187 -8 
-54 -94 
-166 48 
54 136 
194 143 
25 108 
-150 -127 
146 65 
53 132 
186 -70 
-162 -152 
-97 2 
132 143 
-118 190 
145 -142 
43 -18 
-179 152 
58 -39 
97 -2 
142 106 
24 -200 
-23 -147 
86 56 
-32 -70 
169 -175 
167 -186 
-140 53 
136 166 
171 41 
-104 111 
-110 -51 
165 162 
-26 195 
147 -172 
-153 -37 
48 -49 
-93 84 
-183 67 
112 -68 
-56 32 
-147 84 
112 136 
106 39 
-73 -114 
-104 130 
182 -39 
99 30 
7 163 
-153 -193 
70 109 
9 -162 
196 -38 
-68 -60 
-133 -25 
167 -141 
106 -124 
130 106 
-79 -49 
148 -114 
187 -93 
179 -74 
10 62 
-8 107 
-163 -31 
-62 181 
93 45 
136 133 
55 42 
-87 193 
-200 -117 
114 -24 
180 66 
150 31 
-125 161 
162 119 
-64 79 
21 -122 
114 35 
89 195 
-167 129 
98 -24 
-22 19 
138 -122 
138 12 
-12 -180 
197 -50 
171 105 
93 -57 
45 78 
-89 109 
183 -84 
105 -167 
27 -30 
96 -74 
189 0 
142 89 
-65 -78 
75 -172 
-2 -56 
57 18 
37 -184 
94 -112 
35 -38 
137 -137 
65 6 
-67 -180 
96 18 
134 -173 
140 -93 
187 123 
-36 172 
-19 20 
179 -87 
187 -60 
-198 -178 
-24 148 
70 37 
10 181 
144 63 
-55 153 
1 -173 
116 166 
-127 -122 
84 45 
-70 -125 
-48 -119 
146 -160 
191 63 
-172 29 
-199 -137 
-120 -99 
106 7 
-187 42 
123 37 
-182 -138 
34 -72 
142 -75 
-63 173 
-81 9 
193 -159 
58 -155 
104 -176 
-158 -41 
69 34 
0 148 
-6 34 
193 -66 
-123 -40 
188 -26 
-97 -76 
-100 -108 
-78 -13 
188 63 
-126 -143 
23 -17 
48 -183 
-150 -140 
2 91 
-65 195 
-12 -56 
-135 -86 
-106 -167 
52 -129 
-185 18 
180 117 
54 125 
160 100 
148 -178 
19 -168 
-151 -18 
27 -149 
-5 -6 
-173 -88 
-93 -179 
-106 -153 
-200 1 
-150 -177 
98 29 
73 169 
136 -21 
-60 -15 
-145 55 
-155 -112 
-3 -140 
63 -116 
16 104 
-54 74 
122 -4 
196 -171 
147 -170 
113 -128 
70 81 
66 -79 
118 -127 
197 -70 
-136 -161 
-70 -124 
66 56 
185 -162 
-168 117 
-1 74 
-152 38 
31 48 
166 155 
-56 -63 
-71 -20 
164 86 
196 -9 
-45 124 
-117 106 
-48 16 
-16 73 
-35 -118 
128 111 
93 -3 
-195 48 
186 122 
-110 138 
55 166 
69 155 
42 86 
-106 -143 
-131 -13 
76 53 
59 180 
-49 67 
-195 -198 
-20 126 
-64 -129 
99 -48 
55 66 
-162 102 
-173 34 
127 66 
-1 -130 
-128 -59 
57 -77 
76 -177 
-178 76 
-10 174 
-3 -16 
184 -12 
137 -172 
-28 -66 
-36 112 
-193 48 
-42 -198 
100 38 
-103 -160 
-83 77 
-61 48 
-14 -12 
-150 -146 
97 109 
-172 46 
-1 -63 
-140 -158 
-145 -43 
39 -129 
175 -85 
199 -58 
-168 -109 
-158 -76 
53 -11 
-77 -138 
-121 -187 
-123 -171 
-14 86 
-198 -9 
107 -146 
-172 116 
121 7 
76 -10 
155 26 
196 -124 
13 40 
-76 -64 
-106 44 
-113 -110 
37 180 
123 147 
-119 -9 
167 33 
96 13 
-33 -123 
-159 177 
-84 123 
-171 161 
-183 69 
45 28 
72 -79 
115 -124 
-44 126 
166 -2 
102 181 
-47 -78 
53 21 
-82 -8 
-90 -41 
4 134 
-194 170 
63 26 
138 -178 
-112 -79 
149 159 
92 -173 
34 -154 
-51 54 
-169 58 
-40 24 
4 -49 
88 -49 
119 -106 
-104 92 
-85 181 
-76 -16 
-66 -153 
71 68 
-26 7 
-186 41 
16 176 
170 -21 
121 -53 
-26 170 
151 -161 
-149 192 
24 122 
-159 148 
146 98 
-17 21 
139 -10 
-43 -12 
147 -97 
12 -28 
156 -168 
170 -26 
-83 -199 
-159 113 
10 -199 
-91 171 
82 168 
103 -166 
190 138 
-32 -15 
59 -99 
182 50 
44 108 
-33 -6 
186 8 
135 -59 
117 149 
-53 95 
159 -194 
-4 -73 
82 158 
-182 -149 
-89 120 
54 172 
-130 -111 
-19 -127 
-35 131 
172 -163 
-48 -86 
-164 -42 
-55 57 
-13 -111 
-197 154 
-60 -195 
-123 138 
170 -100 
-181 -126 
-166 -3 
-102 1 
16 -141 
-53 165 
-146 89 
56 141 
101 14 
125 153 
162 166 
42 -186 
-136 87 
-41 -156 
-69 11 
-10 -194 
178 45 
197 -81 
47 3 
120 -33 
120 -12 
97 -143 
129 153 
-138 53 
139 87 
119 127 
140 123 
25 165 
-66 -77 
-97 26 
88 163 
-74 -168 
38 94 
19 -58 
-137 -60 
40 119 
96 -154 
99 -77 
-135 147 
-96 -42 
4 -62 
190 20 
-123 -143 
-2 159 
38 19 
-196 -162 
-28 8 
-175 71 
-165 -177 
-111 -85 
121 -15 
101 27 
197 -6 
-93 122 
106 36 
