103 -200 
-84 7 
-200 -43 
109 -186 
-80 20 
-198 86 
186 -148 
-61 22 
7 32 
139 46 
142 162 
-192 -5 
80 -8 
-2 -53 
-92 182 
-57 -132 
-7 175 
-107 179 
-140 25 
-48 -51 
78 -30 
-97 -9 
-171 40 
-89 -95 
-70 92 
-192 50 
67 118 
185 79 
18 106 
156 79 
173 -101 
-160 40 
53 -162 
-61 -43 
-62 133 
-106 -41 
-71 180 
-94 33 
-198 94 
-179 11 
-86 -115 
81 -174 
56 -96 
-160 -107 
188 -151 
-122 113 
-182 -82 
167 3 
-183 -5 
168 -117 
27 -168 
168 123 
-115 19 
137 132 
-44 -45 
-55 192 
-189 124 
-135 196 
-123 -144 
86 -147 
-91 76 
17 143 
146 -153 
-179 5 
-28 -62 
-153 -26 
-48 -88 
-130 -165 
45 101 
187 -12 
-187 151 
5 -190 
-173 -78 
-128 -118 
49 -153 
-102 -46 
-87 -27 
-181 85 
79 77 
23 20 
2 -4 
176 143 
182 65 
43 -143 
82 158 
-22 -139 
92 -31 
103 -59 
-118 128 
154 42 
40 23 
-98 148 
13 -74 
55 -136 
193 -57 
-102 99 
15 64 
-91 -3 
197 151 
-100 -14 
-153 168 
81 75 
-42 4 
-148 -169 
117 -113 
42 15 
14 51 
-117 139 
-149 8 
39 -125 
-53 -9 
112 100 
138 -161 
50 117 
-117 -169 
-39 119 
-195 131 
134 -104 
-5 117 
-134 127 
-145 -46 
-82 93 
20 -106 
0 -2 
160 -16 
-48 -67 
96 -134 
-131 -183 
-73 -173 
47 153 
80 26 
133 -190 
81 163 
185 -122 
123 -64 
31 165 
123 173 
-120 -153 
-4 -90 
-108 -118 
45 67 
-20 -110 
105 -70 
113 93 
-197 -156 
113 -70 
-85 -134 
28 122 
124 -159 
186 -144 
-6 168 
11 -188 
-21 98 
8 189 
162 71 
23 104 
175 -105 
64 -191 
-105 -16 
-126 -12 
154 -42 
-146 -129 
-71 125 
-51 -49 
-49 -29 
63 138 
-92 4 
166 121 
-70 -131 
-98 22 
-7 185 
-199 -164 
-6 27 
-56 80 
-35 -7 
-161 65 
14 -45 
174 -63 
-185 -94 
17 119 
147 -109 
89 -34 
-48 185 
172 151 
25 -196 
-107 86 
80 -62 
-5 171 
-82 -142 
-140 -152 
-148 -176 
-108 -33 
-84 92 
-45 58 
-141 -55 
-119 137 
-54 82 
158 -100 
150 66 
147 106 
96 101 
2 -16 
113 29 
-119 -41 
3 -115 
166 -175 
-190 165 
119 130 
115 -77 
-149 149 
-175 -42 
168 66 
141 124 
97 -175 
-1 -30 
52 -47 
-200 -165 
5 -142 
184 8 
-98 -171 
-55 -80 
136 -180 
-77 -98 
-177 -21 
-19 56 
-191 137 
82 73 
19 136 
16 -142 
-74 -118 
-94 106 
155 -42 
49 -90 
-145 -38 
177 -22 
-120 151 
122 85 
-88 -155 
40 -141 
-5 127 
-30 -54 
-53 -190 
-183 -164 
-187 66 
171 -193 
19 177 
-144 46 
65 5 
-173 181 
-161 127 
47 -34 
-68 -85 
-156 62 
-188 56 
-184 76 
53 -3 
-186 -74 
-57 -69 
38 131 
-190 48 
-115 -50 
78 -75 
54 8 
114 125 
35 2 
-111 -22 
121 -124 
10 -9 
10 5 
118 -123 
-29 65 
47 80 
-66 27 
161 133 
123 -197 
-73 -118 
4 -105 
-139 -18 
-187 29 
10 -11 
113 26 
76 -128 
-175 -153 
-82 -116 
-150 39 
125 -88 
-25 123 
171 -11 
-125 -153 
-16 -56 
-7 37 
-56 -48 
-197 -125 
37 -115 
122 140 
-10 -51 
89 13 
-89 -101 
189 82 
70 63 
123 -148 
111 -187 
17 -200 
111 -24 
-119 -40 
-106 -164 
-161 45 
-92 56 
180 2 
-153 -151 
-14 -34 
-127 -30 
114 -152 
-154 144 
-41 53 
-197 -83 
-71 197 
-91 -79 
116 94 
169 8 
-135 191 
-82 108 
76 -117 
190 133 
19 -161 
113 -144 
-89 197 
-92 53 
146 2 
123 42 
156 122 
197 -1 
-30 161 
107 79 
-192 -185 
199 -113 
-115 177 
-26 27 
190 -196 
105 139 
-89 -70 
-5 -71 
-167 70 
133 -58 
182 173 
-93 107 
199 -120 
161 126 
1 -155 
181 110 
40 91 
-42 -64 
-50 58 
194 -103 
-146 -117 
-33 25 
-85 -33 
162 68 
-120 55 
-165 182 
90 -60 
190 -43 
55 171 
-127 109 
-159 188 
97 -45 
68 -186 
64 -23 
74 -128 
16 72 
29 -156 
-25 189 
-163 -92 
182 -140 
134 27 
-39 -23 
187 3 
-106 28 
-156 79 
95 -82 
-50 80 
115 158 
-176 158 
116 63 
187 185 
90 44 
-32 8 
174 148 
142 -122 
146 -161 
-192 -159 
-149 -7 
-74 -50 
-180 176 
-14 127 
107 -136 
-129 -167 
127 -179 
197 3 
-36 180 
164 -49 
-83 112 
-29 -34 
-148 123 
-68 -83 
198 -30 
-64 -114 
170 -19 
179 82 
-99 191 
-40 109 
-102 -103 
48 88 
-159 195 
-124 120 
-168 104 
-160 -113 
14 -78 
111 -6 
-129 32 
133 -15 
-184 -132 
177 141 
53 -14 
-93 -161 
152 -147 
70 26 
-110 35 
-17 134 
-4 -99 
57 4 
-120 178 
-150 -154 
-64 69 
17 -127 
-67 165 
-170 -6 
-176 173 
-62 -143 
-104 173 
-110 -30 
184 -50 
55 177 
-2 -177 
-112 112 
-46 98 
11 -175 
-98 40 
-31 34 
-46 28 
-123 -117 
-37 -55 
51 -97 
149 -134 
164 -30 
2 -32 
-115 172 
-186 37 
-34 113 
67 29 
-198 153 
126 13 
-170 -60 
179 -56 
93 44 
-199 -50 
-75 -123 
-190 -128 
52 -31 
89 -140 
-1 -4 
-74 -64 
25 125 
192 -185 
154 181 
-57 -183 
168 170 
51 -95 
170 -113 
117 -36 
-92 -18 
-54 -169 
70 -170 
183 14 
122 -67 
76 113 
-124 -198 
120 50 
-97 -118 
84 -90 
-159 -170 
-106 153 
-118 34 
-10 -183 
51 -178 
-56 -183 
-138 112 
31 -55 
16 189 
107 87 
-110 -181 
-68 -116 
45 -121 
17 -87 
177 181 
79 -172 
102 123 
-52 148 
178 -170 
73 -120 
99 -96 
138 12 
-62 -200 
175 159 
-194 107 
-84 -177 
156 -51 
145 -41 
33 -118 
-165 -57 
-182 -120 
-71 80 
-46 125 
99 187 
-99 57 
156 -130 
-152 -12 
80 186 
-28 105 
-118 167 
173 -188 
124 76 
147 59 
-83 -123 
-106 41 
119 80 
90 192 
-19 -110 
116 -171 
-146 95 
-24 -167 
-22 -78 
-10 133 
148 -27 
121 -160 
-184 -72 
-139 193 
-103 72 
-49 52 
-156 67 
92 138 
-83 -137 
-43 -180 
-162 -152 
-179 91 
177 -62 
47 -179 
126 166 
186 30 
-92 -78 
23 -2 
-142 -104 
-15 -38 
-133 25 
45 173 
-150 -116 
53 -12 
-83 125 
57 126 
-32 15 
-98 -145 
-184 143 
81 -153 
-9 30 
180 0 
6 -27 
-60 -70 
-37 -73 
108 27 
175 88 
-126 169 
14 99 
104 -172 
133 132 
-88 90 
-1 -148 
79 28 
83 124 
-48 -8 
182 21 
182 76 
-84 -48 
-181 -105 
136 -198 
-42 103 
-139 -76 
143 95 
-134 -22 
81 -94 
-48 192 
161 192 
-65 -21 
-111 2 
-159 -95 
-28 22 
-166 11 
-58 -151 
169 -58 
158 -22 
12 187 
81 77 
64 -148 
141 43 
27 111 
-73 49 
-165 189 
-183 -156 
75 -28 
-154 44 
12 -19 
177 -14 
130 -104 
140 -108 
89 152 
-18 -158 
-136 174 
-144 -48 
-69 -176 
189 -114 
-33 152 
190 123 
2 -173 
109 -105 
-42 124 
-23 -106 
-31 -159 
-86 193 
-100 -173 
40 146 
-158 -60 
56 180 
159 -126 
133 -71 
157 114 
-57 -94 
-165 -30 
-160 -76 
137 50 
60 -4 
-43 17 
-65 -154 
-80 108 
-16 -62 
119 -4 
-138 47 
-7 -136 
-146 90 
97 133 
45 -139 
-29 -27 
-27 119 
40 -52 
-6 11 
187 -107 
98 -64 
-192 82 
34 174 
53 -155 
51 -67 
86 140 
-4 178 
102 45 
-79 -177 
157 -115 
97 30 
-126 20 
105 100 
-56 -152 
-22 -98 
-103 169 
117 -27 
-66 107 
53 -107 
-142 1 
134 15 
105 -82 
33 -155 
-38 76 
184 189 
65 155 
-169 -59 
-142 77 
133 -3 
74 50 
173 -108 
55 -171 
110 -16 
193 98 
-5 90 
121 101 
-199 -38 
-116 66 
-116 -25 
-29 -129 
29 -168 
-158 -166 
-6 179 
30 156 
199 -131 
-146 -15 
-83 -112 
-115 189 
-19 -183 
182 -121 
-179 132 
-174 -170 
16 90 
-110 20 
120 -155 
-66 121 
-59 34 
-4 -171 
-80 -193 
-128 -153 
-177 -95 
-188 -113 
30 -31 
121 -165 
117 13 
-139 -67 
72 -92 
-184 -200 
-36 -166 
32 96 
152 -6 
-115 -131 
191 170 
18 -15 
-39 -186 
-32 127 
176 -16 
4 48 
174 -167 
143 129 
123 184 
-88 -173 
184 -112 
16 -179 
199 -5 
163 71 
185 140 
-15 -34 
-49 -46 
-82 -40 
-50 -55 
166 -198 
103 133 
-43 -133 
145 165 
141 102 
-66 -166 
-14 194 
-83 -61 
40 198 
-68 179 
-11 132 
164 -194 
97 -85 
-91 -18 
-182 -66 
187 -52 
61 -73 
174 8 
187 8 
29 40 
62 -64 
-185 98 
93 87 
35 -50 
71 176 
-95 25 
178 -83 
-182 -153 
-115 94 
25 11 
137 73 
-198 -195 
123 -200 
-22 168 
126 176 
-54 -87 
-18 -180 
-79 -129 
-189 -47 
189 134 
123 4 
-30 -23 
-159 -188 
9 145 
87 197 
-75 84 
93 -196 
-193 -124 
-158 -168 
-98 -175 
-136 40 
190 -106 
182 -113 
147 158 
11 -29 
-176 163 
-108 -101 
184 -188 
-28 -176 
146 -172 
-114 -189 
191 0 
-191 45 
-121 -13 
49 160 
-119 16 
-110 -198 
-184 -30 
-181 47 
76 165 
-50 42 
-42 -23 
42 98 
-118 3 
-123 114 
-96 49 
-200 109 
84 -119 
-106 -158 
-185 -8 
16 -125 
-151 -33 
-122 57 
29 147 
71 112 
-5 124 
25 73 
-106 -86 
113 -84 
-64 -11 
-105 -24 
109 84 
66 11 
-200 38 
-43 137 
-95 -129 
-37 173 
-161 176 
-115 113 
11 -25 
173 159 
7 -194 
-170 -164 
-160 25 
-20 159 
133 148 
83 -125 
-17 -33 
8 27 
128 -19 
93 -5 
93 -138 
-4 45 
-197 -60 
176 157 
31 -25 
-38 -14 
12 164 
76 22 
30 95 
27 -116 
-165 -188 
-59 -58 
19 -111 
179 178 
-85 -100 
-37 -10 
153 76 
-188 -15 
58 45 
-174 -129 
151 134 
84 50 
196 -140 
-70 23 
-131 4 
149 164 
45 -107 
126 -93 
57 -158 
25 -120 
95 -148 
-136 -67 
-121 -97 
118 39 
144 -171 
-199 89 
-179 -146 
-40 -12 
13 -144 
-184 -67 
1 -139 
50 185 
-170 159 
-7 -157 
-45 -116 
-11 150 
-115 -60 
37 151 
-104 171 
3 65 
-168 158 
14 -26 
-179 157 
180 117 
40 21 
35 134 
-115 73 
-94 130 
-136 95 
1 -50 
14 159 
52 -111 
17 156 
-64 -175 
77 -94 
-63 134 
177 -91 
199 100 
141 49 
-118 -87 
-112 143 
116 93 
-88 -188 
92 -61 
102 -59 
-50 -54 
-187 -111 
172 179 
84 76 
195 -65 
105 -15 
-59 121 
-6 -23 
47 -62 
28 -57 
14 25 
109 55 
-143 -134 
-195 161 
79 -69 
117 -68 
-149 -6 
-149 88 
-94 -3 
-37 -33 
-194 -195 
-57 7 
-2 -152 
199 198 
74 175 
5 -107 
129 149 
117 108 
-173 157 
-67 -183 
92 -190 
-77 -82 
-182 162 
-32 -174 
-138 172 
158 59 
-200 98 
-111 -110 
-159 159 
63 120 
-168 -19 
-86 -154 
-187 197 
147 55 
-76 -114 
-24 -158 
179 89 
-102 151 
151 193 
-45 -146 
118 -184 
-52 -147 
-99 -82 
81 110 
-177 -102 
186 -42 
-43 -113 
