-136 -56 
-187 -77 
179 73 
-58 92 
149 -161 
-90 161 
-82 -49 
46 -2 
84 -98 
192 -96 
-18 -62 
139 -192 
-56 -9 
-84 -44 
-81 171 
29 -14 
192 -81 
-29 67 
175 139 
68 5 
31 43 
61 -97 
-103 -130 
-34 7 
-139 -78 
-35 -147 
63 77 
-4 54 
58 179 
131 -195 
-34 176 
-117 -110 
168 -46 
-19 -131 
-191 -97 
-45 -68 
-188 -126 
-47 -27 
-159 6 
127 143 
101 100 
-61 49 
-164 37 
47 -175 
-39 -113 
-133 61 
-136 -83 
13 136 
3 -63 
4 28 
-3 -121 
-117 -189 
-112 198 
-17 -25 
128 49 
-64 156 
89 92 
187 -147 
-36 -158 
-133 -128 
-22 -194 
167 143 
109 75 
11 -4 
-55 -63 
104 -66 
-197 94 
190 -67 
-190 122 
54 -16 
20 48 
-11 24 
119 148 
-154 -100 
-12 113 
92 175 
-76 44 
161 -54 
-94 -110 
98 -29 
-58 191 
-143 -164 
79 176 
-53 2 
108 125 
-162 115 
188 18 
97 3 
-20 -13 
111 130 
79 23 
-133 65 
-171 -31 
106 -41 
-1 156 
136 120 
-10 -120 
16 179 
-128 117 
170 -17 
175 100 
89 -67 
23 -62 
166 95 
-61 -49 
17 -146 
184 190 
72 -173 
81 -139 
88 165 
-141 140 
-56 -123 
-7 119 
-80 -61 
64 165 
153 -33 
148 -200 
-176 157 
-174 21 
104 22 
-120 -143 
-194 -126 
164 -181 
136 167 
-178 -90 
-111 -141 
32 79 
-24 48 
70 -133 
-172 -32 
122 71 
-4 -66 
-5 137 
169 -192 
97 185 
-98 -61 
6 89 
95 -100 
-97 176 
95 -64 
19 -135 
193 149 
-182 -16 
135 105 
-102 -54 
5 138 
-101 -111 
-100 188 
132 11 
-75 128 
-54 29 
54 122 
-50 2 
195 -2 
-34 -82 
22 -132 
-3 1 
-104 74 
86 -182 
123 -175 
-83 43 
84 -6 
170 145 
-177 2 
-39 121 
-175 111 
-52 -193 
-159 19 
12 -95 
-56 57 
33 92 
-190 67 
152 88 
-111 -97 
50 -147 
-199 52 
39 -137 
-148 15 
-59 -186 
152 103 
67 -151 
-178 177 
190 56 
-53 -52 
-101 -161 
110 -194 
154 32 
-188 174 
-88 -171 
65 -200 
-73 -19 
-53 176 
-194 158 
-179 -193 
6 61 
-127 -105 
93 128 
104 -11 
146 -151 
-103 -167 
-171 -149 
-18 194 
-41 -25 
-138 126 
170 105 
-19 -79 
65 -147 
-18 -157 
146 22 
-188 -104 
-108 -144 
110 43 
-128 -170 
76 -119 
87 -188 
127 -135 
-93 -167 
114 153 
-67 145 
36 187 
2 -166 
-101 112 
150 -121 
-7 48 
107 45 
-145 -114 
-163 189 
50 1 
196 43 
-36 100 
113 193 
95 -184 
31 152 
-171 142 
-110 -58 
-62 -115 
-117 -49 
49 -171 
104 27 
100 188 
-77 -93 
174 -70 
168 -84 
29 -160 
130 31 
-36 -69 
189 92 
-169 11 
-175 -44 
109 -155 
-157 6 
73 165 
-9 -93 
-144 1 
153 124 
-4 76 
85 -135 
116 -103 
-111 -16 
143 -149 
135 122 
-96 84 
155 128 
-72 13 
-86 94 
-146 13 
49 -155 
162 -84 
50 -97 
-189 53 
-154 -121 
-189 -180 
10 115 
38 -11 
-60 126 
7 183 
-141 173 
-122 196 
183 -82 
40 148 
-64 82 
-132 155 
-116 -123 
34 79 
-181 -192 
83 52 
6 21 
179 -105 
39 -103 
-28 84 
97 175 
-155 -84 
160 2 
106 -122 
104 -54 
-140 -47 
-52 -81 
-5 69 
77 166 
-190 -70 
106 109 
23 162 
-195 -90 
108 14 
101 -147 
-33 33 
147 -153 
66 142 
-35 -185 
182 102 
191 -35 
132 -49 
51 -37 
-26 -173 
183 -79 
38 121 
-180 0 
-147 35 
-154 -138 
-51 192 
-82 28 
98 -71 
96 -143 
-26 -48 
-128 0 
-73 148 
-122 106 
-35 192 
-131 94 
177 -100 
65 74 
-61 150 
-61 51 
-164 -46 
39 139 
53 -59 
75 -83 
-9 103 
-25 -145 
43 -146 
-18 -178 
-200 -98 
-68 101 
41 -17 
73 91 
-185 -138 
92 11 
49 36 
-71 44 
73 -18 
-195 76 
-169 -80 
-185 -55 
18 -71 
-107 -109 
-14 -63 
-120 -32 
-101 -187 
142 -102 
43 -122 
152 15 
102 -50 
-88 181 
79 7 
-18 117 
-117 -175 
83 184 
82 104 
131 -18 
27 -73 
-58 -92 
111 175 
165 -131 
148 163 
174 93 
100 167 
48 12 
139 1 
-127 25 
101 -184 
-36 69 
176 -146 
41 71 
-73 -89 
21 -113 
184 1 
-86 172 
-7 140 
173 153 
129 -104 
15 149 
-109 -19 
-85 192 
-175 -71 
119 -14 
149 180 
-91 -36 
89 -200 
121 28 
145 123 
-157 146 
-48 -52 
133 -36 
-62 2 
-23 -161 
-18 -192 
-63 -120 
12 170 
-7 -13 
-139 -37 
-48 -119 
-99 23 
-79 181 
-74 98 
75 22 
-53 24 
-21 -117 
146 -32 
6 -167 
-178 193 
-59 -9 
49 -168 
-185 107 
41 -59 
-23 16 
64 131 
127 -94 
54 189 
129 182 
-123 64 
14 88 
-162 61 
-148 145 
-111 -54 
173 -25 
149 73 
-5 -93 
89 -71 
-8 134 
162 160 
20 73 
-68 98 
98 -24 
-153 -150 
-3 -30 
-20 88 
-22 -3 
190 192 
146 -200 
-137 103 
126 108 
189 185 
197 -130 
192 -125 
25 48 
-91 85 
-140 77 
18 35 
-74 20 
95 77 
-147 -9 
34 94 
-108 192 
-19 -112 
-100 146 
20 -110 
176 -34 
-7 -105 
139 -175 
-26 191 
-57 -156 
-88 -17 
-78 -7 
-184 162 
-185 95 
151 -16 
-19 174 
-127 134 
-110 -121 
68 -176 
-119 -191 
71 -80 
156 -38 
7 -15 
101 130 
104 -43 
-162 -63 
-88 -109 
-152 -125 
-31 74 
38 139 
44 -54 
147 -120 
-178 -184 
-36 -133 
40 16 
198 111 
189 -168 
-126 167 
185 -48 
-92 -118 
92 -121 
92 -76 
53 170 
-190 -48 
-192 26 
41 173 
95 -42 
27 113 
75 -116 
138 36 
-103 72 
145 171 
176 73 
136 160 
-26 -89 
-42 53 
178 168 
38 184 
-68 62 
143 -4 
34 -126 
56 34 
-18 -149 
-26 -133 
-116 183 
153 -19 
-40 -45 
-121 -157 
119 -89 
-45 -78 
-84 -117 
147 -142 
-156 -24 
8 141 
184 147 
-21 129 
138 -150 
-79 26 
-89 130 
74 -112 
-156 8 
49 177 
-122 -20 
-170 -162 
134 180 
171 -39 
72 57 
73 -43 
-170 99 
-76 27 
-107 -186 
-8 -185 
69 -195 
-39 -171 
-95 -7 
-200 131 
160 19 
-103 133 
98 61 
75 194 
31 -64 
22 -14 
193 -148 
-166 -104 
-84 15 
25 159 
-119 -38 
-169 197 
-170 -109 
-101 -191 
55 48 
112 110 
85 196 
-122 11 
-135 110 
141 -155 
-125 -164 
-82 -26 
-16 -174 
50 195 
-132 -45 
16 123 
138 -51 
100 -36 
184 29 
103 -187 
-22 46 
-135 -175 
59 121 
-150 -56 
-149 104 
-97 45 
148 191 
-153 57 
-200 116 
-142 50 
-149 80 
-80 -78 
43 -37 
198 -39 
-108 39 
-113 196 
135 96 
178 -90 
192 -117 
-72 185 
-186 190 
-23 51 
118 28 
76 56 
-37 65 
-36 171 
171 -93 
16 199 
182 -138 
-185 -188 
56 26 
149 122 
48 159 
117 99 
158 149 
-33 -42 
91 -88 
194 147 
23 9 
127 58 
-78 90 
147 161 
19 -55 
-138 85 
108 -194 
69 191 
-157 -36 
144 -55 
-162 19 
-3 -167 
127 -21 
-111 46 
-156 132 
39 -64 
-151 -37 
197 -35 
-167 -106 
-146 69 
70 -10 
-102 -126 
-38 -153 
-45 -33 
108 177 
-183 -194 
9 74 
-156 155 
-147 186 
180 -92 
132 -145 
161 30 
108 -68 
-131 -157 
199 -73 
-65 -153 
166 31 
-25 100 
180 -181 
-68 116 
140 53 
190 -125 
-93 -197 
175 31 
-174 85 
-56 134 
35 194 
-58 109 
-59 -64 
-36 11 
-167 -52 
-129 64 
174 100 
114 -102 
-130 157 
130 186 
20 -169 
67 42 
80 -122 
0 53 
86 89 
-193 161 
-199 9 
-191 166 
-155 -102 
154 -42 
-148 173 
14 -164 
-154 -152 
-145 -60 
-22 169 
-44 144 
-155 -169 
-36 -104 
123 168 
133 50 
-20 -113 
178 -133 
142 25 
-33 184 
-163 97 
-120 166 
159 23 
-40 -200 
-144 -161 
89 -13 
177 -29 
100 -175 
-87 144 
-49 -152 
-78 -12 
-179 93 
55 165 
-176 -141 
89 -182 
-151 -4 
-166 21 
179 172 
193 33 
-98 66 
-47 146 
107 -2 
13 46 
-100 122 
-34 -74 
-163 -42 
93 138 
57 75 
38 -112 
8 -172 
64 -47 
-85 20 
-40 -20 
-55 126 
110 105 
23 12 
-121 175 
-171 -139 
84 -148 
119 49 
-20 -176 
-103 7 
-136 -118 
71 88 
-125 -48 
26 -72 
-139 164 
150 -154 
116 10 
-169 58 
81 20 
-124 149 
146 17 
-140 -28 
-47 102 
-71 -181 
-147 137 
142 -1 
-89 100 
-200 173 
34 156 
-71 -55 
-140 -196 
131 -198 
-137 41 
32 -100 
-133 -160 
130 -66 
-83 -190 
48 67 
-151 -57 
-156 147 
46 -63 
-38 156 
101 36 
-21 136 
27 101 
-7 144 
-74 76 
-42 187 
109 -33 
85 195 
99 50 
-113 -47 
151 -135 
170 98 
-200 196 
186 -143 
-77 -78 
-40 -99 
-38 64 
-6 -137 
39 35 
-24 143 
61 -75 
-200 115 
-92 34 
131 -184 
-182 16 
141 -128 
78 -84 
42 18 
-20 89 
-60 -30 
-138 -87 
109 -145 
16 17 
-62 -187 
-95 -32 
36 -108 
23 -93 
-60 44 
149 -58 
172 17 
49 112 
-57 85 
105 59 
-126 -117 
-81 96 
1 -88 
-160 -193 
-31 151 
127 -150 
-61 -96 
-104 124 
48 102 
-54 127 
-7 22 
117 133 
-67 129 
-150 49 
-176 -33 
196 -35 
-48 -166 
105 184 
-18 -179 
88 -62 
-57 -68 
91 114 
-180 -147 
98 132 
-100 170 
-8 -82 
-93 -95 
-72 62 
29 -29 
160 44 
96 -30 
45 -45 
107 -16 
142 -57 
83 195 
-190 84 
-147 104 
70 137 
-99 -3 
128 55 
142 108 
-11 -27 
145 157 
-62 -80 
-161 -139 
-174 -114 
133 99 
172 115 
-184 -107 
-46 106 
116 68 
-120 -85 
-188 -15 
-82 163 
109 -52 
82 -9 
106 -170 
-111 -155 
192 183 
-28 -24 
188 30 
-73 147 
177 -110 
102 140 
-124 55 
-62 -42 
-93 26 
-139 84 
121 72 
67 -9 
57 -166 
123 -196 
15 112 
-43 185 
-154 -199 
-31 182 
19 -141 
44 13 
10 58 
-10 -3 
22 -12 
-92 162 
88 96 
-72 -189 
67 91 
-73 -185 
154 -36 
22 -96 
-30 -43 
149 -120 
-42 -135 
-148 -2 
178 -39 
-14 -90 
123 135 
46 67 
-125 -70 
110 16 
-184 -102 
-132 -54 
-158 -27 
170 -66 
72 94 
170 -181 
-162 99 
183 -83 
-83 30 
-196 -170 
-149 -97 
-22 74 
99 73 
6 -75 
-179 9 
-193 68 
-84 -63 
36 2 
121 -38 
-113 121 
124 117 
4 166 
148 -55 
-35 -10 
-145 152 
-81 86 
190 147 
120 46 
-58 -7 
-49 -37 
-193 -71 
-163 -122 
-110 -59 
62 183 
168 -10 
104 85 
-32 -53 
-160 -133 
-132 -52 
-48 -104 
150 168 
-104 -81 
-131 -135 
-65 -169 
24 153 
159 -48 
36 -1 
-187 30 
162 -64 
27 171 
-121 21 
184 -188 
-90 117 
-99 52 
-128 -178 
50 148 
-97 148 
-181 58 
-94 -179 
-129 53 
45 -187 
-199 -85 
62 125 
63 -64 
43 130 
86 149 
-28 155 
-50 11 
164 199 
198 176 
-18 140 
126 -98 
2 125 
156 53 
-181 -180 
-55 130 
121 -40 
-132 -31 
-180 90 
126 167 
