44 -200 
-120 -121 
-88 -108 
48 150 
90 86 
-164 15 
175 176 
-116 125 
89 189 
-166 -81 
73 -38 
62 -157 
-105 61 
-27 -134 
167 178 
-177 193 
19 -90 
96 -138 
64 -37 
165 -189 
169 -129 
106 -187 
-21 9 
-140 -21 
-148 12 
89 -175 
82 56 
-146 -35 
2 100 
-164 -144 
-90 -119 
-27 54 
107 -92 
151 120 
78 159 
-128 -53 
-135 -33 
-141 -160 
133 -38 
-146 -53 
36 -119 
-120 98 
-74 -200 
-85 -147 
-147 6 
31 164 
173 180 
-42 161 
-45 -103 
-172 40 
-143 -166 
-79 -141 
100 -109 
132 9 
53 -8 
133 6 
87 77 
181 59 
185 40 
-192 42 
45 -161 
-167 109 
-21 -198 
-179 132 
135 102 
-156 -34 
154 147 
56 -103 
85 135 
-75 156 
16 -139 
2 1 
45 175 
77 110 
-71 89 
-31 131 
-21 91 
24 38 
119 -194 
144 -121 
16 39 
-163 -117 
-168 -69 
-178 -42 
197 -84 
-162 -64 
75 -195 
-158 44 
-147 131 
-56 -156 
110 140 
75 -13 
115 107 
-15 -42 
-185 9 
-20 3 
-111 -94 
-31 52 
195 0 
-198 -39 
158 109 
155 -93 
135 -188 
-152 173 
-64 99 
66 -52 
149 133 
-170 -103 
-117 92 
-195 68 
72 25 
9 -199 
-118 -116 
1 -60 
136 68 
7 41 
96 -183 
8 164 
156 104 
-122 62 
96 -117 
-118 52 
-147 179 
-8 -13 
-11 15 
-161 125 
-139 -101 
-198 134 
-71 -10 
183 193 
-11 -14 
148 40 
57 170 
-116 75 
81 -12 
195 -169 
124 160 
94 -150 
-174 77 
-86 -38 
-82 -171 
-177 -187 
-41 141 
-160 3 
18 -41 
-102 198 
33 77 
13 -45 
-154 -82 
-151 -121 
-131 -169 
-156 -84 
28 95 
-97 192 
117 -73 
174 -172 
-178 132 
15 12 
149 61 
144 -112 
-95 127 
-195 -149 
9 -78 
84 -182 
156 66 
196 140 
174 -160 
-95 68 
92 42 
-48 198 
40 116 
-155 -140 
65 -123 
-90 27 
-109 -200 
-165 94 
-92 174 
-100 126 
104 -110 
-160 -8 
-50 94 
55 23 
-191 43 
30 154 
-92 181 
-94 151 
-153 162 
-200 25 
-78 37 
50 173 
29 -180 
99 28 
21 -106 
101 -68 
166 -7 
-16 134 
83 182 
58 -76 
-152 126 
-59 -21 
-52 -53 
-178 15 
145 168 
-14 158 
-5 45 
-148 -82 
82 24 
22 128 
166 -8 
-178 -127 
-55 107 
69 -182 
103 108 
113 123 
196 74 
-169 -133 
-40 114 
135 2 
-21 -166 
-31 26 
-19 -115 
78 136 
18 -175 
144 -93 
-192 115 
-20 -49 
166 -179 
-185 -157 
126 -51 
-65 -118 
-89 51 
-68 125 
132 -67 
130 -141 
-195 47 
166 95 
-14 85 
-89 -8 
-115 162 
-200 14 
-48 73 
123 -154 
-173 -2 
-147 30 
182 -4 
-177 -93 
147 122 
39 -146 
73 -135 
-133 -124 
-124 29 
149 47 
-117 21 
-8 -54 
-71 -138 
-95 86 
-93 46 
-45 33 
177 22 
61 53 
164 -68 
163 56 
137 121 
-109 -60 
-56 177 
163 60 
79 15 
198 121 
-157 189 
-198 84 
-164 -88 
-190 -171 
-146 -163 
-174 115 
-174 140 
-171 -144 
36 -179 
179 39 
58 51 
-91 155 
59 -8 
114 141 
13 -47 
-45 -85 
70 150 
-32 -139 
110 45 
-142 -53 
141 -82 
65 36 
90 -167 
198 166 
-72 -162 
-189 -103 
15 -61 
-6 143 
95 35 
-103 -89 
-147 -80 
-120 17 
-20 -113 
83 -49 
-109 122 
-22 -148 
18 -92 
63 29 
123 24 
-94 -99 
91 190 
-199 145 
-56 -98 
-108 113 
46 -61 
140 -11 
-38 -186 
154 107 
52 64 
-87 -56 
-106 -6 
117 46 
158 -4 
-65 -143 
143 126 
-122 98 
-21 -84 
98 -6 
130 -64 
-200 -43 
195 175 
-51 -186 
-161 107 
-17 126 
-79 21 
175 61 
194 61 
80 -120 
-43 63 
-130 160 
123 31 
95 -121 
-125 147 
-95 108 
-47 -82 
-55 169 
-187 -165 
-138 -199 
161 89 
41 191 
-131 -172 
133 110 
-137 -132 
-147 -158 
88 54 
162 -71 
190 138 
30 77 
-187 -87 
-171 -199 
32 128 
-144 182 
144 68 
-57 -44 
91 120 
58 -124 
10 83 
-188 -160 
-30 89 
190 46 
167 172 
-149 101 
66 -31 
108 -152 
63 -121 
132 20 
-174 36 
-17 84 
152 -27 
88 17 
101 -150 
-103 171 
4 193 
25 -9 
47 15 
-131 -62 
-184 78 
149 183 
96 -152 
-176 32 
194 -111 
144 72 
0 31 
199 -183 
14 -67 
138 151 
-51 -157 
-103 -96 
-179 -17 
-94 48 
-60 181 
191 -8 
1 116 
189 68 
-43 61 
-120 26 
-2 -20 
86 -192 
194 -36 
-180 186 
40 35 
90 -136 
-56 165 
-165 -17 
-191 -73 
-21 23 
-153 -68 
-2 191 
182 -151 
-159 -6 
133 176 
96 -19 
172 7 
168 -194 
192 -119 
2 68 
-157 197 
-131 -155 
191 161 
111 140 
-123 144 
-32 76 
0 93 
-196 -136 
159 -161 
130 -3 
-140 -96 
-44 -47 
-62 138 
173 199 
-131 130 
-150 -91 
96 -48 
-145 -43 
-144 -167 
-91 -172 
-104 -10 
-86 -62 
77 -131 
-26 71 
133 -115 
30 79 
-139 104 
-96 -79 
-63 107 
-12 -15 
-184 176 
-13 108 
18 -119 
140 -153 
-192 170 
95 -17 
58 52 
-195 -7 
-188 62 
74 -108 
-183 -57 
147 -138 
-140 99 
-2 147 
104 112 
-70 -79 
175 146 
-11 194 
-7 -6 
79 97 
33 -180 
143 188 
-121 -138 
64 20 
-37 56 
24 99 
32 175 
-25 13 
-53 -88 
-188 -10 
-121 82 
-6 66 
-67 -15 
-184 128 
25 114 
-63 158 
35 108 
-13 -139 
-200 -125 
-114 56 
-182 -82 
-20 107 
-87 -29 
-139 158 
106 -136 
-61 197 
37 39 
-73 10 
27 148 
188 -91 
-98 67 
-83 -163 
45 -106 
127 -86 
-187 58 
189 -51 
118 6 
11 -147 
139 47 
113 185 
147 34 
-141 106 
166 -190 
-26 -120 
-35 49 
-50 -30 
82 -174 
143 -57 
-154 -129 
-18 -10 
77 113 
134 160 
54 -173 
-154 99 
-198 28 
-127 -150 
99 187 
101 -174 
-159 78 
199 -148 
84 -23 
-70 -165 
160 104 
76 -198 
134 92 
-48 -196 
-187 159 
25 -115 
-26 -102 
21 -9 
-180 -154 
-147 134 
-75 -78 
-149 167 
162 -187 
-146 8 
43 164 
-160 124 
26 -134 
-132 -86 
27 139 
-17 8 
-3 97 
-179 -134 
-196 157 
-146 -78 
13 -70 
-131 -52 
-27 -100 
-133 -79 
-168 -66 
-108 -45 
-37 -152 
-127 -69 
-119 7 
-107 23 
-103 -41 
169 101 
-123 -53 
-45 -157 
198 105 
1 -7 
-42 167 
-171 -58 
173 108 
34 -11 
-199 119 
-77 -21 
193 13 
74 82 
-51 172 
-21 181 
-85 95 
-21 191 
2 -196 
-39 142 
117 -110 
-110 163 
-119 -124 
162 -136 
-114 125 
52 -159 
110 -96 
-166 164 
23 -175 
95 -65 
9 31 
-198 176 
192 166 
-195 20 
-193 180 
49 105 
98 -115 
-165 164 
-137 -123 
117 -140 
-68 64 
29 119 
-78 -39 
-90 -11 
102 -40 
-158 -147 
-160 -53 
-63 -99 
142 148 
-105 -92 
-185 -35 
165 63 
-73 -120 
187 132 
115 81 
89 -100 
35 0 
105 -153 
132 -125 
-36 -171 
143 34 
113 175 
-146 192 
37 -107 
-10 -110 
129 177 
-187 -180 
-113 -130 
-126 155 
-93 -117 
143 -82 
-94 -159 
116 51 
-79 86 
20 -6 
181 22 
171 38 
64 116 
-190 -52 
-5 116 
-17 -118 
-161 35 
40 -9 
-42 -181 
-197 -116 
21 67 
-28 -46 
-48 -12 
156 -183 
-199 -76 
135 51 
143 -68 
-100 -126 
-123 -55 
12 119 
-176 -48 
-82 184 
184 97 
-159 98 
93 -50 
-192 -61 
-128 -52 
-129 107 
180 4 
-191 -135 
165 -151 
-73 13 
-37 -160 
-130 96 
65 -63 
-33 -84 
-195 105 
174 25 
109 -34 
-189 130 
39 183 
77 187 
47 118 
-40 -174 
48 -87 
-196 143 
-34 -3 
85 -54 
-80 106 
-199 -38 
-95 106 
-166 123 
117 -154 
-172 31 
-64 19 
-193 -147 
145 69 
-200 -107 
99 -65 
-181 -85 
1 162 
-61 10 
100 -144 
144 -95 
102 -119 
23 -77 
65 90 
-195 -91 
192 -96 
30 -90 
164 62 
74 163 
-196 -144 
-103 -88 
11 -168 
-108 -111 
0 88 
-42 187 
-98 -106 
-32 -110 
111 139 
-151 58 
109 -93 
48 -174 
-68 -177 
-150 157 
184 -128 
-56 -162 
-18 34 
134 147 
193 -80 
-198 -152 
-103 -18 
-139 65 
42 -77 
199 178 
-53 120 
-52 158 
100 73 
172 42 
75 -98 
-186 -171 
36 -162 
115 -9 
-164 -134 
-52 -191 
164 -70 
123 -52 
-37 195 
-65 153 
-22 100 
-197 -44 
-55 95 
119 144 
-178 86 
1 -40 
-186 9 
193 -81 
92 95 
-200 125 
103 -173 
-44 -161 
133 94 
-166 -16 
-8 -127 
104 -100 
-136 -118 
-78 141 
-187 -108 
182 92 
63 -198 
-117 -98 
194 149 
167 -138 
-200 74 
-65 112 
-26 87 
-88 -40 
-175 -135 
149 -62 
153 -22 
-85 -171 
64 -172 
-100 -27 
50 136 
-33 -134 
-33 47 
53 147 
-132 -119 
-134 -95 
-102 48 
27 -198 
44 -46 
-190 -188 
175 188 
-24 16 
-145 -87 
62 33 
161 -69 
-12 -30 
131 72 
-162 43 
126 -183 
-139 26 
87 -60 
154 155 
-87 132 
-168 59 
90 122 
-181 -64 
62 -39 
15 10 
187 -8 
-100 -183 
-25 -32 
90 187 
-110 12 
42 -135 
-194 39 
9 98 
-13 113 
-139 66 
-30 87 
26 32 
29 -191 
85 18 
193 -85 
-162 -174 
131 95 
93 108 
-191 39 
-112 162 
-168 -121 
5 -80 
114 -43 
-155 89 
-104 160 
112 -144 
134 -190 
36 -131 
-131 197 
180 -36 
-112 -33 
71 131 
185 84 
49 20 
-34 -44 
-14 180 
-107 68 
-35 -65 
6 97 
-95 96 
74 -32 
-49 32 
-43 68 
7 155 
-49 -122 
58 -155 
-177 22 
56 48 
-71 -28 
-127 -169 
79 166 
-42 35 
1 -91 
13 -50 
114 -52 
98 -2 
81 147 
179 -187 
-4 10 
-174 -124 
-126 -34 
-136 14 
92 -55 
2 -148 
115 -31 
106 -59 
77 140 
33 157 
85 -27 
-85 -139 
144 20 
-37 -35 
-123 45 
146 12 
57 2 
-174 188 
-163 90 
183 -128 
-71 -127 
39 -79 
-133 199 
-9 -120 
-59 57 
83 -182 
30 93 
-65 123 
-40 -55 
-147 184 
-175 56 
-95 69 
159 38 
51 36 
37 -85 
197 67 
-144 -184 
169 146 
105 -104 
-41 -100 
-73 39 
175 -63 
-87 120 
-82 -185 
-129 -86 
29 -26 
14 -137 
-13 25 
-78 13 
63 -189 
-189 -79 
-53 -8 
-115 92 
173 -25 
-131 40 
44 -193 
40 -100 
37 43 
159 121 
-62 -3 
-99 -114 
20 23 
-3 -138 
-171 -56 
12 156 
-53 105 
-102 -125 
-15 88 
-77 148 
44 -161 
-152 -54 
-27 11 
137 -167 
-156 -105 
190 -83 
105 -82 
-68 -159 
182 -189 
140 31 
56 -48 
-178 -146 
-30 -58 
-128 -18 
183 109 
180 140 
16 147 
148 157 
65 -54 
-169 -7 
-192 113 
24 176 
-28 -106 
-154 77 
143 141 
78 115 
134 -200 
37 -137 
44 -129 
89 -144 
173 88 
-144 -12 
139 -171 
63 127 
-69 76 
89 -165 
2 37 
52 -29 
132 -120 
20 164 
-82 -24 
67 85 
-30 -167 
-118 31 
-26 -166 
-121 133 
42 -168 
-116 131 
-114 -94 
116 -149 
159 58 
