19 -18 
-70 156 
-198 70 
89 -143 
140 143 
128 -30 
150 -112 
-51 165 
160 20 
-29 84 
167 15 
101 178 
-194 -116 
106 9 
71 170 
107 -161 
-128 54 
-94 101 
-88 70 
-45 -56 
-35 -91 
124 4 
-126 55 
-178 -124 
126 18 
0 167 
174 -149 
-168 24 
-10 -172 
-162 -90 
-130 -48 
-50 68 
125 100 
188 118 
166 188 
-74 113 
57 -184 
-110 37 
166 174 
-187 48 
152 -38 
3 72 
117 -21 
-108 -41 
69 27 
-26 -178 
96 25 
25 56 
34 157 
-33 -98 
24 92 
192 -172 
-162 -63 
-32 32 
114 156 
71 -40 
-200 52 
-165 64 
116 39 
56 -58 
-9 -190 
-46 38 
-121 -52 
113 117 
-52 -13 
43 183 
60 -41 
90 108 
-101 170 
162 -47 
-51 71 
84 59 
-3 -124 
-178 -31 
34 -200 
63 44 
-19 -10 
61 -13 
-11 150 
182 54 
52 128 
-105 146 
88 -151 
-119 -96 
-158 28 
123 76 
180 190 
53 136 
12 97 
-162 -86 
-104 -179 
-126 38 
44 -123 
-4 -122 
107 -131 
167 -50 
-39 -114 
-200 -23 
126 -53 
-38 189 
57 -141 
-83 -180 
-6 171 
-71 106 
55 75 
81 -161 
-170 -163 
-22 -180 
130 21 
-84 -55 
126 -111 
152 168 
162 -137 
-125 56 
-146 -68 
183 47 
28 113 
-195 -198 
-148 184 
3 -110 
169 -192 
170 67 
23 43 
-145 186 
-146 -82 
180 77 
138 149 
-135 126 
-42 147 
-158 115 
-75 -77 
125 50 
-184 108 
40 -35 
41 193 
147 104 
-71 23 
32 70 
-29 135 
-191 123 
-77 -53 
101 -83 
-17 147 
85 -179 
-9 60 
-30 -64 
46 -15 
14 195 
-135 6 
-25 -16 
167 -29 
-86 25 
-187 -112 
-103 88 
156 -58 
-151 -172 
-143 -107 
-170 -77 
-23 -90 
121 176 
71 156 
38 -63 
74 29 
83 70 
53 -119 
24 -172 
125 72 
153 -129 
-115 161 
81 159 
-88 25 
144 75 
49 -73 
108 182 
150 143 
-39 -135 
-118 -185 
-17 -45 
-189 20 
104 114 
111 90 
-21 -199 
-46 67 
-57 -177 
-49 -71 
73 57 
-3 -186 
21 56 
-152 6 
184 160 
-53 -107 
93 -18 
146 116 
-18 -113 
169 -45 
114 150 
-182 152 
-74 -188 
-131 45 
-180 -129 
-107 -29 
-86 120 
138 122 
-2 -6 
-147 -134 
-124 -143 
25 -79 
45 -198 
67 79 
-186 -38 
-142 159 
121 2 
-134 -23 
84 -127 
104 -34 
-154 -95 
9 -17 
181 -172 
-99 57 
66 93 
185 -110 
111 -11 
24 -129 
153 16 
135 165 
51 190 
118 17 
-126 195 
1 42 
-163 25 
-178 -36 
153 84 
194 -91 
108 -190 
-100 -60 
181 -132 
-195 58 
-116 19 
185 168 
194 -95 
-169 8 
25 172 
120 154 
162 -161 
145 154 
118 -13 
22 -108 
-10 55 
16 88 
42 -113 
52 -137 
118 -138 
-126 6 
160 -73 
137 140 
-76 -80 
-127 142 
65 -53 
197 -118 
129 -56 
-158 7 
-30 -152 
-27 169 
67 -63 
111 136 
-13 -85 
-16 -191 
137 109 
-60 121 
195 14 
56 176 
42 -87 
44 83 
24 72 
53 -68 
28 -74 
-96 -76 
158 24 
112 -8 
184 152 
160 -103 
-134 -53 
162 -66 
-25 -163 
145 -195 
166 -126 
6 -126 
-88 90 
-138 -139 
67 0 
-30 -62 
-79 -179 
-18 148 
46 98 
-83 45 
-149 -165 
89 34 
-166 -25 
-70 -165 
-57 -176 
-106 -122 
-76 124 
-113 -54 
-86 37 
10 67 
148 22 
-99 63 
49 -17 
3 193 
35 -133 
-133 -9 
119 110 
32 178 
43 -89 
-26 -124 
6 -61 
-116 13 
-52 -105 
131 29 
59 107 
-166 172 
-13 -114 
-171 -183 
22 -191 
183 151 
-37 -15 
65 125 
87 -2 
-136 46 
-17 -138 
-132 176 
-74 -158 
192 198 
-65 -10 
107 118 
-180 -6 
-96 -193 
96 -171 
137 -177 
-116 133 
70 -181 
112 90 
63 115 
89 -7 
137 -35 
186 177 
79 -176 
19 110 
-93 -126 
60 173 
-147 -8 
-1 -143 
-141 -59 
-113 -130 
47 80 
-172 169 
152 -63 
76 152 
-37 130 
109 -68 
-93 -183 
-122 -26 
-28 -8 
-126 73 
-96 -118 
-111 198 
43 -177 
191 -24 
-182 -110 
-72 -200 
-158 -122 
-135 2 
-182 146 
-24 69 
156 123 
144 -19 
118 -127 
-186 84 
67 115 
-90 -6 
-159 186 
113 25 
110 -181 
-178 12 
86 50 
54 -164 
-65 -146 
-179 112 
146 -193 
-45 116 
179 -87 
-122 5 
-79 121 
-11 156 
-81 -146 
-56 -8 
-11 148 
130 -194 
-8 -37 
-130 -195 
152 76 
-108 153 
-166 -8 
132 -148 
-172 190 
-114 -120 
-67 98 
15 -132 
-11 -23 
-25 185 
125 83 
35 -39 
-87 -136 
79 -197 
-180 -50 
-143 99 
61 -89 
54 -128 
-159 123 
-41 148 
61 175 
196 -83 
54 -40 
-142 32 
32 63 
27 147 
-30 142 
-189 103 
103 -95 
-92 194 
-12 83 
-48 -71 
-167 -60 
-163 85 
-38 16 
95 182 
16 -162 
6 -165 
172 198 
-149 6 
-199 -115 
156 45 
-76 -115 
-61 29 
141 -128 
121 -147 
20 42 
-186 -173 
-83 -19 
-110 -17 
187 87 
95 78 
106 -43 
-159 -156 
11 33 
182 -154 
126 -19 
91 19 
-77 28 
-51 106 
66 12 
91 -98 
-138 189 
-57 127 
-184 39 
192 56 
135 28 
-27 106 
-38 158 
57 180 
84 8 
3 64 
42 160 
-94 -185 
71 122 
-134 -115 
-161 -99 
149 107 
181 -65 
171 -141 
-81 -38 
135 -46 
77 104 
-2 7 
-49 102 
12 173 
67 100 
21 -169 
90 25 
85 67 
16 67 
14 132 
-184 69 
-132 72 
106 113 
141 41 
-184 -50 
-159 112 
-117 114 
112 -66 
-39 97 
-155 -24 
-126 -12 
164 -181 
-20 119 
44 -48 
79 28 
125 136 
-50 -192 
145 178 
-55 141 
5 -54 
17 -155 
30 -162 
-115 -127 
3 -192 
-146 -114 
100 150 
188 -193 
50 118 
-19 -6 
0 51 
134 121 
-67 -54 
-124 138 
-64 120 
-128 134 
56 150 
-167 49 
-32 -36 
-141 116 
48 -161 
127 90 
-145 -46 
-152 63 
27 47 
184 -40 
27 -100 
-163 -155 
-143 -69 
-197 -42 
-133 4 
-200 89 
-42 -81 
-160 -9 
140 -95 
-63 -191 
78 39 
13 -199 
197 -130 
-89 -92 
-50 154 
-179 36 
184 25 
24 -109 
-8 78 
156 22 
60 166 
31 -127 
-100 -51 
-36 -57 
124 -170 
-153 3 
132 62 
-89 -158 
25 20 
186 -10 
104 -22 
-200 -52 
165 -76 
-143 -37 
-53 -134 
49 -78 
-104 30 
-152 -136 
-115 -106 
-194 -156 
-130 -40 
-87 190 
-198 -84 
-88 60 
63 12 
-85 89 
-48 -162 
-108 23 
-89 193 
-51 195 
-74 -102 
-16 164 
57 -72 
104 156 
72 -164 
42 -14 
92 123 
19 121 
71 93 
-114 -184 
120 2 
146 -2 
112 161 
50 126 
100 183 
-141 -159 
-57 -55 
-50 10 
77 -95 
-126 69 
5 -126 
-100 173 
-116 -193 
131 -147 
-88 -37 
89 -25 
-38 51 
-174 160 
-195 -106 
-84 -134 
84 29 
-68 -63 
61 20 
-5 -50 
86 131 
-45 -65 
-49 6 
-40 -200 
125 99 
36 134 
11 155 
21 -14 
-17 107 
-155 152 
91 -164 
-109 -86 
-7 43 
-89 -146 
-170 -129 
123 7 
-198 -15 
153 -136 
-19 46 
197 54 
-127 14 
29 113 
199 22 
-140 -21 
-34 98 
-131 149 
-119 -35 
155 -186 
-47 72 
84 -189 
182 191 
150 -24 
110 63 
44 84 
-102 -110 
17 -151 
-71 182 
-178 50 
192 -63 
138 -77 
30 15 
79 -167 
-97 179 
87 -184 
-148 -164 
168 141 
74 131 
-162 -10 
-145 30 
125 0 
156 -114 
-128 165 
-129 -95 
72 -138 
56 -89 
-43 -68 
-120 -54 
-56 59 
-88 -164 
141 -24 
175 114 
111 -132 
-37 152 
-85 187 
-136 11 
-12 -124 
-102 -59 
-164 56 
35 -198 
164 178 
-41 -90 
-63 57 
-20 78 
-17 -96 
7 166 
-76 -65 
69 17 
-123 83 
-13 -27 
-100 -66 
137 -196 
-168 3 
-59 75 
-12 -2 
115 -52 
-136 192 
24 62 
17 -179 
-150 90 
-9 -173 
-53 -146 
153 85 
41 -145 
127 -113 
-131 -135 
61 186 
-198 -47 
-75 191 
87 -62 
-66 143 
184 129 
0 146 
195 80 
160 -148 
-1 101 
-187 -192 
-74 85 
151 193 
-12 124 
-82 -141 
-96 183 
-186 92 
13 -147 
-154 70 
-13 -146 
71 80 
-66 -44 
-99 -25 
-173 38 
-66 -70 
99 -150 
138 73 
-129 29 
-136 -191 
-143 -191 
0 1 
49 25 
-64 169 
-10 41 
-129 -75 
94 -91 
65 -55 
100 -28 
17 -140 
-86 -11 
27 -147 
3 187 
45 126 
167 11 
51 161 
-132 131 
-102 -130 
64 -121 
45 104 
149 6 
178 -170 
-167 -86 
-183 116 
110 93 
-189 183 
2 -40 
-180 142 
11 -179 
22 115 
-80 98 
-195 -80 
-154 -14 
-76 75 
126 46 
101 38 
3 -109 
-178 -147 
-146 130 
71 -132 
45 -171 
-27 -52 
-187 -16 
-115 -128 
-44 43 
-165 73 
-81 -185 
191 173 
11 110 
-114 -14 
-41 46 
-23 -74 
181 82 
-103 -106 
29 -134 
-31 -83 
144 -1 
138 193 
175 -3 
-139 50 
21 49 
130 -95 
-80 58 
-83 109 
-172 -99 
194 -200 
-64 177 
44 50 
-24 -26 
-79 17 
-127 59 
107 62 
-96 -175 
100 -71 
-9 -71 
188 -110 
129 122 
-112 -71 
-163 34 
80 32 
0 -91 
-36 47 
16 63 
-194 189 
12 -114 
15 57 
113 -8 
-131 -46 
21 42 
-168 -6 
-85 39 
-48 124 
174 -50 
-122 -111 
131 17 
-130 -82 
16 -129 
129 -107 
117 -95 
-95 99 
136 -60 
-9 -61 
-93 -39 
23 160 
161 77 
122 -181 
-145 -20 
30 -122 
153 -79 
192 154 
181 182 
-141 -9 
5 -192 
97 42 
72 -48 
32 121 
60 -101 
24 -52 
11 153 
-149 -164 
-121 -166 
66 -80 
-21 22 
175 -139 
104 -112 
91 -96 
-25 -128 
-23 121 
173 185 
175 89 
-174 -91 
-187 53 
198 -194 
41 191 
64 -158 
148 -144 
-185 177 
-43 -5 
96 5 
-137 -80 
189 -74 
55 31 
-174 -136 
-96 -30 
77 -32 
-148 -35 
77 54 
38 -105 
-17 -64 
88 24 
-140 -63 
-74 145 
-195 -159 
182 75 
-13 -115 
151 5 
-106 190 
-35 -191 
-135 4 
115 -100 
-39 -35 
171 -79 
131 -172 
-27 -153 
-120 -129 
162 -59 
153 108 
-72 -57 
-129 -64 
-175 127 
-40 -170 
187 47 
17 65 
-46 -135 
2 129 
-45 67 
-166 183 
121 66 
-89 -58 
123 -1 
-111 -43 
119 -39 
-147 2 
-141 18 
-190 20 
70 -79 
-178 -143 
-169 19 
-153 -197 
-78 -165 
143 -68 
113 -60 
-144 5 
-18 -13 
108 70 
-11 117 
157 4 
44 41 
146 -8 
-164 112 
158 -100 
146 34 
-129 148 
-88 -197 
-64 153 
190 -186 
197 -189 
-185 -46 
51 102 
-1 192 
-151 -61 
52 -102 
-197 178 
-103 95 
5 40 
-98 -199 
102 -197 
157 22 
-31 -146 
-110 105 
-102 126 
16 113 
54 39 
109 -138 
43 30 
62 27 
10 199 
-15 32 
183 77 
80 -42 
-135 -96 
102 -200 
-5 -168 
-21 -50 
148 75 
185 -154 
47 -91 
27 -127 
-168 127 
-11 -73 
119 132 
-171 -9 
-158 126 
36 -48 
-175 115 
-176 -39 
-155 -120 
165 64 
-69 -194 
-177 7 
-52 -163 
-125 -39 
-190 8 
154 14 
