66 61 
6 56 
-76 6 
35 -159 
101 169 
-60 0 
-24 -86 
94 -137 
-55 -187 
-37 106 
97 -161 
71 34 
61 41 
163 -119 
97 47 
66 -183 
146 -89 
0 191 
91 -114 
47 -32 
103 1 
97 192 
26 -88 
174 -189 
-179 -100 
95 139 
-170 130 
119 145 
-26 -188 
146 -76 
-139 149 
-13 -69 
-135 84 
-163 -89 
189 -180 
-80 -12 
-34 -189 
120 80 
-116 -85 
-47 -145 
118 -32 
101 -199 
-191 196 
-127 154 
18 72 
-57 184 
78 -80 
166 -139 
152 -13 
112 -51 
100 -107 
48 23 
-103 75 
-171 -83 
-5 -154 
125 -17 
-16 94 
173 -176 
102 -192 
187 127 
-72 -146 
-148 157 
7 118 
101 -75 
51 166 
-191 81 
-14 -66 
-194 133 
166 -58 
-47 -167 
-9 -187 
18 74 
156 -26 
172 8 
12 141 
156 121 
-24 199 
148 199 
154 16 
175 -63 
-82 -179 
-120 -78 
65 -94 
-152 30 
121 -114 
-60 41 
162 -91 
-69 -196 
-65 -129 
11 -121 
177 32 
63 145 
61 -13 
118 -9 
-71 -170 
-38 -1 
-3 59 
35 182 
-48 94 
114 20 
-90 -53 
-151 188 
-163 -146 
-35 184 
-9 9 
178 147 
97 -157 
-28 149 
28 20 
172 -117 
-107 22 
101 22 
-143 -93 
148 121 
119 -138 
0 57 
-82 -41 
147 -84 
-83 197 
-188 124 
150 -6 
22 160 
-73 7 
48 179 
-80 -29 
-174 94 
190 144 
-194 111 
-17 -84 
-49 83 
-142 170 
147 69 
124 191 
197 -123 
167 33 
130 -192 
9 -22 
-123 -31 
-81 -183 
131 164 
-97 139 
102 -160 
-199 187 
-44 -88 
186 -84 
-78 62 
3 -49 
-99 -146 
36 -165 
-125 -158 
-166 144 
14 -19 
-117 -179 
-159 -12 
-124 -18 
-71 103 
107 73 
36 48 
-26 -56 
22 -183 
-146 -32 
49 -195 
117 149 
-22 12 
-125 20 
91 -141 
-15 -110 
-145 136 
195 52 
-160 -65 
144 -68 
-197 -19 
162 36 
108 -117 
194 -129 
176 182 
28 145 
40 118 
-17 -175 
27 -4 
106 -165 
-125 -53 
-6 133 
44 -101 
-43 188 
-153 71 
-173 -74 
63 -134 
120 -41 
16 17 
-19 87 
-190 157 
-4 108 
-191 -145 
-36 61 
-84 57 
-139 190 
108 -29 
-162 5 
67 190 
136 49 
-73 -31 
-152 -139 
-96 52 
-102 -170 
141 102 
183 113 
-116 -13 
-108 -92 
-196 -58 
49 7 
180 -27 
183 -31 
64 -118 
-198 -152 
-60 57 
19 32 
-40 154 
49 79 
-13 193 
146 40 
-27 37 
-26 -148 
-4 162 
-172 -38 
101 -113 
175 35 
75 99 
-129 92 
-188 -91 
-21 -89 
57 -114 
37 -63 
110 -180 
-103 -197 
82 -31 
-1 13 
196 193 
17 -173 
-102 -142 
59 -198 
-128 -101 
-35 -103 
158 -72 
150 97 
154 -40 
58 76 
162 145 
115 92 
21 -14 
60 -79 
50 -44 
-10 96 
188 147 
94 -112 
-14 51 
142 -117 
70 33 
-187 126 
154 -66 
184 -39 
-77 142 
-196 67 
93 -133 
131 -17 
48 11 
117 53 
89 -132 
-151 105 
87 -135 
-103 182 
-62 -142 
188 -100 
-152 192 
-17 -120 
-50 -190 
-170 -91 
-89 -163 
-151 6 
123 84 
56 175 
-174 -68 
195 31 
-156 51 
68 166 
-165 -135 
-117 160 
27 128 
-71 -88 
-132 -38 
-183 171 
-186 -167 
-61 -141 
-131 172 
169 -190 
-89 41 
-140 53 
108 -72 
-7 119 
186 117 
-6 -32 
-57 -140 
76 31 
-170 -1 
10 22 
105 32 
-121 82 
28 -34 
-4 21 
153 182 
11 -63 
-84 -39 
-35 -114 
181 103 
-100 141 
31 -80 
175 127 
138 38 
61 -81 
156 102 
-154 -199 
-70 146 
52 194 
135 -113 
-146 -134 
-157 61 
14 7 
-13 166 
20 188 
178 192 
-72 -42 
-33 -77 
-88 163 
-155 176 
-155 62 
151 194 
85 -40 
144 61 
35 -54 
-28 66 
-120 -102 
94 -3 
-159 15 
20 36 
-139 51 
174 191 
199 23 
190 28 
-71 -89 
81 115 
-108 148 
122 120 
86 53 
-170 -81 
-168 161 
-174 -129 
-55 55 
-47 -178 
119 -190 
15 177 
185 188 
30 -112 
173 -199 
-26 31 
-182 -151 
-176 184 
-16 137 
-99 -141 
-71 -44 
-170 56 
32 -39 
136 72 
158 102 
-180 -56 
-58 -141 
-186 94 
-93 -92 
-50 -83 
-144 120 
-78 -168 
79 134 
166 83 
169 78 
-59 32 
-38 168 
173 87 
186 146 
181 -118 
-146 28 
13 54 
121 -97 
94 82 
-82 104 
88 135 
-94 -110 
128 18 
49 -123 
169 -67 
69 132 
35 151 
-47 -13 
23 178 
-128 -120 
113 95 
163 -175 
66 176 
72 146 
38 -75 
-155 93 
-197 -155 
57 126 
72 -123 
149 153 
123 41 
-33 95 
-32 -47 
-81 -61 
-5 152 
148 116 
125 -103 
-112 -188 
-199 -190 
117 136 
190 -55 
-34 -137 
-70 -10 
99 -22 
74 -63 
-191 84 
156 72 
-172 -86 
-123 57 
171 95 
-134 138 
-181 158 
-115 -56 
142 -23 
-83 -6 
-91 41 
-11 32 
-148 -6 
87 -189 
-71 70 
159 -109 
-28 -49 
-155 -192 
-70 136 
134 95 
-197 -76 
-179 -21 
-160 -182 
115 103 
-159 61 
-64 138 
190 -121 
-121 130 
62 78 
33 -174 
130 -138 
62 51 
-170 -5 
7 -193 
-13 76 
-66 -94 
-78 -119 
-124 -8 
-61 14 
-159 -106 
-168 123 
-110 74 
17 198 
46 57 
-19 -158 
-6 194 
-148 145 
-138 160 
26 -107 
167 84 
132 -105 
36 135 
-140 -26 
171 -174 
-140 -44 
-186 110 
-107 -83 
60 -35 
112 58 
-50 -10 
45 134 
119 196 
174 -7 
-107 131 
63 -44 
145 94 
-128 117 
-188 -66 
5 -116 
67 143 
188 144 
-175 -100 
-19 173 
199 -31 
-39 198 
-154 -59 
87 196 
-182 121 
19 -79 
139 130 
-104 -139 
121 157 
181 -131 
123 105 
37 -118 
20 123 
158 -73 
35 97 
-121 -25 
182 177 
-7 141 
-1 -188 
199 125 
-66 -46 
-139 58 
-195 13 
-157 -48 
-169 -3 
77 -56 
-49 196 
26 22 
-1 -139 
-27 -39 
79 95 
30 -69 
-119 94 
-48 -15 
95 -117 
-3 -65 
59 -14 
194 -23 
186 -5 
-26 -8 
-130 -26 
136 191 
-64 -109 
78 -186 
163 -52 
-192 126 
163 36 
66 74 
-76 -86 
85 -90 
193 155 
117 148 
63 67 
9 -182 
121 -50 
124 141 
170 149 
161 -188 
-169 71 
-33 170 
-115 -75 
195 -153 
120 -67 
-180 -75 
-100 -32 
76 26 
12 49 
-122 173 
186 196 
60 58 
-52 126 
84 -31 
-181 -40 
-140 171 
-18 177 
-115 33 
102 168 
15 -21 
48 -20 
-187 60 
173 184 
-121 -124 
65 -62 
12 91 
168 16 
125 177 
178 70 
-161 -18 
-121 157 
58 137 
-102 -105 
-156 -188 
-185 -159 
-166 52 
160 149 
-29 -119 
104 -76 
53 165 
40 -183 
110 -179 
156 -191 
-23 187 
27 -17 
-150 -63 
-32 -33 
48 -72 
-197 -130 
66 122 
-9 -133 
-57 57 
-144 -19 
92 89 
-133 -19 
-63 -176 
157 47 
28 103 
28 -178 
-163 -17 
-51 -15 
-76 -155 
24 -177 
102 35 
23 156 
175 -149 
72 57 
154 124 
181 -147 
-183 -62 
109 158 
-136 -98 
157 90 
-39 -171 
-46 127 
-100 -159 
-156 135 
175 -48 
3 22 
156 76 
66 3 
154 -172 
33 49 
173 -34 
184 199 
123 171 
139 -172 
-196 -187 
137 3 
-118 -23 
2 -177 
28 -24 
101 -161 
188 164 
-76 13 
28 -173 
-130 -113 
133 45 
-98 -121 
-37 -122 
181 146 
-117 142 
70 -24 
-13 127 
64 -91 
-159 -16 
-186 64 
-183 -65 
8 164 
101 178 
-126 136 
-50 -181 
14 68 
-48 120 
124 -121 
80 191 
-26 -145 
-139 -117 
-63 197 
-15 -71 
29 -25 
-151 98 
131 163 
46 3 
-118 -134 
-119 -57 
156 23 
134 199 
110 -16 
-28 187 
85 139 
47 135 
-153 166 
101 25 
-145 19 
-26 22 
-46 -41 
144 46 
79 -21 
-33 87 
-9 100 
36 20 
3 -29 
-35 -190 
-181 41 
-100 -146 
-97 186 
48 -197 
-133 120 
84 152 
168 -69 
24 -149 
52 197 
183 -50 
124 6 
-136 87 
-137 40 
-51 -170 
-101 -175 
-173 -9 
181 -169 
58 31 
-21 -146 
-155 -27 
-161 26 
98 133 
58 -161 
-24 79 
-14 124 
185 61 
182 112 
-75 -151 
-42 -135 
-12 53 
34 15 
46 -87 
-22 46 
-154 69 
8 33 
198 -41 
-72 -154 
79 -34 
-70 -170 
179 51 
168 -66 
-40 140 
73 190 
-63 -116 
-104 -87 
111 163 
-170 91 
-158 -99 
122 124 
-36 60 
-88 69 
-11 -76 
-49 -163 
-84 -94 
-60 -140 
141 198 
156 -39 
5 179 
-146 49 
-12 -23 
168 75 
-128 140 
-123 -44 
134 105 
155 156 
-162 -14 
129 99 
109 86 
27 -149 
125 41 
119 -179 
-108 -120 
195 21 
187 -65 
75 -195 
62 -90 
75 -197 
-21 -42 
-193 -60 
-16 -200 
23 40 
55 -88 
163 41 
-192 115 
60 -53 
3 94 
-73 11 
18 -78 
-68 -174 
-184 -60 
184 -22 
-86 -77 
95 197 
-142 112 
72 134 
-158 112 
72 -148 
-60 54 
-34 -144 
163 -59 
-138 176 
-147 -134 
-28 -22 
164 74 
25 -114 
-17 -187 
-32 188 
108 -103 
76 -160 
123 133 
-103 118 
169 157 
-174 -126 
-177 29 
160 55 
17 42 
-189 -139 
135 57 
-3 3 
126 -160 
138 99 
46 137 
66 -196 
-26 -142 
-140 139 
-143 -90 
145 141 
-172 19 
72 -90 
-190 -65 
139 75 
71 -200 
-100 -192 
-67 -32 
-176 -66 
89 -199 
-103 43 
-177 122 
-182 -30 
-67 64 
67 -159 
50 97 
-118 -117 
164 70 
90 86 
-170 -67 
28 -90 
-73 189 
106 -85 
-61 99 
62 194 
63 -155 
134 118 
-116 80 
-166 -104 
98 108 
-72 -114 
2 180 
-138 80 
-164 -133 
171 139 
74 21 
197 126 
-169 150 
68 -136 
-136 68 
-132 -7 
-83 7 
157 32 
-135 70 
138 15 
89 -116 
46 14 
-17 47 
-126 -1 
-160 -156 
75 -120 
-75 23 
145 82 
141 -138 
-128 138 
129 92 
-144 59 
120 7 
148 -151 
27 -65 
99 -76 
48 53 
-129 -34 
-13 186 
104 85 
-52 -166 
25 152 
102 52 
-38 -176 
134 -33 
-129 154 
-88 97 
-22 14 
49 15 
-40 -177 
44 -130 
107 21 
-144 -112 
191 33 
39 34 
-119 30 
12 195 
173 -45 
-57 181 
-83 102 
140 40 
-116 63 
-85 -1 
101 -61 
-64 35 
-185 -157 
-37 30 
-134 -147 
26 132 
-46 -85 
126 101 
-120 43 
-59 -200 
133 -193 
98 134 
65 7 
-30 189 
-52 193 
-185 -186 
8 -30 
186 17 
-69 -97 
153 -54 
-23 -63 
175 -174 
-142 -198 
-23 164 
144 -38 
37 81 
-131 185 
71 -35 
-51 75 
-12 -88 
28 190 
-101 -61 
156 97 
130 85 
148 -142 
-122 -143 
109 -199 
-112 98 
72 0 
134 -93 
24 -155 
160 8 
179 118 
100 70 
38 -14 
-181 -102 
-78 -83 
134 -195 
173 84 
-151 -87 
143 -77 
146 158 
-47 7 
113 -5 
23 -123 
83 187 
-87 -106 
5 198 
-87 -76 
-60 -144 
-64 -67 
-71 131 
87 -91 
178 102 
44 70 
80 39 
41 -70 
85 1 
-40 -185 
190 194 
72 4 
-199 -121 
113 1 
-65 58 
57 -65 
107 -180 
184 -135 
11 60 
15 -145 
104 142 
104 126 
-9 134 
127 100 
151 182 
42 124 
184 187 
-20 -91 
155 -56 
132 95 
8 122 
-48 107 
157 34 
-169 -96 
-62 47 
-32 86 
69 143 
-128 100 
21 91 
-156 185 
1 112 
-54 50 
47 101 
-92 111 
-172 60 
130 -19 
-15 188 
-85 126 
-114 -100 
130 43 
41 -101 
-125 -74 
-61 131 
-97 117 
-136 -106 
-176 -9 
97 -74 
-155 124 
33 -195 
-93 -15 
97 48 
104 12 
-32 -117 
-116 -21 
196 108 
73 38 
-96 106 
40 -123 
64 108 
31 85 
-88 117 
-124 182 
177 129 
-21 16 
121 10 
171 -55 
186 -141 
123 -49 
99 84 
30 28 
117 125 
-112 32 
-164 19 
-12 171 
-32 -34 
-58 -77 
-107 -104 
156 106 
69 -29 
196 38 
54 -59 
-124 36 
191 11 
-82 -112 
102 139 
170 -179 
124 2 
91 -51 
-175 93 
-197 28 
65 184 
-183 21 
91 122 
-165 28 
-162 -51 
99 -92 
-43 -108 
-170 6 
-26 48 
-99 -156 
-168 26 
-103 115 
14 120 
-96 -166 
64 176 
105 -92 
-48 111 
51 -139 
183 -14 
31 115 
86 -176 
31 -8 
-110 -200 
-95 133 
-77 11 
-137 -77 
-98 -116 
-198 46 
40 -85 
53 -58 
-147 -5 
-60 -72 
30 -55 
-51 113 
193 94 
59 -1 
192 -145 
-128 14 
76 -83 
190 112 
-147 -12 
-115 0 
-120 45 
-91 3 
-129 122 
-142 118 
9 149 
-142 -133 
-10 130 
-158 -69 
124 -134 
191 194 
3 -97 
-193 92 
121 129 
-81 70 
-125 50 
158 165 
-73 117 
-141 -183 
57 -91 
180 -156 
-56 -108 
79 -124 
164 30 
156 -164 
-88 -167 
-168 166 
34 -103 
-164 126 
-152 163 
-77 -105 
138 -127 
62 -180 
-144 -150 
-36 151 
11 -80 
-6 121 
16 -136 
-173 60 
148 -182 
31 144 
-85 124 
-38 74 
-77 -182 
-70 166 
-34 -26 
188 61 
-187 16 
69 -165 
190 54 
-39 -188 
98 61 
-90 -82 
-39 168 
-108 89 
-49 42 
-175 -18 
-161 171 
78 -148 
-8 -192 
135 93 
-112 48 
-37 32 
-144 189 
36 70 
155 -119 
186 88 
-59 -78 
57 188 
176 134 
52 56 
164 25 
-18 20 
19 120 
-54 107 
-148 -155 
155 -27 
-43 -106 
-84 -61 
-133 -41 
-99 114 
-43 42 
59 -81 
3 -120 
-114 0 
22 -114 
-100 -147 
-16 22 
-177 -102 
-89 111 
114 55 
-35 0 
108 3 
19 -92 
-41 -86 
37 48 
160 38 
-108 -121 
-83 19 
-28 -161 
30 119 
-121 170 
-136 188 
158 47 
-121 -198 
-9 97 
26 141 
-112 40 
-72 88 
-41 -69 
80 171 
155 177 
-71 -176 
192 42 
168 -43 
-21 21 
-161 -78 
-197 -54 
157 148 
102 133 
-36 -14 
103 137 
-141 -182 
-73 -8 
9 23 
84 -150 
-26 99 
4 -65 
130 118 
-68 192 
119 -140 
-75 -169 
-13 -186 
-176 -3 
97 168 
-11 -141 
-116 -20 
111 -161 
30 3 
174 83 
28 58 
188 179 
-36 -184 
-158 -76 
-95 -32 
-144 -134 
-140 -162 
34 125 
-140 -182 
163 108 
98 -103 
-88 156 
192 -166 
178 170 
31 170 
-61 96 
111 -162 
-21 -166 
127 82 
146 84 
14 75 
-157 -136 
62 -124 
125 -77 
-1 -191 
-152 153 
-74 -69 
66 -93 
-158 87 
20 -117 
-174 177 
-37 -180 
-72 -75 
177 141 
-145 -91 
119 195 
28 -32 
91 -30 
171 -76 
61 74 
156 -92 
0 -191 
26 128 
94 153 
-141 -121 
-181 -193 
-18 -61 
-130 -23 
115 155 
-130 78 
131 196 
-50 -110 
-71 -98 
186 -99 
-49 182 
-102 163 
3 189 
3 -16 
-76 183 
159 -125 
156 119 
-105 140 
191 71 
189 -133 
44 -178 
23 84 
-65 -138 
-103 197 
188 48 
106 56 
175 -133 
-151 91 
186 -18 
122 -169 
195 49 
-92 -80 
15 -74 
103 -25 
-198 -159 
119 -18 
43 -171 
-89 -151 
-22 -130 
130 -173 
30 82 
-52 110 
-134 -194 
156 153 
-102 -119 
-22 137 
45 79 
105 188 
-153 15 
100 187 
50 186 
-161 67 
16 -122 
185 -7 
140 -109 
100 -98 
-179 -103 
16 147 
124 -132 
62 122 
46 -20 
-139 -91 
-168 -137 
-108 -40 
-200 116 
-169 -65 
-39 -32 
31 -150 
37 5 
186 72 
106 127 
-121 131 
140 -136 
-93 156 
-157 19 
134 97 
-100 -128 
-162 -180 
-60 -175 
27 93 
109 3 
-165 -76 
166 82 
-155 187 
-100 -118 
171 -107 
47 -195 
-8 112 
-6 -93 
-103 -154 
148 -50 
122 -133 
-105 -75 
-37 191 
35 -189 
-94 33 
133 119 
-174 -13 
-54 62 
-183 9 
-192 -140 
-165 -77 
-91 107 
-57 -130 
-184 -179 
-117 -153 
-188 102 
-71 -22 
95 23 
-106 161 
84 -164 
197 43 
-179 -154 
179 11 
-147 106 
-17 -190 
-51 20 
-47 -88 
194 87 
33 -97 
-134 180 
-90 152 
-48 -117 
19 162 
150 -152 
164 185 
150 26 
-118 -4 
89 93 
-183 -6 
-67 -9 
-69 9 
-107 30 
104 -127 
-70 22 
50 129 
-81 45 
-35 109 
11 -77 
-163 156 
60 105 
115 -149 
61 -23 
186 -17 
-117 -37 
-111 -200 
182 -198 
-134 50 
85 -98 
-134 -35 
180 -110 
110 68 
-146 -13 
40 -79 
101 50 
-135 130 
100 161 
-164 -173 
-18 105 
-166 0 
-194 -34 
-7 72 
-103 122 
97 55 
4 -72 
-53 -197 
38 154 
-51 -176 
196 -122 
-139 -89 
-179 13 
166 -124 
89 -159 
-192 0 
-85 -35 
182 -130 
-173 -70 
-92 -171 
84 -1 
-142 63 
194 -120 
-98 61 
-109 138 
114 -6 
-195 93 
-4 101 
186 56 
-68 175 
-8 -162 
58 -89 
-128 -67 
-103 198 
153 -98 
-68 54 
75 184 
-147 97 
34 -133 
-129 6 
91 5 
-156 -2 
-183 -69 
-101 67 
-176 -12 
126 -59 
-19 44 
58 135 
116 99 
-190 168 
-173 155 
82 -104 
-10 -42 
-175 -198 
-21 -111 
-33 11 
-65 -183 
100 183 
140 -185 
194 -138 
-55 121 
-64 -193 
136 197 
159 27 
-11 128 
-19 5 
-196 130 
-118 130 
119 108 
-183 104 
-104 -93 
-103 56 
-136 -184 
-146 -121 
48 -105 
72 -101 
117 197 
144 -2 
-142 -76 
-145 180 
97 -36 
-39 3 
195 128 
-56 53 
-97 -48 
139 -23 
-34 -30 
-84 85 
-44 -76 
162 100 
-121 55 
199 -142 
-35 -169 
168 25 
-113 192 
-141 174 
-181 -31 
-166 105 
-65 176 
-170 61 
107 30 
-165 -1 
-35 -5 
-196 -48 
-115 -131 
87 133 
141 -145 
52 -100 
38 -23 
59 -50 
-29 7 
120 14 
119 143 
-83 -149 
-40 -145 
126 -57 
65 133 
149 78 
-3 50 
-163 146 
173 145 
135 -92 
90 166 
-30 -167 
-141 134 
115 162 
-162 51 
-79 88 
85 -134 
59 -18 
-39 -16 
58 156 
17 44 
-109 -188 
149 -17 
-170 183 
-200 -26 
26 107 
124 -133 
185 179 
156 -110 
19 85 
-146 44 
-138 65 
177 -88 
152 107 
-33 89 
13 153 
75 -10 
45 93 
175 186 
62 110 
33 -171 
51 -185 
-71 -51 
-129 96 
-165 -90 
-151 27 
147 -176 
-16 41 
0 169 
63 -152 
100 34 
-194 -22 
-177 101 
81 57 
-79 -163 
124 -160 
64 -154 
-119 28 
-60 39 
-163 96 
27 -128 
86 -59 
-44 21 
75 44 
140 153 
102 182 
-5 104 
-198 -122 
143 11 
2 135 
-8 -95 
-12 -96 
-164 72 
43 186 
102 66 
-104 -119 
190 -42 
-76 -6 
116 -147 
-58 -108 
-114 -119 
-75 -183 
177 -118 
175 -109 
51 -144 
120 -86 
-107 -132 
126 153 
-68 78 
26 104 
-139 -164 
-42 -105 
-56 -34 
95 28 
-145 176 
-23 -18 
-173 57 
69 -42 
-164 -112 
80 -46 
-12 -109 
-64 125 
-58 -191 
-57 -23 
-31 -177 
42 -199 
2 152 
-135 93 
163 -147 
169 -58 
31 189 
170 68 
-127 187 
-175 32 
92 109 
168 -122 
127 149 
154 170 
68 37 
105 64 
-145 -188 
-114 40 
-52 157 
-61 -71 
152 99 
84 -163 
-20 172 
149 -122 
-31 -23 
170 -15 
-73 74 
162 -191 
-40 -14 
-137 -102 
2 4 
175 156 
-163 163 
-75 -63 
80 -141 
-40 -59 
43 -88 
-184 97 
-172 -135 
-10 170 
-47 102 
100 -115 
1 -83 
-148 -38 
102 -144 
14 -186 
-145 30 
193 -109 
-115 6 
-79 -89 
-96 -5 
-37 -131 
71 189 
-91 -165 
17 89 
188 148 
-30 -3 
55 -31 
-198 17 
109 38 
122 30 
180 116 
-199 -78 
-125 -15 
58 92 
8 29 
94 -161 
-88 -35 
-95 16 
109 -25 
-183 -31 
69 46 
73 -23 
78 -21 
-157 -22 
-49 191 
100 -47 
-55 92 
191 162 
-36 -106 
-32 -108 
-57 -101 
122 -109 
-182 -94 
55 -1 
10 152 
85 48 
163 -107 
6 116 
-4 47 
16 -1 
96 185 
-7 -129 
36 -24 
161 -72 
-17 107 
155 -116 
82 175 
-79 34 
-95 79 
145 -105 
2 40 
199 -47 
54 -73 
-2 13 
-160 135 
144 -195 
172 -168 
80 189 
144 129 
159 138 
-84 -166 
173 188 
-150 -133 
-169 180 
92 -168 
-130 -79 
-182 -185 
171 147 
159 36 
-72 -173 
-122 199 
-20 -178 
107 -127 
46 -173 
-121 172 
-12 -43 
-182 -109 
12 -107 
7 -21 
-51 -133 
-194 -65 
-190 -70 
-139 -75 
-6 24 
129 184 
-17 82 
-147 44 
-30 74 
-102 -96 
61 66 
-146 -192 
-193 106 
-118 121 
-160 105 
-174 127 
-151 162 
8 -49 
130 -62 
144 -137 
90 -175 
1 159 
198 -147 
-54 -4 
-59 135 
25 39 
195 -60 
-77 -165 
108 -41 
-24 -77 
-84 -76 
60 78 
-190 24 
-119 138 
127 -135 
-97 -167 
-132 192 
-20 -187 
-169 52 
159 7 
-40 -195 
-19 14 
-162 -115 
-170 96 
-65 30 
-116 -172 
75 193 
96 -191 
-64 113 
18 53 
90 -79 
136 132 
149 8 
-84 -131 
-193 -126 
32 87 
-35 -8 
-162 46 
65 -170 
61 169 
-68 159 
79 184 
161 57 
139 -178 
-72 -18 
147 -41 
-17 -65 
123 189 
-183 90 
198 -65 
151 -37 
174 84 
-190 96 
-96 44 
13 -118 
52 20 
-61 164 
181 -160 
-140 -144 
100 -157 
-77 -124 
-91 -20 
-47 -16 
-149 100 
154 152 
-69 -5 
117 -103 
-91 -77 
172 -189 
170 -141 
-112 145 
52 42 
33 184 
87 155 
-92 -126 
-131 -57 
35 34 
-18 64 
-191 14 
14 -66 
-1 99 
-31 -67 
-69 -2 
-112 63 
-12 -180 
-75 139 
59 153 
106 -123 
176 -81 
102 134 
84 -190 
9 -199 
132 45 
162 50 
-179 -139 
44 -67 
-20 -157 
-191 60 
-78 -68 
150 143 
-84 70 
-116 164 
-105 -148 
12 149 
-22 -55 
-101 42 
58 -18 
120 -168 
-45 79 
7 24 
-4 128 
-125 96 
123 -152 
2 -31 
156 -1 
178 110 
161 -28 
162 56 
196 -87 
-118 60 
12 -73 
-31 119 
-150 73 
-108 133 
-175 192 
168 -153 
-45 -14 
174 -184 
121 73 
111 -188 
-94 1 
158 -78 
16 -59 
2 110 
94 91 
-199 129 
184 -95 
9 -119 
-19 92 
-115 46 
155 52 
91 -181 
75 22 
-176 -126 
70 -196 
-175 -171 
-136 83 
7 -75 
105 -100 
86 -178 
197 -94 
32 138 
-154 91 
172 -55 
-104 65 
101 -182 
56 -161 
68 -16 
196 167 
-15 -144 
-83 -9 
-81 129 
100 -83 
-157 149 
-155 -13 
170 35 
7 94 
-110 54 
129 -82 
-149 -192 
12 108 
85 130 
42 77 
-140 -58 
-195 -55 
-12 185 
159 -200 
108 -48 
-75 43 
-94 -151 
-107 56 
-2 -11 
-10 -166 
-16 -89 
10 49 
65 183 
-109 -124 
156 -17 
108 0 
-181 118 
33 30 
56 -192 
14 128 
163 17 
-61 -199 
110 -83 
50 -80 
141 107 
-59 -20 
-43 159 
-98 81 
146 165 
-88 -154 
41 104 
-1 -143 
171 -146 
-96 -74 
-1 166 
57 -29 
6 -143 
-186 83 
-99 -24 
102 109 
106 119 
50 -101 
-183 -198 
-101 194 
138 -151 
121 171 
23 128 
-67 -66 
-76 -196 
-141 76 
-165 -113 
-109 69 
22 -121 
125 -97 
-10 -106 
189 -179 
-155 181 
-176 60 
191 -101 
62 -59 
167 -168 
98 22 
-34 13 
192 -44 
53 -54 
86 -115 
-192 -190 
56 -76 
179 -125 
-91 -23 
-43 -112 
84 -181 
-123 28 
-11 -97 
-78 -113 
30 -132 
-156 75 
-102 18 
60 -120 
199 -197 
83 -193 
177 88 
-125 -194 
184 -24 
-143 -64 
-50 -159 
61 82 
158 -104 
-95 90 
122 6 
109 -148 
-145 39 
77 47 
-43 28 
-139 -168 
-185 65 
-43 142 
87 36 
-5 -65 
-89 183 
-96 -98 
-53 164 
60 -58 
-130 195 
-66 50 
-14 108 
195 -4 
-195 5 
-115 88 
-8 88 
-177 137 
64 -9 
98 -29 
-68 147 
-138 -175 
-130 178 
120 -60 
-186 -85 
35 157 
89 136 
157 101 
-83 -58 
118 -70 
103 135 
-108 18 
-19 122 
-53 -3 
5 44 
5 142 
127 198 
33 119 
-190 2 
118 133 
132 178 
-59 -79 
102 190 
59 -115 
-34 191 
-187 117 
92 -4 
66 79 
54 91 
106 118 
-19 -129 
-57 82 
-26 128 
180 16 
-81 -58 
151 -43 
140 -32 
82 51 
148 4 
-145 141 
-79 -149 
-15 26 
-188 -119 
1 -81 
120 70 
-4 -165 
155 40 
-193 87 
136 -34 
114 192 
-5 176 
-27 -19 
-181 42 
-85 81 
-139 177 
-4 13 
64 46 
-187 129 
-43 191 
-82 40 
68 -147 
-38 -4 
-112 114 
176 -56 
56 41 
-15 -142 
108 -66 
1 168 
142 -61 
98 -70 
91 -189 
-80 160 
117 15 
104 147 
6 -182 
137 19 
-147 -53 
-113 78 
155 149 
85 19 
-54 -153 
-24 100 
83 16 
106 25 
-100 51 
-136 123 
57 -141 
20 -65 
64 178 
78 -3 
179 -137 
-191 -101 
10 -135 
81 18 
-169 21 
-128 103 
-28 91 
134 -23 
54 -126 
-17 -60 
127 0 
24 46 
-104 -90 
135 167 
-85 -114 
64 -160 
168 -21 
-180 166 
-160 -87 
-30 63 
-6 118 
104 164 
-99 -42 
-141 90 
-67 -104 
73 81 
-191 -157 
-125 -16 
-25 142 
97 -142 
151 -116 
-19 -40 
-16 -42 
103 88 
176 84 
-24 40 
148 17 
155 145 
-86 63 
131 -136 
-81 58 
129 -61 
181 -56 
-176 42 
149 -148 
-146 -148 
70 -38 
152 -129 
149 92 
-26 -33 
-23 -188 
-140 -45 
-147 80 
-140 24 
9 111 
-111 -174 
-97 141 
-123 122 
96 89 
64 -6 
-148 194 
28 114 
71 -48 
5 -24 
92 178 
119 18 
-164 33 
-88 99 
-46 -88 
-40 -37 
162 -96 
114 59 
150 -50 
-1 58 
-105 -140 
195 115 
105 139 
179 5 
110 -53 
131 31 
39 -55 
-170 54 
154 -1 
12 -111 
53 111 
63 -137 
-45 -18 
-140 -185 
-195 -89 
21 -33 
-142 -48 
-100 -115 
-171 -16 
-76 168 
88 -35 
151 -163 
-12 -51 
-97 149 
158 124 
-24 -164 
16 -4 
-114 198 
133 69 
51 198 
168 64 
104 -37 
-117 121 
116 163 
173 14 
-199 -197 
146 132 
-44 97 
31 -119 
181 -16 
-128 64 
-146 -138 
-148 -169 
199 -131 
-87 -124 
-177 33 
7 29 
-180 155 
-164 -117 
62 -58 
171 -3 
-195 82 
-105 -170 
-167 184 
187 -115 
-2 91 
-103 194 
-28 60 
196 -58 
126 150 
-147 -39 
-80 -166 
-158 -44 
-131 48 
-197 -113 
182 180 
-158 37 
-109 -88 
136 83 
-140 -173 
169 166 
-29 -159 
6 42 
-126 -191 
146 -62 
116 -50 
-70 151 
22 82 
-52 -144 
-30 -166 
58 184 
151 87 
163 46 
-41 36 
-46 -87 
190 48 
-91 176 
-157 179 
-175 -162 
-173 6 
176 -42 
-75 -85 
-41 66 
18 55 
-6 -38 
141 -129 
117 -185 
-106 192 
193 77 
79 -170 
-131 -166 
-159 85 
-104 -82 
104 -94 
19 -23 
-165 -46 
11 134 
155 19 
146 -60 
142 -178 
-4 139 
-100 -109 
-110 142 
39 191 
194 146 
-170 -31 
98 167 
-27 115 
-46 13 
81 -134 
-37 14 
141 143 
-71 -169 
-153 147 
29 -147 
38 56 
-66 16 
136 -125 
-66 52 
-5 130 
154 -27 
168 41 
127 131 
82 -97 
112 30 
-53 114 
181 -174 
14 77 
90 -73 
149 -126 
131 -191 
84 -8 
191 -122 
156 29 
-82 186 
-165 96 
-126 -138 
189 75 
119 -30 
168 80 
55 -167 
-26 91 
137 88 
-80 -52 
-155 -174 
-4 -136 
30 -156 
29 -62 
16 -170 
123 10 
95 -180 
128 183 
60 23 
-24 93 
-177 -90 
165 -50 
199 103 
-163 -74 
125 25 
-168 -148 
144 -27 
-96 29 
127 36 
80 13 
86 162 
-42 -102 
66 -49 
123 -23 
77 140 
107 70 
87 -103 
128 -32 
122 -74 
-163 173 
91 -115 
-113 -121 
90 179 
-184 -173 
-55 -149 
-144 -55 
162 5 
-160 -85 
-72 -112 
-72 -85 
162 0 
161 3 
193 -121 
-164 -128 
81 -119 
-89 -60 
2 -176 
-100 78 
74 46 
-64 68 
1 -64 
-200 -1 
-199 -164 
-60 -53 
196 -71 
170 188 
89 -76 
-166 -102 
62 121 
20 34 
21 173 
39 43 
-60 27 
155 -69 
-78 18 
-182 -181 
165 52 
-131 -29 
55 13 
164 -121 
75 -184 
7 -143 
97 -93 
-174 -93 
-35 -4 
112 -189 
-77 174 
-45 40 
136 8 
6 103 
61 -101 
-178 -2 
-24 -183 
190 78 
122 -160 
11 33 
-85 161 
-46 4 
-174 -2 
-191 -37 
-29 100 
-81 -126 
125 -48 
122 -156 
16 -54 
62 1 
118 169 
-143 -59 
133 76 
106 133 
81 1 
49 -153 
7 -179 
33 -52 
-185 -172 
66 -94 
-117 -78 
85 -123 
0 80 
-179 151 
-147 -150 
-95 129 
74 -119 
-146 190 
9 73 
-8 -60 
-76 71 
-111 -190 
-41 135 
-198 128 
-42 60 
-90 5 
154 143 
-90 70 
141 -200 
89 -174 
175 46 
-108 -79 
91 119 
169 -180 
28 110 
185 -128 
-82 11 
174 -142 
145 50 
199 -19 
30 -104 
-88 -188 
-56 119 
94 23 
181 161 
-155 185 
38 -95 
-78 -14 
-178 -183 
-3 62 
-148 -34 
133 98 
51 -41 
-182 -195 
18 -74 
1 131 
112 -52 
-145 -75 
90 50 
-38 95 
-164 -71 
-97 -171 
148 -33 
-197 124 
-4 -172 
-199 10 
-127 82 
83 -39 
4 169 
-60 -150 
-4 105 
-151 -192 
124 -5 
-75 -178 
146 149 
1 185 
-44 123 
163 -20 
154 197 
-29 -184 
-44 -175 
76 -106 
-160 199 
49 -19 
-31 158 
172 -31 
-187 131 
32 29 
-1 -43 
52 18 
-45 54 
30 26 
-176 105 
154 -15 
103 -41 
-128 55 
50 -185 
-31 -9 
145 -118 
-92 130 
77 -55 
-125 -107 
125 -146 
-129 -194 
151 -16 
-7 48 
-45 -53 
-62 78 
170 33 
-63 -103 
59 -5 
-98 -102 
-112 -56 
67 -135 
65 -136 
-167 105 
89 60 
-72 -99 
145 -49 
61 29 
-139 -137 
-96 196 
-181 106 
68 80 
113 50 
-27 197 
19 -148 
159 62 
-100 -163 
110 14 
11 -24 
6 112 
-145 114 
-167 135 
-8 61 
146 135 
10 61 
-33 -130 
-181 17 
86 138 
-76 -104 
-123 -104 
-140 178 
-2 -178 
-129 54 
78 -57 
48 176 
137 178 
39 52 
-86 182 
137 191 
-116 78 
-51 -27 
121 39 
42 -108 
-146 20 
-51 48 
-115 -50 
-137 103 
141 -195 
-98 -13 
89 -146 
124 10 
25 -176 
-13 -146 
172 195 
-25 63 
74 81 
162 -167 
-12 141 
12 174 
76 -133 
34 123 
-193 185 
-138 111 
-36 -79 
56 -183 
-53 -109 
-194 96 
78 74 
46 86 
-199 134 
-138 -20 
189 -190 
-1 15 
-19 10 
-152 -96 
-59 7 
-40 -128 
105 78 
-184 72 
-125 -181 
33 20 
-60 -15 
-180 25 
42 -74 
-154 -8 
113 -54 
-144 174 
-94 -102 
71 -101 
-173 133 
-176 123 
95 160 
69 -46 
-194 -7 
126 186 
-42 167 
-200 -181 
1 -185 
37 -164 
-156 174 
16 -91 
139 168 
195 -191 
78 69 
-56 -171 
-95 -144 
-167 -158 
49 -10 
-127 18 
-197 33 
-174 -83 
-20 -72 
193 7 
-166 172 
108 152 
114 131 
3 -48 
90 -149 
-29 -98 
188 -11 
28 -169 
-186 18 
121 -119 
168 197 
196 134 
-61 -16 
7 -199 
-190 179 
19 130 
7 -139 
-67 53 
-107 -115 
-137 -101 
84 -115 
27 -165 
12 -15 
-117 -174 
-173 160 
192 -95 
192 16 
-103 -198 
135 -102 
-44 174 
-40 45 
135 -145 
-94 95 
-171 194 
157 198 
108 -136 
186 38 
157 -187 
53 33 
74 -25 
143 -117 
-107 17 
52 171 
-7 107 
105 -38 
-28 -136 
-28 -164 
103 -65 
-185 -189 
-90 178 
91 193 
102 -22 
182 68 
-26 120 
70 -95 
-116 -8 
-100 34 
117 132 
-131 -10 
-176 -138 
79 27 
-9 -97 
-77 -108 
100 35 
-188 42 
61 -144 
-188 -15 
-19 119 
167 -111 
-76 -160 
142 -166 
-54 -160 
-71 -2 
-41 -176 
-182 -97 
173 167 
-122 -63 
17 129 
-178 166 
-188 47 
35 139 
-199 -189 
-142 -52 
-120 -193 
101 -8 
-23 -115 
85 163 
189 -56 
-119 72 
-102 99 
3 42 
-80 -181 
107 -132 
-90 111 
-179 -26 
-177 -67 
190 178 
-26 105 
-86 -12 
-164 28 
96 -110 
-53 119 
16 44 
-12 194 
87 111 
-192 -20 
-146 95 
179 -130 
199 -172 
-133 -33 
92 -123 
141 37 
-73 -16 
-158 -197 
136 -39 
72 195 
-144 -3 
175 -137 
-123 -122 
-60 3 
-84 -120 
113 -52 
181 -139 
-189 148 
-99 29 
169 87 
180 47 
-126 86 
-34 123 
143 46 
-148 -20 
68 -181 
-31 10 
-1 133 
-135 -120 
175 -51 
-120 8 
167 -39 
-16 124 
30 -177 
186 -30 
107 111 
151 -13 
21 -53 
-65 -88 
-114 83 
-127 -111 
130 -143 
15 -151 
21 163 
-184 17 
75 192 
170 -90 
-105 182 
-169 67 
-31 -153 
14 -176 
-29 -10 
-90 -107 
189 -128 
-149 118 
-27 -191 
10 131 
-22 -136 
123 -199 
-103 23 
90 194 
19 48 
-10 78 
-53 7 
-28 -77 
114 -108 
185 180 
-175 117 
-150 159 
-139 -29 
-102 -47 
-95 52 
101 -134 
-150 -144 
36 127 
132 81 
-99 121 
-133 -12 
-37 51 
-123 -121 
36 34 
28 161 
-194 -21 
60 54 
100 -108 
22 93 
-48 32 
-160 -84 
-197 103 
116 178 
19 -69 
71 -195 
-20 -49 
-38 138 
-44 23 
-23 152 
-175 -14 
-196 -126 
65 -117 
64 152 
-80 -187 
-100 -63 
-96 67 
134 5 
-36 9 
-129 139 
21 54 
96 122 
81 123 
-144 -17 
-58 90 
-141 196 
-136 -111 
155 -4 
-133 55 
-74 118 
-121 -91 
51 147 
-67 -150 
-197 71 
-10 189 
-30 126 
85 33 
191 -193 
-8 -45 
-40 188 
-125 -80 
171 197 
-135 91 
-61 83 
-168 61 
177 144 
-53 133 
142 41 
185 144 
-141 -171 
-95 -96 
86 58 
-128 -126 
-180 140 
-87 181 
58 168 
188 -5 
192 157 
144 -147 
-56 -159 
28 21 
-153 16 
174 180 
90 -197 
-58 -121 
30 189 
-48 57 
-181 -175 
91 196 
-166 83 
-12 -72 
196 18 
-7 -30 
-176 -36 
-23 -179 
-70 -176 
198 73 
-81 -184 
-34 110 
-56 -111 
-167 -77 
66 72 
-126 186 
191 -103 
65 -105 
150 165 
-25 -74 
165 173 
41 -160 
-92 -67 
14 -140 
-189 -127 
-63 -89 
10 154 
108 -22 
-40 57 
-199 -109 
-92 30 
-47 36 
-12 -33 
-191 -78 
199 61 
162 109 
78 -33 
-19 155 
45 -164 
147 -115 
37 8 
-70 -38 
144 -44 
-192 -75 
-55 9 
60 -155 
71 101 
-129 133 
-33 194 
14 190 
-131 -75 
32 -42 
-164 -15 
76 192 
-67 -24 
-41 -151 
-75 -110 
-63 -138 
79 -196 
147 -163 
94 174 
60 -26 
86 -4 
176 -153 
120 -95 
151 106 
-171 -184 
-176 172 
113 89 
41 29 
14 -144 
94 179 
-94 156 
79 86 
33 -165 
20 -58 
-57 -103 
-199 -151 
121 -26 
118 55 
74 111 
156 -60 
-34 39 
-6 0 
37 74 
-153 58 
190 -44 
117 -100 
-122 -193 
192 -184 
145 -109 
-34 -176 
85 28 
179 -25 
150 -140 
45 96 
-156 -16 
10 62 
56 198 
82 186 
-189 80 
176 -33 
-99 -140 
137 63 
-142 -157 
54 165 
-44 16 
140 135 
165 -93 
158 -45 
-21 47 
-132 -176 
53 92 
-199 25 
-140 36 
170 66 
-183 -17 
123 115 
-62 -42 
-134 32 
-170 144 
-83 152 
-98 122 
-193 -164 
134 186 
193 6 
-65 -4 
88 140 
-68 194 
-95 -165 
193 11 
-127 -117 
174 170 
29 163 
-196 -7 
-198 -21 
-66 -69 
117 -20 
-144 -190 
-173 168 
-178 -112 
182 31 
-52 -122 
-109 23 
-87 10 
182 -197 
9 -186 
15 126 
-41 -93 
-114 -13 
130 191 
47 82 
-192 -82 
73 118 
-95 -12 
-116 -139 
-151 85 
68 -142 
5 -51 
118 81 
-104 -133 
83 89 
-3 -68 
-44 -41 
94 112 
101 -63 
-127 -86 
76 23 
-3 -40 
162 -37 
-182 -140 
-119 96 
-131 -93 
44 -44 
92 -126 
13 -190 
-119 -48 
-1 -66 
110 199 
-63 150 
103 146 
-200 158 
-68 -124 
-153 -55 
-74 94 
-181 -16 
-26 93 
47 -63 
184 -102 
-50 -74 
-59 21 
-87 -104 
51 0 
198 -34 
-79 -50 
184 -162 
-106 8 
97 113 
34 -63 
82 -18 
7 -192 
17 -147 
-144 31 
-69 163 
-160 -1 
24 -76 
-159 26 
196 -115 
85 -167 
-199 -200 
-92 160 
137 195 
70 -111 
166 -65 
-55 161 
-183 -16 
-194 -30 
156 -82 
-146 -78 
-62 150 
-107 -149 
-159 -79 
137 0 
60 -188 
-34 -51 
-189 -117 
69 -181 
-140 -93 
-138 170 
-12 -159 
121 -126 
174 82 
76 22 
-80 121 
71 88 
64 -33 
11 39 
86 90 
-21 -45 
-106 -35 
-85 101 
-78 145 
38 -101 
194 196 
85 -59 
-77 -21 
41 -103 
-64 -127 
110 -189 
83 129 
-81 -31 
-177 153 
32 178 
148 122 
38 -80 
-87 -96 
61 -59 
30 -187 
-180 62 
188 184 
-30 -143 
112 -187 
-154 -86 
-183 82 
130 176 
172 -26 
113 -104 
-168 100 
-132 46 
56 -121 
189 -158 
-117 -73 
48 -19 
22 84 
-107 183 
-85 -96 
148 153 
-67 -46 
-185 -50 
182 -62 
151 18 
-74 13 
154 -88 
35 130 
73 -77 
135 134 
-19 129 
100 178 
-3 -156 
-130 -54 
79 -199 
-113 -197 
-195 -20 
-158 -90 
-38 -128 
199 50 
-43 -60 
-38 90 
140 -171 
123 42 
-15 62 
193 -177 
-72 118 
-46 -193 
141 194 
33 46 
-121 68 
-78 43 
43 -57 
180 83 
-157 97 
-198 -10 
83 -12 
-167 84 
160 -132 
-22 -133 
-44 -190 
23 -2 
175 180 
121 -120 
-187 101 
177 -112 
77 146 
45 -7 
-170 -35 
-142 137 
-159 120 
-115 -186 
101 -98 
123 37 
-144 -196 
138 132 
-200 107 
73 114 
133 58 
-31 4 
117 73 
-42 -54 
182 42 
-112 -83 
-123 -130 
-131 -33 
-163 -85 
-176 34 
42 179 
124 -119 
52 -187 
28 -30 
-137 -111 
82 19 
139 -86 
164 -22 
-147 108 
-182 -27 
-57 110 
26 10 
79 186 
-5 -168 
-7 -175 
-176 -185 
-111 137 
32 -60 
98 -174 
1 91 
188 -116 
189 148 
-198 75 
-131 137 
115 148 
-180 54 
121 183 
93 -70 
147 -172 
65 -100 
90 150 
-46 -17 
153 -172 
133 -163 
19 69 
45 99 
143 167 
-142 145 
168 -168 
115 165 
-93 -160 
159 -46 
113 -188 
143 150 
166 140 
-185 -101 
13 -175 
173 -151 
-137 -171 
-92 -93 
-175 -31 
-61 -11 
2 -104 
93 -11 
55 -48 
-34 -32 
-22 67 
-76 75 
177 -109 
23 -148 
-28 -114 
-73 104 
113 44 
-135 20 
172 113 
199 152 
105 -45 
46 132 
5 62 
-181 57 
47 77 
120 -111 
40 -36 
189 5 
-52 -171 
185 -72 
191 -121 
193 -30 
25 -52 
-60 118 
-199 -65 
-171 86 
-76 -138 
-92 138 
-132 19 
-137 -196 
167 -14 
-100 40 
99 131 
25 83 
165 -98 
-126 96 
-146 -87 
-37 -20 
42 -189 
-195 51 
81 65 
-90 -17 
14 -109 
6 2 
106 1 
-107 171 
11 -31 
-200 -43 
83 -122 
-198 -93 
184 29 
85 -141 
172 -166 
66 6 
109 -61 
16 -95 
66 -163 
-98 -93 
183 67 
-62 161 
-150 96 
-127 -91 
57 32 
199 183 
-59 -70 
-143 -198 
-172 -65 
125 50 
-180 160 
-91 -83 
127 -64 
132 33 
-131 -126 
-79 -58 
18 -139 
100 4 
52 195 
-18 49 
-11 69 
126 -39 
70 -155 
-159 -136 
-113 106 
37 170 
15 -149 
198 70 
69 70 
7 39 
-141 -124 
148 143 
-48 153 
-131 55 
-154 92 
5 106 
44 -172 
-110 -37 
90 -8 
-134 161 
160 15 
54 -100 
-34 53 
148 -195 
158 128 
-60 152 
187 -48 
151 197 
-163 125 
79 98 
128 63 
4 -162 
-144 176 
186 -32 
59 -29 
-89 154 
123 -108 
-44 -51 
116 -197 
158 -79 
158 10 
99 167 
-164 -4 
-8 -175 
-44 127 
-139 54 
57 122 
91 183 
115 -22 
-20 22 
-144 130 
161 93 
-151 -31 
75 -59 
-109 93 
-56 -91 
-114 -183 
-35 124 
-119 48 
127 191 
3 -43 
45 95 
-131 2 
-129 41 
-101 -14 
-3 148 
-20 -135 
53 152 
-183 166 
-21 -100 
-47 -134 
-25 -26 
-54 117 
39 72 
88 71 
63 13 
-50 -11 
86 -70 
-174 -152 
-45 -163 
-8 10 
-57 149 
-86 67 
187 -41 
-73 24 
47 -144 
184 -144 
-18 153 
-47 -27 
154 42 
-10 -84 
-200 -193 
-87 128 
-115 34 
-125 76 
-62 -161 
138 6 
124 194 
193 -11 
-150 -115 
-153 -169 
64 105 
-123 -108 
150 109 
-61 45 
-150 47 
-192 2 
-137 -122 
-151 -32 
19 7 
22 8 
-63 42 
26 146 
47 124 
108 -98 
-89 120 
-85 -5 
-138 44 
-73 -101 
16 -125 
113 -11 
-172 43 
-101 184 
78 -41 
92 -193 
43 -174 
-127 -8 
6 110 
-172 -187 
182 -6 
52 33 
-155 -158 
-88 129 
-171 172 
-131 -70 
-111 78 
0 21 
0 -183 
16 -110 
32 137 
5 101 
36 114 
122 -65 
-174 169 
60 186 
-56 -75 
180 -46 
-18 31 
-171 -106 
-131 -62 
68 -34 
-132 -128 
130 -102 
84 164 
-35 88 
-162 93 
103 -15 
161 -143 
168 -106 
84 -14 
44 116 
-53 160 
71 196 
192 106 
-47 -58 
-72 78 
-92 -169 
63 97 
188 -82 
24 35 
-92 -44 
-162 -26 
-188 -116 
-84 55 
60 194 
-135 -154 
-164 -24 
17 -182 
75 151 
37 -23 
-175 -129 
93 36 
133 106 
-136 -193 
98 -191 
38 -83 
-112 -61 
60 181 
-152 -90 
37 137 
158 95 
-179 -176 
35 77 
13 -30 
-103 -54 
196 -2 
179 -106 
-146 -63 
-77 165 
-112 -143 
-56 -172 
86 106 
138 -146 
25 -4 
9 -155 
164 -72 
82 87 
34 198 
-196 -13 
109 -95 
4 157 
-76 196 
11 129 
-43 -139 
-165 45 
189 -55 
53 177 
-25 -43 
38 -107 
-155 129 
-193 -106 
169 -47 
-23 -83 
-57 94 
178 187 
37 -45 
-63 185 
-186 85 
42 -80 
-63 133 
112 -69 
165 195 
114 -183 
-103 -116 
-181 -111 
-1 -171 
146 112 
140 -79 
-68 2 
-67 111 
-144 -192 
-153 -63 
45 37 
51 93 
-134 95 
87 -18 
-89 68 
-115 -24 
-144 -45 
153 82 
180 197 
66 -162 
-150 10 
-7 -42 
153 32 
124 -155 
21 -180 
-45 134 
-135 -43 
33 121 
58 74 
21 -105 
-116 170 
11 57 
-54 -125 
118 -174 
3 -113 
170 -91 
89 31 
75 -152 
178 68 
-134 164 
72 88 
164 -154 
-78 -183 
61 178 
38 -7 
137 -123 
68 -140 
-49 -44 
-65 -82 
-130 100 
24 199 
178 79 
50 110 
2 -47 
-22 44 
-1 9 
-79 66 
-34 120 
-10 104 
-69 -34 
86 67 
174 -30 
-192 164 
155 -197 
-115 135 
1 -69 
122 184 
-124 68 
63 -112 
13 -3 
0 -167 
20 -153 
34 -115 
-4 -19 
119 -51 
83 29 
86 68 
5 36 
86 -99 
22 37 
125 -185 
50 -53 
-93 25 
-148 18 
47 -48 
-90 -134 
6 -166 
92 84 
-103 10 
57 -9 
29 -196 
-143 -71 
-149 170 
163 -6 
55 -114 
34 78 
137 67 
-189 29 
120 -81 
-122 -35 
90 124 
-123 106 
61 112 
-126 10 
-120 -40 
-105 -122 
152 -29 
14 -40 
-20 195 
21 137 
-19 -200 
-22 -140 
-121 36 
-154 175 
149 129 
45 123 
39 -171 
165 142 
-31 -79 
150 -198 
187 58 
-128 -106 
-186 -184 
-44 -154 
110 -60 
-122 -39 
133 66 
143 50 
-177 -167 
45 -188 
-80 2 
186 14 
19 -119 
-142 25 
-84 -53 
124 -141 
101 -137 
-146 19 
14 55 
-65 -24 
-100 69 
-168 -13 
160 -7 
-169 188 
162 -113 
-25 -144 
137 -133 
-107 151 
150 164 
194 -117 
55 -134 
-118 169 
-61 196 
101 157 
69 192 
-15 -154 
1 93 
-193 151 
137 -150 
-32 37 
122 -114 
109 -125 
38 -72 
-192 -4 
137 174 
-158 44 
3 -85 
-178 173 
-109 133 
63 -85 
-36 -33 
188 -71 
134 159 
179 -160 
-162 -160 
115 171 
142 -18 
-14 -156 
-127 100 
0 -156 
-151 176 
122 76 
-43 104 
-31 133 
-128 -152 
103 -133 
16 199 
-68 -17 
-112 -120 
75 124 
-164 174 
110 -158 
74 99 
-40 -194 
-91 -3 
-44 -160 
180 151 
73 -72 
181 69 
124 133 
-149 -84 
28 -172 
-148 86 
76 -103 
-103 -115 
-115 -45 
174 54 
-2 167 
101 172 
-139 110 
-112 -156 
-73 185 
-54 78 
-48 38 
61 -89 
-161 -101 
73 -155 
-84 -38 
64 155 
-195 -36 
-90 191 
91 81 
58 163 
57 -184 
-158 55 
5 -177 
-142 0 
154 -154 
-170 -49 
-176 171 
198 -151 
143 -198 
147 -70 
132 67 
145 -133 
-190 159 
32 -200 
-23 156 
114 -98 
-48 -132 
135 -54 
-73 -110 
-130 156 
34 54 
93 -155 
-150 -72 
-11 -69 
99 80 
-28 197 
-131 140 
111 -47 
-10 108 
-33 -164 
-167 96 
62 -137 
44 51 
36 44 
-85 168 
-179 147 
146 -166 
104 99 
-56 -186 
6 -5 
-145 69 
187 130 
183 -79 
-176 39 
-25 111 
95 -114 
-142 -177 
-91 -132 
-16 51 
-178 -150 
-180 18 
156 107 
7 -175 
-106 -180 
-195 -127 
76 77 
-196 51 
102 28 
-98 -119 
49 -163 
55 72 
43 136 
57 98 
102 -120 
-78 -86 
131 107 
50 35 
130 -194 
-98 -88 
126 -92 
-63 -26 
-181 -70 
195 -193 
-24 181 
-37 133 
-141 138 
59 100 
132 139 
168 -147 
63 158 
9 92 
-19 -23 
25 -78 
181 -48 
161 53 
-17 -10 
87 124 
-155 -162 
59 -130 
20 -73 
160 191 
-173 -49 
-56 77 
118 -19 
55 -50 
126 164 
-28 195 
-107 -25 
109 89 
-159 -127 
44 -30 
126 -50 
111 151 
-152 151 
37 25 
166 100 
-19 -81 
72 -41 
170 54 
141 38 
-38 -76 
-96 -22 
-88 131 
-163 122 
-115 -118 
-21 150 
43 34 
-156 93 
123 3 
70 160 
-164 -89 
-90 46 
-172 -181 
138 -66 
-104 175 
166 80 
36 -148 
121 -54 
192 19 
121 113 
111 -59 
-127 36 
-144 37 
-32 -139 
-64 164 
59 73 
-101 -86 
-112 132 
-15 194 
-76 -135 
-57 -176 
-38 67 
115 -127 
-46 -30 
163 155 
90 180 
-130 192 
-120 -60 
-158 167 
-17 -93 
-57 135 
-22 112 
47 166 
195 183 
-107 -175 
128 175 
-34 16 
35 39 
122 130 
41 166 
-39 144 
5 100 
65 59 
50 -110 
-9 46 
-168 -90 
118 -31 
-28 -85 
67 129 
3 157 
-107 178 
-185 -85 
-193 174 
-198 74 
164 -196 
113 -151 
-117 -105 
-157 65 
-92 -166 
96 2 
-170 -3 
-1 73 
-125 -67 
133 177 
-107 -173 
-62 1 
198 12 
15 22 
-181 96 
-135 62 
-136 70 
-11 -175 
-70 14 
85 40 
135 -87 
-184 65 
132 -66 
-115 -130 
24 -133 
-69 102 
-196 -31 
92 -128 
-30 -32 
104 10 
-119 -114 
168 -87 
182 -164 
78 177 
-175 -50 
-71 -155 
105 180 
1 -105 
-82 -190 
195 -3 
-45 61 
159 -101 
118 161 
33 -124 
35 -22 
-108 -49 
-19 183 
-74 -144 
-137 183 
64 182 
58 12 
-111 -155 
83 120 
37 -122 
97 104 
-129 -67 
155 -138 
145 -190 
181 -161 
-121 -9 
150 81 
21 107 
-146 -159 
173 -149 
-132 -173 
103 121 
156 108 
189 97 
-71 80 
43 165 
-183 -160 
21 29 
186 75 
102 166 
-186 132 
166 -95 
71 194 
148 -172 
-173 199 
163 -89 
157 -62 
166 -119 
5 -149 
-89 -165 
112 27 
86 -32 
-27 96 
50 -7 
53 148 
63 -97 
138 165 
-107 -68 
-126 -35 
189 -195 
125 37 
-150 18 
-175 -179 
-164 102 
-63 -112 
56 -154 
-161 -10 
95 65 
42 -97 
134 -97 
-114 -81 
21 49 
-175 113 
115 74 
198 -180 
135 146 
8 -12 
-47 175 
78 -101 
176 -163 
78 -93 
78 162 
49 141 
-130 -112 
-179 -146 
-60 -122 
-138 77 
-88 31 
-1 -122 
142 184 
-28 -96 
-183 -33 
68 118 
-177 -129 
22 50 
-162 80 
-25 48 
62 -163 
-77 119 
186 -126 
28 -122 
-114 12 
-87 96 
-139 -9 
-141 -25 
-59 -136 
107 -186 
56 168 
-91 -180 
79 160 
87 -69 
-80 69 
-181 77 
173 -54 
168 -113 
32 23 
-101 152 
-112 -180 
-83 88 
29 -45 
89 -7 
-113 -51 
-53 -180 
133 170 
-84 20 
172 106 
-178 184 
-59 -15 
54 -46 
-112 29 
178 161 
-53 -138 
-182 137 
43 -68 
-9 -16 
78 125 
129 -36 
52 41 
-76 3 
170 59 
-115 130 
85 -70 
141 32 
-102 -116 
-196 175 
33 29 
20 -167 
-172 58 
98 82 
-103 -34 
25 49 
-54 55 
68 -135 
-149 -156 
-97 111 
-106 199 
142 11 
164 -13 
126 -84 
68 131 
32 125 
76 -158 
-172 69 
110 -199 
-97 -26 
-175 55 
-16 99 
124 -72 
-196 100 
162 -11 
-33 116 
-43 -65 
-39 -17 
15 -30 
-28 63 
-117 -94 
-148 10 
151 66 
-99 -17 
102 73 
110 76 
49 112 
-13 -180 
41 -5 
-158 56 
-136 -189 
138 -48 
-152 37 
-90 150 
48 -160 
50 86 
133 187 
-184 -44 
-91 97 
17 -11 
159 -102 
-167 81 
-15 180 
-124 -197 
18 78 
-196 -153 
-182 -31 
111 86 
-43 -19 
-91 31 
-59 60 
-112 -8 
-171 -94 
78 20 
-39 -191 
13 -43 
173 102 
-54 -145 
-175 3 
17 -82 
-11 142 
75 17 
-11 38 
97 44 
-61 -151 
48 -24 
-170 70 
-56 -129 
-198 61 
-101 -77 
-197 164 
-60 5 
81 -177 
52 -118 
109 -120 
152 140 
-195 -11 
-64 74 
-183 0 
-153 -108 
129 -148 
-79 -173 
57 -78 
-22 199 
-40 -22 
-147 -104 
-3 39 
178 107 
-143 -110 
-141 177 
75 195 
-194 -52 
-153 52 
-11 14 
170 183 
3 -170 
-131 59 
-181 37 
-13 -132 
166 107 
140 -39 
-89 -84 
-24 110 
-83 137 
13 172 
-10 8 
104 -83 
-111 -67 
-29 -3 
-70 -164 
145 130 
-44 138 
100 -62 
165 -200 
60 115 
22 -112 
-75 53 
-197 -62 
-187 -50 
0 -126 
-32 4 
104 -22 
77 50 
-106 54 
-27 53 
139 -40 
171 30 
-157 23 
-60 129 
-102 -106 
159 -113 
-139 42 
-30 30 
-129 -76 
-109 -63 
-82 -39 
-151 2 
59 -87 
143 53 
-145 -74 
73 -8 
20 -27 
-172 16 
-120 -179 
15 183 
134 135 
-134 -168 
-41 -78 
-116 -40 
-7 190 
-188 2 
-7 137 
-183 -56 
-103 -35 
-1 -103 
-53 -78 
168 -111 
-41 -124 
110 136 
-116 5 
87 -29 
-15 166 
56 21 
56 -157 
-104 107 
179 148 
-20 84 
-169 -175 
-122 138 
-182 53 
180 155 
-155 -74 
141 -115 
176 89 
95 -58 
166 113 
-85 78 
-13 -145 
75 -45 
-131 -160 
79 -123 
39 60 
-110 139 
-143 -95 
101 100 
11 30 
81 141 
103 -101 
-90 -181 
181 -129 
134 53 
-180 -146 
-196 -68 
197 -60 
165 5 
110 -155 
181 -91 
-176 47 
-162 128 
131 115 
-93 80 
178 -135 
-118 72 
-56 34 
-178 133 
79 0 
-43 -20 
-149 12 
-6 -104 
51 71 
-2 -47 
197 -192 
-26 84 
-179 142 
-137 25 
-23 72 
-77 113 
191 78 
-101 -136 
106 71 
-68 53 
127 3 
-27 -129 
-78 -1 
-50 31 
0 -75 
-66 -122 
-11 143 
-93 188 
151 62 
103 74 
-29 -91 
-140 63 
60 -139 
158 3 
8 141 
13 -44 
-50 -5 
172 121 
26 91 
-176 -112 
-109 47 
-53 57 
132 -119 
-111 -81 
152 -70 
12 -149 
-185 188 
154 131 
90 -100 
54 -43 
-94 -152 
-164 -179 
-86 -191 
-117 -197 
-177 -154 
-167 -41 
96 -128 
146 156 
103 -139 
-127 -11 
-124 -181 
-76 198 
175 198 
-74 184 
-83 -50 
-116 -148 
-156 -1 
188 114 
103 -84 
109 -92 
-12 -174 
175 193 
45 -2 
-136 -90 
-147 -108 
-102 -101 
37 192 
-165 -6 
110 -121 
89 -125 
109 141 
134 57 
55 -108 
103 182 
-40 -147 
-181 -37 
-61 19 
-130 56 
-172 -92 
-86 163 
-9 33 
82 -32 
120 165 
-58 104 
-133 -35 
149 -33 
36 -106 
-165 164 
70 -59 
-139 -21 
-124 55 
-40 -178 
144 138 
-7 182 
84 -17 
-87 -82 
-72 -196 
-183 -48 
-181 76 
-89 29 
-105 -78 
-2 -102 
-78 168 
-65 146 
11 119 
-141 68 
-82 160 
-14 -18 
166 -87 
-135 -163 
-177 -112 
25 182 
182 26 
175 54 
166 58 
-53 -25 
131 -35 
-16 -164 
82 -39 
-196 58 
-94 53 
47 -41 
-8 190 
-85 54 
126 100 
161 188 
47 -115 
-169 -19 
-58 -49 
-82 132 
184 -134 
85 -42 
-54 -186 
-74 -133 
128 -175 
-44 -118 
-161 -3 
-182 -55 
-110 176 
-155 -114 
-34 91 
-115 -79 
-81 97 
-152 -30 
-33 196 
199 -62 
2 172 
139 95 
-189 -4 
-182 -17 
9 -69 
128 -147 
-6 -67 
198 -70 
174 141 
-109 -53 
71 -56 
-163 -145 
43 -59 
38 -28 
-167 -182 
-54 82 
-111 53 
-67 62 
-164 -113 
91 28 
48 -77 
-53 163 
-107 -109 
57 -36 
-86 -79 
-17 152 
-124 -38 
-151 -177 
153 44 
-154 195 
-155 -169 
-45 -121 
2 -118 
-36 -10 
-187 -196 
179 175 
113 155 
155 33 
59 -114 
-48 102 
175 135 
73 -167 
-41 79 
-175 27 
83 -143 
30 170 
-193 -171 
150 -160 
-149 -151 
-37 -176 
110 -5 
8 -187 
-16 -133 
92 -100 
-200 -25 
70 73 
43 -28 
22 120 
63 -74 
-111 -109 
-123 169 
-76 96 
17 63 
58 -140 
-161 168 
163 -183 
56 -186 
18 -77 
23 63 
54 61 
140 -51 
2 -70 
113 -92 
-51 -199 
-48 12 
-161 -131 
-40 -199 
24 151 
1 -173 
-187 -8 
-107 147 
91 174 
-79 -169 
-157 178 
-196 -107 
76 -61 
-189 -126 
-97 31 
181 -7 
46 110 
-178 -16 
-193 101 
-45 -11 
100 114 
-118 163 
-171 -108 
181 191 
171 -104 
155 2 
-5 68 
-45 70 
110 -18 
61 -115 
109 13 
137 41 
136 -133 
-77 6 
124 102 
-63 199 
125 -200 
-80 151 
-90 105 
187 -16 
-8 40 
-190 -104 
-58 -94 
98 53 
162 144 
-70 15 
50 18 
-15 -22 
-102 -1 
196 68 
55 62 
-29 46 
76 -150 
-35 39 
95 -197 
-193 98 
-179 -161 
54 51 
122 53 
120 -89 
-161 176 
2 22 
170 130 
-14 146 
-147 118 
197 72 
96 161 
-57 22 
-23 199 
110 -19 
173 -103 
-96 195 
-12 -61 
-130 -87 
-53 -1 
108 192 
-40 72 
185 124 
195 -116 
-109 183 
-23 -73 
-175 -79 
86 -31 
29 1 
74 -140 
-109 -197 
143 -108 
20 -15 
100 77 
20 109 
7 -84 
-13 59 
111 -98 
112 -21 
-132 -103 
-50 75 
139 -99 
-149 23 
-170 -191 
105 -70 
-132 150 
-20 14 
-32 -109 
-182 109 
-77 -81 
-67 60 
62 -151 
-170 184 
6 160 
10 189 
-23 103 
124 112 
2 -113 
191 -40 
-186 -24 
72 -192 
189 -105 
-2 57 
-183 183 
-124 93 
35 121 
40 81 
137 -179 
154 48 
38 -25 
-41 -42 
87 -192 
-32 -95 
-76 -175 
-4 -185 
111 -60 
-74 -156 
57 -14 
-178 -95 
44 5 
119 -60 
107 151 
170 -43 
-2 -107 
183 0 
14 100 
-101 60 
149 43 
82 -173 
-158 -12 
40 -11 
-155 34 
-68 -192 
-169 185 
-33 27 
109 56 
83 -99 
25 -63 
-130 127 
110 -78 
144 70 
147 149 
196 -118 
171 -36 
67 -108 
182 25 
107 117 
-78 -165 
-17 198 
-14 13 
189 -170 
144 193 
-106 -150 
-10 -200 
-64 -162 
18 -136 
-162 -131 
183 43 
-199 -70 
31 -96 
125 -117 
-66 100 
-184 7 
9 69 
89 -168 
62 198 
114 -88 
127 42 
-31 -80 
29 -127 
-132 -169 
142 138 
82 -153 
107 71 
-122 69 
25 133 
86 20 
-9 -99 
-50 -176 
-51 5 
107 -101 
-81 13 
-124 161 
179 95 
139 -102 
60 86 
-105 -181 
-110 -169 
-68 197 
-35 94 
-141 32 
122 71 
-2 74 
23 187 
-118 -19 
113 -193 
62 127 
160 -48 
-155 -168 
-135 -108 
-168 31 
50 -107 
-138 152 
-169 -151 
145 -7 
184 -64 
152 188 
-136 76 
-10 -144 
34 116 
81 -156 
-97 -190 
-184 32 
-105 -143 
-75 69 
-52 -39 
-121 -199 
12 -6 
135 -76 
-114 160 
14 -192 
88 142 
-7 -27 
123 -66 
29 75 
126 -113 
104 197 
51 -71 
6 -104 
192 114 
41 -116 
49 -64 
-3 31 
16 -162 
17 -85 
188 60 
-125 24 
-166 147 
-71 2 
119 -121 
18 176 
68 -26 
62 -104 
78 111 
164 -26 
76 170 
179 33 
-31 -104 
-77 -129 
-75 136 
117 -178 
-177 73 
-29 145 
-169 -73 
0 -107 
-77 94 
35 -67 
12 -171 
94 128 
135 -154 
44 -160 
-161 -70 
-70 -160 
20 92 
-148 32 
-15 69 
-172 45 
163 83 
-88 197 
-3 88 
52 43 
-21 -51 
-14 26 
-64 11 
-143 -5 
141 -171 
136 30 
-40 148 
112 160 
82 111 
72 -185 
98 63 
49 -138 
190 3 
-48 72 
-44 135 
66 -145 
-187 -38 
-2 -154 
-20 70 
-23 4 
39 -26 
135 -193 
122 -77 
148 159 
-60 138 
-102 -124 
105 -82 
108 -91 
-128 17 
-147 142 
12 -61 
-76 -29 
-144 182 
67 95 
108 163 
195 133 
26 174 
-158 23 
61 -136 
-95 -40 
30 157 
-22 -43 
-5 55 
-133 89 
193 156 
57 -80 
72 -56 
-170 -182 
67 -139 
111 166 
-3 166 
-29 -1 
-190 10 
-89 -94 
-125 27 
33 -139 
-18 148 
-166 142 
-74 -151 
-65 -125 
-62 -1 
-9 -109 
-175 -99 
-44 177 
-148 197 
132 -13 
74 166 
76 -80 
-91 -79 
81 32 
-36 141 
162 125 
66 142 
-85 -109 
-126 185 
121 -134 
23 34 
60 -22 
163 158 
-150 194 
-116 90 
-36 1 
-88 -138 
39 199 
-13 73 
97 -105 
132 174 
-56 167 
-143 98 
43 96 
-143 118 
-151 -68 
-104 170 
136 -155 
149 -76 
162 -40 
-117 31 
-32 189 
115 78 
-175 177 
-68 70 
171 172 
68 -31 
-89 -162 
-16 -61 
-68 190 
-11 -60 
13 -154 
3 196 
98 -53 
149 13 
-52 151 
189 -167 
-144 190 
34 30 
-21 -109 
-21 -60 
-24 -32 
-88 90 
-10 148 
-167 85 
167 -196 
27 71 
-69 33 
66 50 
-61 -166 
-106 -44 
-193 -98 
38 190 
36 15 
-163 66 
165 -80 
-45 -152 
-151 136 
191 34 
-52 179 
20 -198 
159 -92 
-77 -25 
-195 -50 
23 -84 
106 -143 
97 -79 
150 138 
26 157 
61 79 
-36 -60 
18 -5 
-19 97 
111 82 
75 122 
-183 -112 
191 9 
-160 -83 
-15 -27 
-28 -147 
-170 89 
-60 8 
-79 -124 
-195 71 
189 -24 
110 60 
182 114 
17 102 
-54 -111 
-175 -45 
-34 155 
-55 -192 
126 -95 
38 1 
-114 -3 
68 -69 
176 -184 
130 178 
-185 152 
62 179 
133 188 
73 151 
89 -111 
-177 198 
36 119 
-34 44 
151 -126 
-3 -90 
-43 77 
143 -75 
118 120 
-81 106 
47 144 
82 -70 
45 -181 
-122 135 
-79 171 
-150 -165 
-18 144 
39 -70 
52 55 
-65 -21 
165 130 
-145 -116 
197 24 
128 -103 
-91 120 
-108 -35 
-195 120 
91 -95 
-19 133 
153 30 
194 -196 
-176 -145 
5 83 
12 -140 
-101 -106 
35 70 
-78 2 
-1 3 
169 24 
-175 2 
-151 103 
-100 -101 
151 89 
2 -196 
-86 148 
-134 -26 
25 -164 
-140 -13 
-30 128 
-27 -162 
-141 43 
-128 -3 
81 54 
196 -198 
-93 45 
21 8 
80 -77 
-13 -94 
101 1 
195 -1 
-2 32 
-106 -168 
157 111 
-135 -44 
-138 110 
70 -9 
40 -176 
140 -199 
-159 136 
133 134 
-181 -107 
-156 50 
126 56 
-69 -59 
-13 -197 
-176 -58 
144 -109 
-67 -155 
173 34 
-59 27 
18 3 
-179 182 
26 -68 
-144 -143 
150 102 
82 -189 
-131 39 
-170 141 
-82 146 
-6 170 
29 93 
-194 -69 
44 -148 
148 190 
-103 13 
59 148 
54 -26 
-11 -110 
-175 94 
118 -30 
60 -70 
181 33 
-70 162 
-139 103 
-147 166 
-135 -187 
74 35 
45 -115 
-60 128 
165 101 
11 -129 
-46 -95 
70 -146 
168 -117 
-30 -70 
89 -96 
-136 7 
67 65 
-93 -37 
-95 -119 
-53 -82 
-103 83 
65 -24 
116 65 
-95 -149 
-200 -62 
-89 47 
-1 28 
10 185 
-70 -104 
-60 -75 
-16 -49 
189 76 
-158 7 
-106 -123 
161 186 
159 107 
-102 -56 
27 75 
196 140 
-107 33 
124 45 
-127 -78 
-152 -77 
-62 -172 
-85 -113 
-181 -171 
-165 -190 
-15 -153 
169 125 
29 -200 
-151 84 
180 193 
-30 -83 
146 116 
-5 -172 
-81 -77 
-75 -58 
169 -22 
-16 -51 
-135 -87 
53 -62 
78 32 
65 81 
98 -66 
83 48 
1 -139 
-150 93 
75 13 
-91 98 
131 -51 
-142 129 
-153 94 
138 -115 
154 180 
-150 168 
171 -117 
63 -88 
-175 -131 
199 -108 
-29 -40 
-168 134 
87 -124 
-55 32 
-8 -83 
100 134 
123 -193 
-127 -19 
-168 178 
24 -55 
-1 162 
14 188 
-184 189 
-14 23 
81 134 
-135 195 
60 -191 
177 89 
35 -98 
42 192 
21 -175 
-158 126 
99 -193 
-113 -70 
-169 -192 
62 -46 
171 -90 
68 -98 
-54 46 
-98 -12 
121 116 
83 -79 
186 65 
185 -200 
-26 25 
-96 8 
167 -53 
8 -180 
131 145 
49 -110 
168 -58 
22 -130 
-65 -44 
-121 138 
16 134 
168 132 
41 18 
-153 -68 
-108 -100 
185 85 
-99 90 
-197 93 
-143 -6 
-50 37 
9 152 
84 55 
-143 111 
-63 77 
-42 -29 
5 130 
190 -157 
21 -90 
24 169 
95 57 
-4 33 
-6 -175 
-193 61 
-20 -147 
-14 -49 
174 45 
-137 -115 
-195 -110 
-194 36 
-13 77 
4 35 
172 -165 
107 110 
-46 -86 
-25 -15 
35 -82 
-109 -14 
31 -184 
-99 47 
132 -113 
148 -57 
65 63 
170 88 
131 5 
-35 68 
65 -125 
-180 176 
144 -85 
-89 92 
-171 -137 
82 -190 
96 -122 
23 -4 
-164 56 
-136 -105 
-30 168 
-30 148 
-37 100 
-99 -50 
84 98 
68 61 
18 -112 
-60 33 
-73 119 
-71 -105 
-151 107 
107 188 
83 134 
28 -151 
-108 -168 
54 -131 
-184 -19 
60 102 
-190 -168 
22 -109 
28 -16 
-101 -8 
131 139 
-87 -139 
44 104 
107 -184 
-90 -22 
54 75 
-109 -60 
-14 50 
83 -173 
143 -200 
66 -136 
-114 -196 
119 -68 
-195 108 
158 37 
-53 -128 
-70 -193 
-178 57 
-74 -20 
101 87 
24 136 
95 128 
-184 86 
-59 -161 
-129 2 
-122 33 
187 -160 
-5 88 
-83 174 
123 -184 
23 -11 
-110 -175 
151 -8 
40 -178 
151 113 
-111 -93 
166 -156 
148 168 
125 -31 
38 -125 
20 1 
160 176 
-196 36 
-197 17 
184 87 
63 -128 
-179 -150 
167 17 
-25 -139 
-87 -168 
-100 199 
-43 85 
120 160 
121 -198 
57 3 
-45 186 
-65 66 
103 -199 
-114 -39 
182 169 
29 99 
-27 -73 
149 -31 
8 -140 
-17 146 
136 154 
-169 -109 
-162 76 
-136 -73 
76 48 
-143 89 
178 1 
-149 -161 
-27 -112 
160 -198 
39 187 
91 -32 
184 -17 
-141 -32 
-65 157 
-123 190 
193 -68 
4 -37 
-119 15 
-193 -74 
195 148 
-52 -147 
180 37 
-116 74 
-69 51 
175 -160 
178 -79 
-183 -26 
114 65 
-129 -44 
25 -79 
36 -120 
80 140 
-163 108 
20 165 
-193 55 
157 26 
-64 -70 
-153 144 
-101 -90 
33 -176 
-131 1 
11 22 
-42 61 
40 -61 
99 -128 
-117 58 
74 -96 
-110 35 
-104 -182 
-144 96 
-3 -78 
1 73 
72 -115 
-186 -94 
39 -45 
-26 20 
25 -85 
-47 -32 
133 99 
113 41 
53 161 
133 -55 
-197 -144 
105 -155 
29 176 
-7 -165 
-61 11 
-103 189 
64 -109 
180 -20 
-100 -70 
-81 -100 
-144 -10 
105 -126 
182 -123 
43 28 
-196 -70 
164 21 
117 -164 
0 33 
-150 5 
28 166 
106 59 
-143 -88 
-147 13 
171 -14 
51 -22 
-116 93 
102 -139 
-4 -142 
0 45 
107 -145 
-89 195 
137 83 
145 124 
92 -56 
67 -178 
-24 -33 
192 70 
-175 -47 
70 37 
-21 192 
-153 171 
73 71 
101 -31 
158 183 
-147 184 
159 -84 
-157 0 
136 -173 
150 55 
115 -94 
78 -15 
-143 -144 
-167 -24 
-39 139 
-67 10 
75 -71 
-107 -46 
-106 -2 
-38 188 
-118 -56 
-120 -114 
125 62 
135 -29 
-73 -151 
30 -14 
-53 -103 
24 -114 
157 -90 
-99 -151 
72 59 
116 168 
-83 21 
75 -147 
-147 -11 
141 -55 
-174 72 
109 -167 
-136 50 
-89 -58 
86 -86 
-66 -200 
-59 117 
-29 194 
-188 92 
87 110 
123 174 
28 78 
22 96 
52 -2 
70 191 
84 197 
-87 134 
153 67 
-168 113 
165 120 
-102 167 
118 -160 
164 0 
82 -150 
-96 137 
102 192 
-192 -18 
-91 -200 
-178 67 
-158 -192 
-174 -37 
-18 -11 
-163 91 
-2 -157 
198 -198 
160 -195 
-40 -44 
18 30 
-59 -151 
-178 188 
-195 156 
180 -55 
62 142 
163 -189 
-169 -141 
196 27 
-84 59 
179 -87 
-20 19 
-78 -100 
70 146 
-192 -119 
-101 41 
54 132 
159 -16 
161 -157 
40 -84 
111 -154 
-88 -199 
130 5 
-113 -107 
-20 78 
-85 -2 
-114 -36 
23 106 
-131 46 
59 -30 
183 -54 
35 74 
-72 -175 
145 -188 
-94 -97 
175 152 
175 0 
-5 -115 
-154 -96 
-134 142 
-50 -185 
170 105 
-138 186 
-91 46 
-47 -109 
-5 18 
175 -184 
-124 -149 
157 194 
119 -146 
-3 13 
77 -10 
-82 189 
-165 -79 
193 -25 
136 25 
-123 -57 
-38 -29 
-130 -142 
140 -64 
-117 -29 
8 -121 
47 -111 
-185 82 
106 -38 
31 -37 
-20 -185 
-90 -120 
-127 -88 
31 123 
189 70 
123 17 
182 -38 
83 -131 
-187 -147 
96 157 
-60 -54 
-139 -191 
184 23 
-68 100 
82 76 
137 60 
179 -49 
65 -26 
62 -56 
-55 -101 
186 -50 
194 31 
-89 -24 
142 -98 
71 -183 
-139 67 
-133 -32 
63 96 
-161 1 
46 127 
5 170 
-72 57 
-17 -135 
-109 -159 
-116 -49 
-14 28 
65 -199 
73 -166 
31 -198 
-145 66 
-181 -138 
27 106 
-195 -77 
56 184 
190 -63 
176 17 
-133 172 
58 -116 
-83 -180 
-31 -163 
109 165 
85 50 
106 -10 
-86 -169 
122 -83 
116 -137 
133 -49 
135 3 
175 -192 
159 -74 
-124 -71 
-78 -193 
82 41 
71 -134 
26 38 
-3 125 
-145 165 
-155 -33 
103 87 
-20 13 
-118 196 
-23 120 
-64 -169 
136 -170 
-28 52 
129 -199 
89 -154 
-103 -62 
-157 28 
-69 122 
104 123 
43 -165 
41 49 
83 104 
-42 101 
113 145 
-58 -81 
-44 -139 
46 80 
0 53 
149 175 
108 23 
90 -13 
-144 -80 
6 4 
-36 -132 
-58 42 
-194 48 
-24 135 
51 28 
87 106 
60 92 
-110 -62 
14 -21 
-93 134 
67 123 
-130 -35 
-191 -129 
11 -22 
82 159 
-32 13 
-38 -120 
137 139 
-124 -126 
38 50 
-174 -192 
125 14 
-74 -196 
-170 -161 
-150 -20 
-133 34 
-64 83 
125 43 
198 140 
58 -38 
-54 43 
-7 178 
28 130 
-61 17 
-50 125 
-174 155 
37 186 
34 145 
180 121 
163 -116 
-162 -147 
133 144 
-128 11 
-59 56 
-90 69 
-1 -193 
-102 8 
81 154 
-62 20 
103 -140 
-57 64 
-152 178 
52 -18 
-48 -61 
-192 -173 
-192 -1 
87 -142 
-168 -51 
177 -164 
-199 33 
118 -36 
-101 -64 
43 -98 
-66 1 
186 134 
33 51 
129 49 
163 -197 
81 27 
146 82 
199 -148 
-127 88 
15 91 
18 149 
-106 27 
133 50 
-164 -91 
187 -116 
-164 194 
-119 -44 
115 15 
98 0 
178 -173 
49 170 
122 151 
-79 20 
-177 114 
51 -96 
183 9 
-185 167 
31 -174 
-61 187 
161 -184 
-91 115 
141 101 
-50 4 
12 4 
138 -164 
130 50 
57 148 
50 -132 
79 139 
-180 -149 
-151 -162 
67 84 
103 175 
147 165 
71 55 
125 8 
-4 -58 
-93 197 
57 17 
186 -44 
-19 194 
196 123 
191 -139 
66 -143 
-19 -18 
126 -22 
165 -127 
-122 137 
14 1 
169 -142 
82 189 
42 87 
57 80 
17 -104 
21 -62 
-79 140 
-43 119 
74 -189 
142 60 
194 -29 
144 145 
-67 -200 
90 -179 
103 -97 
-15 -172 
97 -168 
-105 5 
-152 -38 
-86 -115 
185 189 
-48 -130 
-86 105 
8 -81 
105 -19 
134 16 
92 34 
-70 101 
-17 58 
172 131 
-104 -127 
75 190 
-161 -132 
-36 -128 
-170 -40 
-190 183 
-144 146 
-167 89 
105 150 
168 165 
-32 -59 
66 -198 
-94 6 
134 -36 
-87 -63 
-115 122 
141 52 
-175 75 
188 178 
-33 -50 
162 -182 
-108 6 
40 12 
112 94 
-132 -198 
183 121 
47 -200 
119 40 
168 -143 
-2 -86 
-100 -152 
151 -47 
199 14 
-134 58 
-178 17 
153 54 
56 -196 
66 -101 
136 -134 
101 106 
-1 -125 
154 -166 
-70 -76 
124 76 
13 168 
196 14 
-49 55 
-39 100 
23 0 
108 -185 
-154 125 
-52 -184 
47 -109 
-137 -32 
56 194 
-136 25 
139 172 
105 45 
130 -157 
12 173 
-39 -195 
162 160 
16 121 
-73 142 
-158 -178 
161 -146 
-37 83 
136 -196 
1 27 
-35 87 
-98 142 
160 -107 
-88 93 
-9 62 
-23 194 
-6 -97 
-159 185 
-175 -108 
196 106 
-34 32 
119 29 
157 107 
159 150 
194 -22 
13 -123 
135 -199 
67 94 
183 59 
32 -54 
-121 145 
62 111 
89 20 
112 175 
140 -76 
-129 -122 
32 102 
-66 18 
65 58 
86 -52 
149 2 
-1 -124 
184 88 
158 -63 
143 -186 
-174 -80 
-192 80 
164 -167 
-11 185 
92 -124 
-8 56 
-45 60 
-198 -156 
74 -11 
58 197 
-143 168 
116 -7 
194 191 
-1 98 
162 106 
163 -149 
-11 24 
-162 125 
80 163 
-113 -54 
16 158 
-122 132 
-177 -28 
-23 -190 
-88 -166 
3 -190 
75 -191 
66 196 
49 70 
-92 -160 
37 -70 
-141 187 
-163 31 
67 -43 
-31 -69 
-106 -30 
99 173 
-138 188 
-177 136 
79 -50 
168 -97 
-23 -76 
60 -169 
-50 159 
185 -124 
115 51 
-7 -185 
151 -118 
128 20 
41 -198 
-178 165 
142 -24 
130 94 
-174 -181 
144 142 
-121 102 
63 146 
-88 -179 
72 -37 
-23 -104 
103 134 
39 -8 
84 -80 
-14 -153 
89 189 
79 -56 
-139 -24 
4 -185 
-26 149 
125 156 
32 -123 
-139 -100 
-151 58 
-95 -42 
116 30 
-92 8 
-118 131 
-138 -189 
31 148 
63 -136 
-48 41 
-25 -96 
130 23 
87 96 
7 10 
75 -182 
-195 -130 
-109 16 
84 -24 
-166 58 
-94 -184 
-80 -165 
66 -130 
194 -91 
-160 67 
-99 -29 
60 -31 
109 81 
113 134 
163 -164 
-198 50 
-122 136 
163 7 
78 79 
-160 66 
-195 91 
168 -120 
84 -114 
-119 9 
141 175 
155 -190 
178 -106 
-168 87 
-167 -157 
169 155 
-118 91 
42 14 
184 84 
-45 -180 
184 -71 
86 139 
-188 -199 
-14 110 
-162 -71 
-185 -124 
-43 155 
184 -171 
-47 33 
196 65 
-74 -85 
-31 16 
-126 -200 
-104 -1 
-196 91 
7 159 
-195 -129 
-1 -51 
-114 64 
51 136 
35 -135 
109 54 
-16 187 
-193 -174 
-174 149 
126 193 
-12 -9 
-68 -113 
187 111 
197 -144 
31 134 
173 -57 
20 -57 
-99 -9 
-58 183 
16 100 
72 -129 
109 -14 
70 -199 
113 125 
182 117 
-157 92 
-177 -144 
-110 -82 
99 133 
-192 -8 
24 -176 
-34 -79 
34 133 
8 -129 
-194 -160 
143 -43 
72 135 
-170 67 
-158 -127 
147 -158 
-145 88 
-194 -46 
80 -131 
104 127 
54 106 
5 64 
-187 -171 
56 47 
62 -101 
-145 -128 
179 -118 
56 -185 
189 65 
22 -193 
139 -114 
-121 -79 
133 40 
162 116 
-189 83 
-12 86 
134 178 
59 -51 
-22 -122 
-112 141 
-120 124 
-157 20 
58 -39 
135 -137 
-188 -4 
-146 -168 
-55 2 
82 -90 
8 -102 
59 -166 
-149 -46 
-36 -189 
-140 -67 
178 -37 
85 179 
-6 153 
133 -37 
11 45 
-55 49 
159 60 
22 43 
-67 118 
151 -22 
37 -11 
-59 140 
-24 -26 
-125 -121 
-32 -62 
-114 -80 
-150 -183 
111 -169 
-119 -97 
-193 -63 
52 -9 
-143 181 
11 -37 
126 -134 
3 -112 
57 93 
-58 48 
-59 -118 
-198 106 
0 29 
179 152 
-150 -190 
151 191 
-181 61 
-98 65 
6 -179 
195 1 
-160 52 
-195 150 
61 -104 
43 40 
167 -65 
77 29 
-137 -141 
-3 -22 
3 -101 
13 86 
-115 -198 
-198 -119 
-199 141 
-82 72 
-12 64 
40 -134 
-104 105 
160 -156 
37 -176 
18 -166 
160 -9 
149 -64 
176 -11 
-70 -29 
-165 -163 
177 -154 
-156 -126 
-102 136 
-124 167 
-139 87 
9 28 
55 140 
-54 23 
183 192 
-62 34 
47 10 
-7 -73 
51 -105 
-29 -185 
103 82 
-143 74 
-159 -91 
168 -178 
-161 7 
-67 -196 
-66 -62 
42 -56 
94 -63 
79 57 
57 -178 
-108 137 
96 -82 
168 -65 
59 -170 
147 -157 
148 177 
130 -84 
-188 -1 
113 -46 
91 133 
187 87 
-30 -51 
-155 20 
166 -128 
118 69 
77 -139 
-115 -125 
-43 130 
-75 -194 
20 -41 
-10 -50 
12 194 
81 -171 
36 31 
50 -4 
-30 -98 
-29 119 
-169 113 
62 -93 
95 -129 
23 -169 
14 -15 
-100 -124 
161 -49 
-18 70 
150 179 
-115 -99 
190 198 
154 138 
-51 95 
64 34 
27 -28 
-133 -164 
158 32 
155 -163 
-43 95 
-112 -138 
162 -34 
76 187 
-136 72 
-156 166 
-187 67 
37 -12 
88 -30 
70 -140 
138 42 
50 73 
-153 106 
-107 -183 
151 -65 
105 -152 
138 157 
113 166 
105 -8 
-188 134 
89 178 
52 140 
-143 52 
111 92 
-112 -19 
174 -169 
48 -103 
-144 62 
189 -10 
-140 -187 
172 161 
-54 -16 
-188 -28 
-42 -156 
184 94 
-119 -91 
152 -54 
-123 66 
-71 -122 
6 -159 
-39 -123 
-25 -173 
168 -138 
-151 54 
43 -127 
-103 7 
182 187 
-151 177 
190 -15 
-190 -121 
-9 -42 
-120 -186 
49 -148 
-8 54 
-78 -135 
-38 -151 
-164 32 
122 -108 
-101 -120 
-161 51 
183 153 
-145 -159 
-136 -121 
-152 45 
102 -36 
-78 87 
-167 124 
192 -84 
-135 -193 
-93 -194 
137 -33 
125 -78 
196 142 
-1 173 
5 108 
34 -193 
22 190 
-142 108 
-37 80 
150 194 
198 44 
168 71 
139 184 
177 67 
-27 -192 
-35 -86 
-177 -64 
-160 17 
126 -184 
134 -170 
-152 26 
-42 48 
191 -26 
-124 -119 
181 -121 
-121 -22 
118 173 
-26 -43 
120 85 
30 117 
78 63 
127 124 
103 -60 
-142 40 
-122 39 
-30 161 
-169 -149 
153 -59 
-183 28 
24 -38 
109 162 
-109 191 
123 -80 
117 -76 
-83 125 
-102 187 
174 120 
-45 -71 
54 16 
-66 111 
157 73 
-120 67 
157 86 
-45 132 
-91 73 
-59 -113 
-157 -181 
129 -168 
110 -190 
-110 -190 
-9 91 
-199 -166 
167 104 
-4 -98 
-167 -142 
8 4 
-123 44 
-165 119 
-20 165 
-124 -37 
49 -127 
-84 -107 
-131 133 
-116 60 
161 -25 
168 68 
-99 135 
-112 91 
96 -52 
-93 -98 
6 153 
17 -18 
50 -94 
21 88 
-39 -135 
-86 168 
-58 108 
175 22 
-28 -94 
-7 98 
139 -144 
-38 23 
-44 -123 
-73 107 
-177 -176 
183 -185 
137 -40 
22 -131 
158 113 
-12 131 
91 50 
179 53 
102 -10 
-30 -31 
-11 46 
-19 89 
73 -24 
-103 162 
-200 -151 
-161 -135 
-56 -102 
57 -133 
101 -195 
158 -147 
13 108 
48 134 
143 -83 
-116 -120 
-187 53 
136 79 
72 124 
-183 -23 
97 -123 
-84 -44 
-86 94 
-144 21 
-33 -133 
17 87 
-113 -66 
-12 -37 
109 -80 
151 -89 
41 -189 
-19 68 
29 -60 
-53 25 
77 -180 
47 -125 
155 11 
-164 -166 
-195 -47 
-16 190 
-113 -56 
-27 112 
-110 141 
154 -155 
-107 63 
181 -102 
-21 -63 
-151 163 
-70 160 
-40 99 
4 150 
-138 -3 
191 -19 
-85 62 
178 16 
-199 -113 
104 106 
-172 90 
135 -138 
169 -17 
153 173 
81 -130 
134 104 
-137 -24 
12 -193 
-152 15 
129 -190 
40 32 
52 -13 
81 103 
-122 112 
135 -8 
167 183 
128 -160 
193 -115 
102 140 
14 93 
-39 133 
160 188 
48 -132 
43 -31 
76 -134 
95 152 
-73 -96 
108 -33 
97 -101 
32 47 
133 -109 
-65 -191 
41 145 
-113 -157 
22 25 
-157 -153 
162 -35 
167 -83 
42 -156 
-116 194 
-39 -76 
19 -20 
-102 47 
102 -103 
119 -22 
-170 115 
109 23 
-159 -130 
178 162 
128 -193 
-76 -141 
-181 189 
92 105 
-119 -69 
60 -107 
-106 74 
-87 -186 
195 113 
36 55 
-107 194 
176 104 
18 -20 
114 -112 
-170 18 
133 -86 
153 132 
76 -130 
-65 -106 
-62 -17 
113 -51 
54 -61 
14 -149 
-88 188 
19 -187 
75 48 
181 -6 
75 -44 
187 55 
100 -5 
-96 -2 
15 -198 
53 32 
-41 131 
-54 127 
-113 -23 
111 53 
-83 140 
185 -98 
92 136 
-115 -94 
60 103 
20 -40 
-102 154 
-170 -11 
166 63 
71 -148 
57 -170 
104 43 
-85 -100 
-19 152 
-181 -114 
-49 -53 
39 -121 
24 -59 
101 80 
23 155 
-43 173 
-42 144 
-153 13 
100 13 
-116 -131 
-130 -193 
-56 -105 
31 -54 
66 -17 
19 -163 
-164 -154 
-179 57 
-24 -118 
80 -51 
-173 67 
197 182 
-166 -14 
-80 -40 
21 86 
-175 -142 
83 155 
71 78 
48 84 
100 -22 
103 68 
-90 184 
-63 -108 
54 153 
-83 189 
-137 12 
-49 187 
-169 136 
42 -31 
63 107 
-71 -49 
29 -109 
145 31 
122 -82 
-58 -10 
24 -60 
81 -150 
76 34 
-146 59 
11 177 
93 -111 
-47 -160 
-29 -135 
-95 18 
110 -167 
-52 38 
102 -20 
-140 -75 
-165 -43 
-7 172 
79 61 
99 -136 
-11 -100 
139 54 
-135 196 
111 44 
191 -39 
94 20 
-21 -27 
94 103 
87 64 
-76 -182 
7 77 
2 -146 
134 -123 
114 162 
-161 -119 
181 -167 
184 178 
-144 -110 
95 -17 
-55 -119 
102 84 
38 -57 
-168 131 
156 -139 
192 -51 
59 -60 
-74 -71 
191 -14 
-143 158 
-66 81 
174 -113 
-178 124 
58 166 
-5 -130 
157 1 
21 138 
-178 -94 
-5 -174 
175 -127 
193 -50 
86 -24 
-161 198 
82 180 
-33 -111 
-133 112 
90 -72 
127 -46 
59 -2 
-55 84 
-189 190 
170 190 
48 -109 
-47 32 
99 -194 
38 26 
-134 181 
-106 -151 
-187 10 
-85 -79 
-139 -32 
-116 -112 
-161 -158 
-105 53 
78 17 
-145 -88 
-48 171 
59 -179 
104 143 
3 45 
-138 -128 
74 -103 
85 -168 
65 -132 
-146 176 
-11 -28 
133 -58 
-142 -61 
-1 -90 
151 -148 
-38 -152 
114 -106 
-93 -192 
-66 -115 
-78 135 
111 100 
-88 -107 
50 30 
-111 30 
54 186 
-101 114 
199 -91 
-88 -120 
-79 -115 
-98 -80 
-53 -200 
124 -61 
-63 -170 
-60 -81 
-97 -95 
11 -184 
-52 -155 
-172 170 
144 13 
-3 187 
178 -57 
-190 -125 
182 -109 
34 -148 
59 124 
-115 -158 
98 136 
91 105 
-115 -53 
85 99 
148 -129 
101 -103 
67 -137 
-148 -60 
-17 113 
-68 -29 
111 -115 
31 -169 
128 96 
-141 -87 
105 -10 
-149 -71 
-176 124 
-47 -80 
65 111 
118 88 
-127 140 
98 -73 
-187 -191 
167 -61 
120 -138 
197 -146 
-173 141 
167 173 
-17 -174 
145 69 
0 -153 
79 43 
0 59 
-169 91 
172 -11 
133 -200 
4 14 
53 -176 
-5 189 
-55 -9 
173 -104 
12 134 
-38 148 
-188 -67 
-117 -160 
-147 -3 
58 -70 
-2 -52 
-64 -96 
-136 53 
-44 26 
126 23 
-177 -170 
-197 78 
-156 68 
-6 -42 
21 26 
125 -49 
-130 -50 
113 128 
171 -59 
-190 -61 
-29 -117 
32 190 
-99 -76 
-28 -127 
59 -46 
182 1 
-113 -136 
142 66 
175 -77 
178 50 
-76 49 
169 116 
196 -172 
30 88 
-129 -114 
180 -90 
-28 6 
181 50 
55 28 
-180 -103 
-5 -50 
-54 99 
-61 -110 
-181 107 
-15 -170 
143 65 
77 106 
-124 94 
64 -106 
93 12 
-142 161 
187 27 
27 -71 
117 -181 
-128 -179 
50 157 
115 -116 
-64 -199 
127 85 
-174 -22 
-128 101 
34 -112 
-69 -194 
8 44 
-133 -175 
-190 146 
-75 34 
14 -117 
-159 -171 
-42 119 
45 0 
56 -82 
163 94 
139 170 
137 28 
94 168 
137 -174 
-37 17 
-1 46 
-63 65 
-105 49 
-110 -167 
123 -165 
-100 -79 
14 -96 
89 15 
124 -93 
-87 67 
0 -109 
14 -148 
-101 -133 
86 175 
-47 -112 
79 -114 
2 72 
-180 57 
-109 167 
-51 -136 
181 84 
146 -29 
-42 -64 
7 3 
106 -86 
142 64 
-107 -22 
-84 130 
161 182 
27 -136 
-106 -56 
-191 -110 
57 -115 
50 196 
119 111 
-35 -115 
-44 -141 
-119 -117 
110 -148 
-69 -166 
93 91 
-124 -155 
-156 -64 
145 -6 
-123 11 
117 -194 
93 -140 
-69 -138 
114 135 
65 138 
8 25 
64 -153 
123 132 
146 -101 
-180 109 
-171 -15 
13 -170 
-168 -183 
75 -16 
152 -191 
7 148 
159 -56 
-25 72 
176 -52 
183 -143 
-147 -58 
-126 26 
21 23 
108 84 
159 40 
-1 -195 
114 -91 
90 4 
106 -68 
15 -101 
34 -110 
73 6 
-137 -125 
156 -122 
102 -149 
18 -86 
164 123 
170 -28 
-118 -97 
90 -114 
66 -54 
-142 -14 
96 -22 
96 177 
-5 74 
171 52 
-23 -143 
106 94 
35 175 
-193 -67 
122 -198 
-95 183 
-187 -128 
-104 -67 
28 -69 
-32 56 
-117 -137 
102 -118 
-100 -75 
-123 -181 
-103 -144 
12 103 
-182 -44 
85 -11 
-154 25 
-60 -68 
-174 73 
87 148 
92 197 
-36 -15 
187 -72 
-45 189 
88 -69 
-127 -84 
18 -133 
164 -165 
179 96 
-152 10 
-136 69 
18 -28 
-86 52 
-132 41 
149 -103 
90 -28 
173 -122 
105 -48 
-66 156 
-71 -135 
-67 143 
-147 60 
-128 143 
107 -22 
-145 -11 
56 -65 
-146 2 
-165 169 
128 42 
-124 -73 
-84 -16 
72 -198 
-127 182 
-185 -129 
128 -88 
-28 -174 
-81 -125 
-179 -16 
-133 -120 
-182 179 
-173 -160 
70 -191 
-37 -83 
45 16 
-31 -134 
-19 -114 
190 -74 
-159 153 
55 196 
-181 -26 
-38 64 
166 170 
-54 192 
-93 -138 
-161 -172 
91 -134 
-70 -183 
-68 -2 
-143 -60 
-71 100 
-99 84 
-180 64 
114 -22 
23 -152 
159 29 
-138 -185 
82 -48 
-28 92 
48 -90 
-62 -145 
100 173 
-24 -25 
-49 49 
193 184 
-17 56 
97 112 
-113 -28 
-121 -195 
80 -112 
-121 -165 
179 107 
124 -43 
-158 -85 
122 23 
-22 180 
40 -32 
-119 -136 
-85 199 
-183 81 
-72 112 
101 64 
-22 162 
38 -10 
52 81 
136 91 
51 -173 
60 -46 
82 -140 
-152 94 
22 95 
-14 -133 
10 197 
137 -169 
-80 83 
-188 147 
-165 196 
-185 -145 
56 197 
183 -82 
68 -92 
-117 71 
175 158 
-169 158 
-76 -60 
158 120 
82 163 
-86 127 
105 -190 
21 115 
-37 -198 
122 -98 
-113 109 
182 -30 
-69 -153 
108 24 
-173 -129 
-122 -23 
-179 -101 
161 -13 
-103 92 
-32 -58 
1 -70 
-72 41 
-57 6 
-170 -123 
110 -150 
79 167 
65 197 
114 21 
126 68 
-86 -20 
-154 -145 
61 -52 
158 -112 
-121 160 
65 45 
-112 -148 
183 -65 
-63 121 
160 67 
59 -99 
175 31 
175 179 
20 48 
-183 151 
-100 -68 
32 -110 
3 -177 
148 -34 
67 46 
175 52 
-105 139 
-16 -125 
170 -71 
-71 -83 
8 75 
132 170 
-34 172 
-166 69 
6 -58 
-56 -83 
196 124 
-49 -19 
-93 -140 
-20 42 
24 181 
111 -37 
-9 49 
-196 172 
-55 157 
167 125 
8 170 
109 174 
82 -55 
-36 -117 
-58 160 
-55 114 
-139 -114 
-112 -44 
155 -78 
-191 -167 
-145 -61 
-48 114 
-172 -37 
-42 -163 
-9 25 
181 -65 
-63 118 
-150 4 
96 -166 
159 115 
72 -57 
10 -119 
-24 133 
-126 -3 
-12 -16 
-1 64 
125 184 
-93 -43 
-179 -163 
-30 -142 
132 12 
178 121 
-139 -20 
-31 154 
175 189 
-185 -17 
157 -179 
-107 -171 
-4 69 
61 54 
116 148 
198 -58 
-100 170 
-58 3 
55 -96 
91 -150 
-178 -45 
37 -179 
135 96 
-14 166 
-105 -119 
-39 87 
1 148 
-4 185 
-153 -1 
-7 55 
149 -199 
142 -35 
-138 197 
28 132 
192 68 
108 90 
-165 -104 
-166 -177 
167 -107 
36 159 
-105 -77 
63 124 
-146 157 
46 162 
-138 -112 
-154 -189 
112 181 
-150 139 
-115 102 
7 145 
76 -11 
11 5 
-122 19 
107 -69 
133 -162 
76 151 
53 67 
-134 -166 
-18 -142 
-98 84 
-125 184 
-155 88 
-174 -16 
-51 137 
-83 67 
-164 144 
32 -194 
-88 -29 
-2 -59 
22 -49 
22 165 
124 24 
72 92 
58 -177 
63 -151 
100 135 
-77 180 
96 -132 
122 178 
-114 -148 
52 139 
-39 -196 
-190 109 
-14 -175 
151 121 
14 84 
-44 -199 
13 -66 
-104 145 
4 59 
21 -197 
-105 -190 
190 138 
-13 -105 
115 48 
-97 194 
-31 126 
-64 -20 
-55 125 
-7 175 
49 -65 
128 69 
188 -154 
-173 -41 
118 90 
-137 -174 
-23 62 
-27 -103 
-8 -69 
-65 -85 
-107 -113 
-158 92 
191 172 
181 83 
172 -193 
-11 -189 
-106 -121 
142 79 
88 0 
-162 -33 
68 133 
163 -23 
195 -139 
146 -164 
-49 25 
150 -60 
110 95 
-106 -135 
-110 94 
-52 -9 
-50 14 
-19 141 
136 4 
29 -118 
129 -189 
23 45 
-155 -154 
101 -57 
162 -110 
-168 -165 
134 143 
125 -3 
50 46 
-81 103 
100 -58 
-196 92 
148 45 
84 -153 
30 155 
-64 -166 
40 138 
-15 -130 
49 47 
148 90 
175 148 
-64 -35 
-196 -137 
-103 168 
-33 -155 
77 96 
-81 16 
59 -146 
-106 46 
83 -157 
-112 198 
189 -43 
3 163 
34 48 
140 -169 
-195 10 
-64 -86 
-174 116 
100 -185 
-158 156 
-109 24 
71 106 
-141 -92 
186 141 
-24 55 
186 -81 
5 -106 
-158 -20 
93 -67 
38 176 
-82 -129 
44 95 
140 127 
-159 94 
-13 -115 
77 184 
80 120 
46 -185 
178 -103 
-186 21 
-74 50 
19 -118 
-161 -116 
188 126 
-16 -13 
189 -151 
-131 -103 
116 13 
-108 117 
86 103 
-195 16 
83 -186 
-162 -98 
154 -20 
140 71 
156 6 
128 -20 
57 192 
-47 79 
155 17 
-140 -31 
188 120 
-151 161 
-28 106 
-65 -161 
-132 -159 
104 50 
-160 98 
-196 -20 
159 156 
-30 12 
-187 -28 
126 94 
2 -41 
-87 174 
-48 -141 
-81 19 
-81 -111 
-76 182 
-128 -143 
-151 8 
160 -189 
186 -4 
-23 198 
-185 172 
113 -70 
122 -70 
0 -176 
8 196 
-100 -158 
35 166 
98 -49 
131 82 
51 -115 
-102 -151 
-3 66 
-62 179 
-99 141 
-149 -78 
-16 193 
-163 105 
-124 -183 
-143 -175 
82 -80 
-25 -6 
99 -36 
1 -128 
34 88 
-105 19 
-29 -44 
-9 179 
-123 128 
136 -178 
93 11 
42 -181 
-179 68 
68 55 
-55 -164 
-10 86 
-54 -23 
-114 -25 
185 -171 
-37 -153 
-35 -160 
-189 -200 
-16 -12 
34 -170 
-42 -114 
117 -77 
65 54 
-83 134 
42 -47 
-142 -200 
110 158 
9 -66 
-160 56 
117 102 
106 132 
182 142 
9 -98 
-90 71 
-137 104 
-35 49 
123 -46 
80 82 
-150 -40 
51 81 
62 -49 
21 75 
-111 6 
17 43 
45 184 
-194 32 
19 62 
25 -173 
-39 -54 
-104 2 
6 58 
11 -171 
132 72 
-119 174 
-99 177 
96 162 
-150 -142 
-162 -97 
-48 7 
97 79 
-80 -7 
96 -113 
66 -165 
99 -154 
-180 -200 
187 -24 
108 -9 
198 -85 
-137 10 
-185 -132 
58 -44 
164 -129 
-192 -150 
20 -87 
177 -13 
-156 58 
-66 8 
10 159 
-104 151 
-139 35 
7 115 
-20 -148 
-88 -14 
-127 137 
-2 8 
-42 89 
-93 89 
-103 193 
-5 134 
63 140 
-17 -153 
-101 39 
-46 101 
90 152 
-44 108 
189 98 
192 137 
192 121 
137 160 
-90 -189 
126 93 
46 134 
80 -183 
71 74 
179 27 
-105 -93 
139 -87 
-72 150 
77 37 
117 -179 
97 -83 
192 -124 
-170 45 
100 -184 
-128 -116 
-12 82 
-185 197 
-40 64 
-8 -106 
38 135 
161 30 
148 0 
136 -151 
191 -46 
142 -189 
-160 -197 
1 -46 
147 21 
-162 -53 
-171 -95 
86 -114 
59 -8 
137 68 
-33 37 
87 -122 
146 -152 
-168 30 
120 49 
-47 42 
99 -104 
182 194 
85 -8 
-102 4 
-39 -180 
11 171 
190 -68 
-100 128 
195 198 
-172 79 
-13 146 
-194 21 
162 -185 
181 81 
22 -41 
-42 120 
-88 191 
6 51 
-5 -82 
-168 -8 
120 -76 
-35 155 
192 77 
59 50 
-49 160 
-104 199 
107 -77 
-93 70 
163 22 
24 44 
112 168 
89 113 
-24 -136 
182 130 
-92 -182 
-63 -30 
63 18 
-62 102 
2 106 
-169 80 
16 53 
-59 -156 
-85 0 
15 -7 
109 -49 
131 51 
-46 188 
-52 -32 
139 32 
141 15 
-102 -137 
-95 0 
-12 23 
128 157 
-36 -115 
-165 189 
120 198 
-51 -121 
12 31 
-131 175 
160 143 
-84 -161 
98 62 
-76 -42 
-23 -149 
-86 151 
-60 10 
-144 -142 
147 105 
6 -101 
-11 131 
87 81 
-132 50 
-94 -174 
83 94 
165 -14 
-139 32 
-92 103 
-128 130 
68 -192 
-169 143 
29 -155 
-184 194 
-179 4 
163 -8 
-199 119 
75 -190 
95 49 
-155 -146 
-73 -115 
94 -127 
-197 72 
114 17 
95 -45 
45 -175 
-88 89 
-112 -15 
-133 41 
-138 -193 
95 -92 
115 35 
-199 -71 
-27 -193 
174 -76 
-135 -124 
127 -53 
-21 -14 
30 -151 
119 97 
-65 -197 
-98 2 
-21 181 
117 -172 
-148 95 
-185 -161 
-105 99 
-62 42 
-169 117 
180 15 
-64 61 
68 21 
186 167 
154 -146 
26 125 
-30 -72 
153 -190 
123 114 
188 31 
63 110 
-74 132 
-198 -195 
168 -103 
-111 -99 
0 -15 
84 -3 
110 13 
150 177 
24 78 
35 -99 
184 -31 
113 -98 
-169 146 
-102 189 
-169 -84 
-157 24 
0 24 
41 2 
19 59 
127 -80 
-87 198 
-182 115 
-190 -60 
-22 -69 
90 170 
-195 131 
23 -180 
-189 139 
-90 186 
94 -188 
-22 -107 
-13 135 
-131 -14 
151 -174 
-147 112 
-189 -142 
37 -137 
-89 -167 
0 26 
-24 -54 
-139 71 
-181 -120 
-171 -130 
199 -59 
131 78 
-106 102 
19 -139 
26 -85 
-32 -91 
96 54 
-79 -83 
160 17 
-76 -79 
-150 83 
26 145 
-2 -16 
-72 -128 
-5 -175 
49 172 
8 -40 
2 -149 
67 -20 
31 -192 
-119 194 
-57 -150 
67 108 
-136 -170 
31 -87 
21 94 
91 153 
-64 38 
136 90 
-185 -49 
-171 -176 
4 -186 
57 -146 
141 61 
-168 173 
-105 -37 
-123 102 
65 80 
88 111 
-129 -172 
-157 85 
-66 -75 
147 84 
35 177 
24 40 
-45 92 
-145 -24 
-5 -90 
52 111 
28 151 
-103 -164 
-132 -17 
85 -88 
171 -136 
97 -166 
96 -159 
45 164 
-64 5 
1 3 
99 -68 
-88 -27 
191 20 
198 92 
-17 105 
-108 -90 
4 -55 
-133 -92 
80 83 
-187 -127 
-122 127 
62 -11 
107 -177 
-61 -169 
-171 -68 
113 -105 
137 50 
62 118 
-122 -36 
87 -200 
45 168 
62 -116 
47 -11 
-97 178 
89 149 
-136 -11 
-181 74 
-44 111 
156 -145 
-22 108 
57 118 
-58 -195 
44 -163 
40 -168 
-139 -82 
-102 146 
-139 -45 
-192 94 
-56 40 
-65 21 
73 88 
115 -1 
78 -178 
-73 105 
172 11 
-111 146 
66 198 
-36 -107 
-169 -85 
-113 157 
-63 -142 
179 42 
-186 -108 
-155 -121 
184 -35 
-116 68 
-42 3 
-107 -197 
152 -133 
17 -177 
171 -161 
-81 -127 
174 -33 
191 72 
21 33 
-167 -30 
0 -97 
-198 140 
-74 28 
136 127 
-79 -162 
-171 44 
87 108 
6 -74 
24 -94 
107 -111 
196 -110 
-186 -132 
62 163 
-130 -98 
-171 0 
-17 -119 
157 180 
-72 58 
168 120 
147 -126 
-180 163 
-168 148 
-124 43 
18 15 
-194 -70 
-166 62 
-94 -51 
-119 83 
-159 98 
-166 11 
-187 -90 
-115 39 
-186 187 
1 -21 
-168 -120 
-163 -38 
-137 -31 
104 32 
49 -45 
-43 -9 
-117 172 
137 -100 
-168 84 
41 -50 
164 42 
-169 -70 
77 191 
152 -83 
191 -78 
165 37 
-148 -118 
-188 -84 
144 -115 
2 -181 
-179 -115 
-34 66 
-2 112 
-28 103 
-33 159 
-195 -125 
-77 -7 
19 -185 
-163 -93 
-15 -1 
75 -53 
186 122 
-56 -90 
111 -24 
-194 179 
173 -18 
153 104 
76 103 
-110 -56 
-100 171 
196 -107 
-42 30 
-51 17 
-180 -85 
2 -197 
-103 -134 
159 32 
41 42 
-182 -91 
-13 -8 
-44 124 
194 -103 
4 -170 
20 32 
136 78 
-105 -12 
-180 34 
177 70 
-162 -167 
-35 -63 
-51 192 
-119 -125 
-178 193 
-107 -84 
172 -102 
190 154 
-15 154 
31 39 
100 51 
-121 -19 
-14 194 
177 109 
65 -64 
154 76 
66 172 
49 -31 
-108 -86 
-143 -180 
2 130 
-113 -146 
-83 -23 
-80 -33 
-10 6 
-142 -104 
-101 186 
-157 3 
-52 -13 
122 -41 
184 -109 
-65 -104 
47 64 
-10 191 
-117 -118 
-56 -67 
104 40 
-147 124 
29 78 
-193 -33 
-117 177 
9 170 
-52 -111 
195 51 
34 -95 
191 197 
134 -31 
63 53 
-157 -62 
-174 -171 
115 87 
161 166 
65 -156 
7 -186 
-154 -173 
-110 -10 
-49 -142 
-43 -94 
198 22 
61 -173 
-113 29 
119 -172 
-146 -36 
70 -45 
26 -168 
44 192 
177 -141 
-17 -63 
-168 -1 
-136 -177 
15 -72 
91 187 
49 -104 
-166 -185 
113 -80 
197 -132 
33 -8 
35 -36 
87 82 
-24 57 
52 -69 
75 -91 
-124 78 
-122 79 
-83 -4 
182 37 
59 137 
-191 135 
98 -18 
-24 12 
-77 46 
-131 6 
-190 48 
-48 34 
180 -95 
117 43 
62 86 
-163 20 
-160 -71 
30 -147 
12 124 
175 88 
-61 98 
56 -59 
141 -189 
-22 75 
-129 24 
-189 -18 
-40 67 
-24 -144 
127 -115 
-118 24 
63 -190 
33 56 
-56 90 
13 150 
112 29 
-162 -78 
-170 189 
-92 -16 
90 -137 
-177 61 
47 136 
-111 -102 
195 -144 
-162 -164 
147 4 
-100 163 
-31 41 
-94 57 
-181 -127 
32 148 
43 93 
176 32 
37 -147 
198 69 
-103 21 
9 66 
-136 -160 
33 114 
24 -84 
-57 39 
156 -200 
-44 107 
120 -173 
-127 -85 
80 131 
43 27 
43 -163 
58 -155 
3 -181 
-159 139 
-13 161 
-8 -109 
-80 -97 
-21 140 
-91 28 
-101 -5 
-15 14 
165 154 
87 -139 
-63 170 
-195 -192 
195 -131 
-22 -158 
122 97 
-36 -11 
60 -142 
-130 -147 
180 50 
174 -137 
84 65 
-42 -132 
-106 28 
-9 -73 
-96 -31 
61 91 
-43 -45 
146 -69 
-73 -20 
174 -14 
112 176 
-146 90 
148 -80 
184 -84 
-146 193 
-92 -24 
4 67 
138 -87 
36 69 
43 157 
-50 -57 
-59 -95 
-92 76 
-67 105 
27 -67 
-143 -21 
-24 54 
-128 -17 
29 84 
10 129 
166 43 
137 -175 
138 67 
119 -35 
-96 88 
56 92 
95 118 
49 162 
-92 -72 
-150 -108 
1 -178 
28 -72 
-155 27 
77 88 
156 -133 
134 174 
189 48 
-137 176 
29 -124 
-194 -59 
33 173 
154 61 
-52 60 
-42 -45 
-172 -159 
-64 -11 
-61 53 
-151 61 
-74 103 
107 -122 
-36 32 
20 159 
138 -88 
133 30 
117 168 
151 -159 
-188 153 
30 128 
124 32 
-178 -11 
89 121 
52 163 
103 -147 
-87 4 
-182 -135 
182 -7 
156 -161 
34 -94 
-134 -47 
8 -124 
-198 182 
-17 -46 
150 111 
64 161 
94 134 
20 -12 
-109 177 
-34 94 
-31 -15 
-183 -139 
100 160 
171 -32 
-3 -62 
190 118 
-180 -65 
156 -166 
91 -128 
-15 -116 
104 -117 
-193 -7 
111 -182 
-78 67 
-13 -165 
35 124 
187 -10 
54 -17 
122 48 
115 -10 
194 125 
62 -7 
196 57 
102 -59 
56 38 
-49 -2 
157 -178 
98 -178 
90 199 
-49 -71 
-91 69 
100 -54 
-186 58 
131 -45 
165 -59 
-148 -55 
-101 47 
192 -90 
-121 6 
-193 105 
-94 -115 
3 -140 
134 -69 
-127 -164 
114 -107 
-66 -22 
123 191 
88 -197 
75 180 
125 12 
-59 125 
-135 -41 
-195 -126 
-163 -62 
175 -15 
-32 -166 
-107 -119 
-113 131 
88 9 
-200 5 
21 -76 
-183 179 
-132 -45 
-135 189 
37 134 
115 112 
-172 188 
-118 58 
154 146 
-128 -105 
90 -57 
65 -133 
-148 -198 
-75 79 
0 133 
-200 -22 
-116 30 
-21 -36 
62 -9 
-190 187 
198 -189 
-26 70 
-59 -126 
-66 142 
-87 155 
-134 -125 
-177 -26 
84 181 
131 113 
-11 -27 
18 138 
-161 -11 
25 -190 
-13 -177 
184 65 
-108 -31 
131 -4 
-66 54 
170 192 
-187 138 
-191 18 
38 -127 
173 177 
167 -117 
162 -79 
-56 -103 
-1 -92 
-162 14 
-95 -69 
-48 -159 
-44 -188 
109 196 
-137 44 
-29 -54 
-48 -11 
-187 51 
24 -186 
126 -7 
194 -77 
108 -94 
-140 -124 
-139 70 
-13 -3 
51 -188 
-6 -126 
115 -195 
194 -55 
-167 -23 
37 -172 
170 178 
60 8 
102 97 
178 -38 
-172 93 
134 0 
-150 26 
-129 152 
59 82 
173 -131 
-40 -52 
152 -10 
-97 190 
45 62 
-3 188 
-120 -56 
-61 152 
197 134 
56 125 
-4 40 
142 -111 
-96 -92 
-37 -33 
-146 86 
-107 114 
-103 -66 
-43 98 
-104 114 
-96 -94 
-132 153 
59 -17 
-74 92 
-6 -55 
-68 146 
-107 -29 
47 72 
136 -167 
-79 -110 
-115 70 
199 132 
194 11 
178 188 
-65 -64 
-133 63 
-15 0 
171 -102 
-171 3 
-170 142 
-181 -159 
127 97 
181 -128 
-39 -33 
114 66 
103 9 
-156 -179 
182 -190 
81 -142 
-115 -54 
-105 63 
77 -128 
27 -173 
197 23 
127 22 
4 -53 
83 -171 
-147 -40 
-181 168 
125 135 
-105 148 
-81 -15 
-42 86 
-2 189 
-3 141 
15 -92 
20 14 
-194 89 
12 184 
-89 -63 
158 44 
-55 131 
-145 41 
21 -58 
40 150 
41 -62 
102 175 
-166 156 
-12 -111 
29 -158 
130 70 
59 -38 
-104 -181 
-30 21 
122 -7 
59 -98 
55 169 
65 69 
-123 -83 
15 -143 
-43 -174 
-74 43 
167 -151 
-73 -58 
44 -70 
-181 79 
168 -121 
-152 -45 
131 -182 
-17 -49 
-31 23 
-117 133 
189 -140 
-67 -173 
11 -137 
78 93 
9 -28 
57 105 
-44 54 
-163 -25 
121 -125 
49 196 
-137 82 
15 -128 
-134 5 
43 -44 
93 185 
-139 -118 
-104 60 
-19 -165 
-56 155 
105 59 
-87 68 
-77 -142 
11 120 
-10 -19 
198 113 
-29 -178 
92 50 
9 30 
41 129 
-18 88 
-92 59 
79 -17 
-170 68 
-24 53 
83 109 
-198 32 
-74 -86 
79 117 
146 32 
152 -135 
-99 -72 
-153 115 
-155 31 
-145 -196 
-30 -135 
-66 -61 
149 140 
-23 -11 
0 -41 
65 -149 
-120 110 
-163 121 
37 -158 
-143 -122 
145 49 
74 -52 
171 58 
0 -43 
155 162 
-187 -126 
-125 165 
-195 139 
-155 -172 
-72 159 
-24 -186 
-191 194 
-186 -155 
-96 28 
-89 -139 
-152 135 
-155 -141 
-35 -145 
87 -62 
127 114 
-156 -41 
193 -9 
23 134 
-111 122 
74 18 
40 -16 
67 -99 
-46 -159 
149 -5 
-179 -200 
-182 -187 
151 32 
169 20 
121 -87 
-73 -146 
-87 108 
-85 111 
-141 -157 
108 -43 
-10 174 
-36 -173 
-95 51 
-155 -125 
-193 -152 
-23 -55 
-93 90 
73 -28 
13 -110 
-38 19 
-189 -43 
-13 46 
47 156 
-178 -176 
146 20 
-148 61 
-149 25 
-163 195 
63 31 
110 -48 
41 117 
-4 157 
-172 37 
45 60 
-5 30 
109 44 
74 17 
90 -48 
137 159 
167 -116 
-57 -188 
-130 157 
-69 -104 
143 84 
-67 173 
137 171 
33 -155 
-59 103 
-34 -103 
-112 -106 
-164 173 
180 -89 
60 -146 
133 -155 
161 -199 
-196 -44 
161 -67 
127 94 
-196 138 
130 86 
-92 116 
-14 -143 
76 -63 
-109 131 
-18 9 
24 138 
-194 160 
-177 90 
33 198 
-81 -132 
134 -87 
160 49 
180 -83 
140 112 
31 7 
-32 -77 
5 30 
-44 -180 
-89 -4 
-189 199 
152 -179 
-177 -11 
80 -197 
139 -108 
-83 141 
34 -34 
-136 -178 
-89 40 
-92 -119 
-18 -121 
138 19 
188 -184 
122 -49 
95 93 
113 -97 
181 -191 
-64 168 
-178 -194 
-176 -120 
-191 -200 
42 -22 
137 14 
-13 80 
-121 -106 
-196 133 
48 100 
-151 -74 
11 -100 
17 153 
33 -183 
104 -148 
198 -143 
-179 -58 
-153 -59 
-104 176 
-45 47 
87 140 
69 -121 
-161 169 
7 -163 
-154 -60 
-95 121 
-200 136 
-3 -155 
115 114 
-64 -3 
-97 -144 
-166 23 
-106 -90 
196 39 
81 171 
-20 180 
-146 121 
146 33 
-188 -171 
-16 144 
-33 -102 
-87 -140 
71 -197 
-43 29 
-195 -145 
165 24 
-56 106 
-53 184 
-177 80 
125 -73 
-138 -110 
178 186 
150 10 
160 140 
107 17 
131 165 
-66 189 
99 11 
187 122 
-189 -187 
106 43 
171 8 
-53 185 
96 -102 
121 -133 
-17 27 
140 176 
-27 80 
125 190 
69 -25 
58 -172 
-17 151 
-183 142 
85 153 
-198 24 
-126 165 
-37 -158 
-56 9 
-136 101 
-108 158 
191 -124 
-49 -47 
-121 -196 
-115 50 
-182 -76 
-50 192 
-39 190 
160 -130 
50 8 
156 -169 
-101 86 
-71 93 
114 -50 
-77 -96 
-106 69 
-112 191 
-54 98 
177 -14 
-39 161 
-99 -137 
98 165 
17 123 
56 81 
-137 45 
-27 189 
61 -147 
162 70 
-99 21 
55 4 
-89 -51 
-24 10 
53 174 
-118 -12 
-196 4 
-195 -39 
-183 -171 
53 -172 
69 153 
-117 166 
164 16 
-171 130 
157 24 
-49 86 
60 49 
102 -168 
78 -109 
14 -90 
181 111 
163 101 
30 194 
-197 181 
198 -175 
-56 -15 
-85 -8 
155 -121 
188 -42 
-109 34 
45 140 
-4 167 
17 173 
181 -127 
-61 -186 
78 73 
29 -134 
158 -55 
37 -173 
17 5 
-76 121 
14 141 
-192 46 
188 14 
-74 -143 
-39 110 
57 -108 
-124 129 
90 -172 
82 -43 
137 98 
11 -102 
-173 2 
-151 -7 
38 110 
137 190 
101 78 
198 -120 
-92 38 
-85 172 
192 39 
-37 -119 
59 9 
-133 30 
-83 -122 
197 154 
-111 66 
177 -92 
70 13 
26 -26 
120 163 
-124 -99 
-110 5 
-54 72 
-122 -42 
-197 94 
-153 -86 
185 -155 
-96 -188 
36 -181 
-65 -51 
-178 -90 
7 88 
164 -80 
-8 126 
-31 132 
-61 -68 
151 -153 
-46 35 
-27 40 
-63 48 
124 -59 
102 -191 
83 59 
111 76 
94 -11 
136 -139 
-21 -25 
-106 119 
-88 -125 
-54 149 
-1 100 
78 23 
-189 126 
-142 -93 
-115 53 
36 42 
-103 141 
88 189 
162 -179 
-190 -200 
194 126 
92 -11 
101 -95 
177 -46 
109 61 
-114 -130 
192 -99 
20 -175 
-113 178 
166 -180 
135 -130 
-113 -186 
73 141 
42 166 
2 -88 
184 -47 
64 -26 
-16 -111 
-94 -26 
12 56 
-198 -3 
-59 -155 
-127 -184 
-155 -47 
182 -59 
-187 83 
-173 164 
120 115 
-181 167 
-165 54 
13 -162 
-28 -180 
-122 192 
-171 -136 
-141 -18 
23 111 
-48 -144 
42 -118 
-90 48 
99 5 
23 73 
166 121 
121 -145 
127 -103 
-132 79 
-40 -8 
-23 119 
-120 159 
56 64 
-90 -80 
42 -101 
-109 -111 
-107 -61 
109 46 
-89 159 
4 -189 
-86 62 
32 -50 
95 -59 
-189 -130 
140 -167 
-107 143 
-178 112 
-179 -108 
197 -86 
-78 93 
-26 57 
-37 -55 
-11 118 
107 -135 
-1 -164 
-59 181 
140 97 
-157 126 
146 155 
-154 52 
-60 -104 
-114 102 
-24 -177 
157 -72 
-52 -12 
22 -156 
65 112 
85 -77 
-124 1 
48 20 
-10 103 
-110 169 
14 43 
-104 14 
192 -31 
-175 31 
176 30 
161 74 
-77 -61 
105 18 
-33 26 
-180 -102 
139 -32 
31 -72 
-76 171 
-199 -150 
85 142 
-149 158 
-70 98 
-146 17 
-170 160 
66 -141 
51 17 
-94 -20 
86 -188 
-171 37 
39 61 
23 151 
103 -107 
-83 120 
27 12 
-15 152 
-13 -20 
150 180 
-17 -143 
93 126 
-42 64 
-4 196 
11 199 
132 -177 
-3 56 
156 -72 
-132 144 
-76 70 
97 37 
151 127 
28 -25 
28 -159 
-114 163 
122 22 
54 -200 
153 -65 
-112 -145 
-102 -163 
-133 -95 
-74 62 
135 -172 
182 127 
90 108 
-26 -172 
8 -44 
85 76 
172 99 
-29 -173 
179 57 
38 131 
-42 88 
-105 31 
24 77 
89 122 
-164 22 
66 -71 
-186 -58 
117 177 
151 3 
-195 145 
85 90 
97 -167 
-171 -9 
-131 128 
65 -194 
-109 188 
137 -167 
-138 -141 
-54 -19 
-27 -141 
19 -96 
-70 -147 
112 -1 
162 -15 
103 -16 
-29 -103 
-88 -150 
-192 6 
-166 -25 
-41 192 
107 -58 
160 51 
-200 -29 
-163 -78 
-199 160 
-155 -132 
-101 88 
56 -110 
5 169 
160 -32 
-143 60 
48 -172 
77 -49 
99 38 
-22 42 
195 -194 
159 20 
80 155 
176 172 
53 82 
62 59 
177 175 
-126 -62 
47 68 
58 -20 
-109 -38 
101 -152 
10 75 
-66 -44 
112 77 
137 -39 
-118 119 
138 -1 
60 -49 
131 -89 
-61 2 
-71 -147 
25 88 
-174 -32 
47 31 
-61 -8 
103 -32 
-54 -141 
191 -64 
77 68 
103 56 
-94 -81 
-69 -52 
46 155 
-105 -31 
48 -108 
139 -192 
189 -12 
-59 -158 
-39 -97 
-110 119 
-110 81 
-13 -58 
-177 -65 
-89 -45 
137 -25 
98 3 
-131 -40 
16 37 
5 -195 
95 189 
-136 156 
-74 136 
-39 -4 
-12 43 
17 -131 
-82 -185 
88 100 
125 -123 
46 -172 
57 -39 
-9 166 
119 -171 
-120 -167 
-125 -111 
-134 -178 
65 182 
138 194 
18 128 
48 163 
-155 75 
-141 45 
-64 9 
53 -27 
-28 0 
146 -38 
70 -88 
-77 -168 
48 194 
-111 148 
-23 20 
-107 -66 
14 187 
197 167 
192 -130 
4 141 
48 -29 
-15 8 
6 23 
-148 106 
-23 191 
172 -175 
-28 -59 
97 -170 
-48 89 
132 168 
193 -123 
-159 -188 
-111 192 
150 71 
45 28 
-108 -24 
-89 13 
-11 -51 
9 174 
78 -108 
25 86 
-68 1 
-183 -22 
-117 -198 
-180 -17 
-179 173 
59 -44 
146 188 
-55 -22 
-183 -83 
-75 63 
131 -162 
-195 -156 
-130 179 
119 -31 
195 55 
-8 -96 
34 -147 
-107 -133 
-90 -59 
-166 163 
92 -22 
-87 107 
69 -3 
-34 187 
129 -180 
-136 -82 
-197 -194 
148 -177 
-179 -116 
169 90 
-45 146 
-13 17 
-179 62 
195 18 
-99 115 
94 188 
-121 38 
-35 79 
-38 189 
11 -188 
96 -10 
-154 123 
-166 -193 
-120 -87 
151 -23 
73 -103 
-196 -127 
-113 -192 
197 -167 
61 142 
65 51 
181 -130 
19 -122 
-123 168 
-171 20 
-184 75 
184 30 
-129 -146 
-72 -80 
-79 91 
133 -88 
59 177 
-117 30 
24 98 
18 -34 
-123 181 
-82 -93 
-103 45 
-140 23 
-188 41 
161 -173 
-32 -105 
128 58 
162 166 
8 197 
-184 -82 
-108 197 
123 -36 
19 -44 
7 -134 
130 104 
-134 -83 
64 165 
-119 140 
12 21 
28 76 
-140 -106 
-174 -149 
97 182 
94 12 
90 115 
63 -138 
198 99 
95 99 
-85 176 
-179 -17 
119 6 
-160 73 
1 99 
-131 -58 
-12 -170 
-199 -100 
191 -129 
22 -124 
115 -140 
-153 -82 
199 -67 
189 114 
-28 38 
182 44 
-167 -161 
85 68 
-129 58 
-182 34 
14 127 
-92 33 
27 160 
159 151 
181 141 
-101 163 
-15 158 
172 -191 
-88 35 
30 169 
6 108 
142 -160 
-65 -108 
6 159 
-143 -91 
51 -183 
73 125 
-97 -135 
-25 153 
168 33 
117 -130 
-187 -19 
181 30 
-70 16 
-60 144 
123 -70 
106 185 
-84 -33 
86 -160 
94 -168 
-157 143 
-70 -143 
15 -139 
-104 -99 
19 -15 
81 85 
35 -173 
-95 -2 
-84 -155 
-128 -178 
-101 -100 
41 -78 
-111 153 
47 100 
102 174 
-168 -75 
166 141 
-74 125 
-108 -175 
-121 164 
36 -71 
126 156 
-5 195 
-188 34 
-95 138 
-156 -152 
-178 187 
-141 135 
-84 -105 
-101 -191 
-32 -118 
139 -164 
-12 -8 
131 -107 
78 -84 
41 -84 
64 170 
97 -91 
-185 -79 
62 74 
-167 -71 
124 98 
119 -14 
-109 -134 
166 5 
163 -103 
31 72 
-20 149 
98 -35 
-200 -74 
110 27 
64 81 
-78 -128 
-193 -114 
-84 -91 
47 -62 
44 165 
-101 78 
78 -179 
171 -197 
146 -36 
179 172 
-129 194 
-82 -5 
82 -27 
86 -151 
-139 19 
-25 -199 
151 101 
148 -40 
190 -132 
144 -183 
140 4 
-1 -134 
-7 -54 
-14 31 
51 184 
-172 55 
-12 -112 
192 -66 
70 4 
149 -71 
-129 184 
-104 86 
-128 -156 
-163 -143 
-12 180 
192 97 
-108 14 
-71 127 
-200 -133 
-102 1 
107 -88 
-41 -162 
-50 -64 
30 112 
-157 100 
7 -144 
-79 -77 
-178 -114 
-144 162 
68 -103 
-136 -192 
