-16 128 
71 183 
-81 -159 
-200 -57 
-145 -113 
89 132 
-164 -195 
-35 106 
0 -106 
-102 -181 
8 -187 
-22 -29 
-107 114 
-60 131 
104 -140 
-141 -144 
114 137 
163 -103 
42 -114 
-91 -84 
-161 105 
-5 149 
49 159 
-103 -19 
-115 -148 
167 -54 
-173 -193 
187 -84 
-69 -122 
-87 156 
-173 -113 
6 91 
124 -186 
25 198 
185 -10 
-184 17 
13 -108 
59 -192 
-45 148 
-132 145 
-22 137 
-137 -42 
-170 137 
141 171 
-167 182 
-154 -86 
145 -5 
50 -140 
-176 -171 
33 150 
5 -158 
169 71 
-142 -35 
130 -167 
56 85 
144 -59 
-166 -113 
-61 44 
144 -194 
119 -13 
75 156 
118 105 
169 151 
-103 -83 
156 39 
1 -72 
-2 -101 
-147 -128 
5 35 
-37 -161 
-174 102 
137 43 
127 186 
-13 -137 
-130 -113 
31 -174 
-83 -99 
-45 -11 
-38 0 
-60 92 
129 104 
-27 54 
-69 68 
-138 158 
-195 86 
-106 139 
104 155 
-14 -70 
25 189 
49 -149 
114 -62 
-192 -113 
-8 92 
-43 -51 
-124 -33 
-167 -172 
129 -129 
-63 -3 
-20 153 
160 68 
131 43 
-159 51 
77 140 
-167 102 
72 68 
193 183 
80 129 
-181 85 
-64 -192 
-89 108 
-72 -78 
159 -13 
11 -106 
-187 -178 
-139 -190 
-58 -200 
-168 92 
155 117 
-18 28 
-102 173 
-15 99 
41 63 
155 123 
-121 172 
-183 -65 
77 -89 
87 84 
-61 -83 
159 -19 
-106 173 
-74 -133 
-33 109 
-124 -160 
47 193 
57 -32 
-136 129 
104 -17 
151 -122 
-87 160 
-106 104 
-122 -189 
148 -2 
141 -42 
-96 187 
103 -199 
21 82 
-118 -37 
-28 -170 
187 -105 
118 183 
114 -108 
96 -164 
109 46 
55 -91 
3 -12 
-58 98 
59 -161 
-149 75 
119 -135 
150 98 
-91 -58 
-142 166 
-127 22 
-71 99 
-186 -27 
-18 -180 
-18 65 
93 43 
55 -96 
162 25 
89 98 
195 -6 
-97 -24 
97 -150 
-10 -182 
-200 195 
-23 119 
-122 55 
31 -47 
-105 35 
106 -15 
192 -37 
22 65 
-64 145 
5 113 
-10 -110 
11 -39 
-168 114 
0 -2 
5 -198 
-162 157 
167 45 
-24 -73 
-43 -115 
-49 -124 
-20 137 
-129 69 
-112 -146 
-144 50 
-88 75 
-147 -111 
-180 -103 
-101 91 
36 117 
103 -154 
118 -33 
125 145 
-151 71 
197 -92 
131 94 
195 -2 
42 39 
-47 125 
136 80 
-44 126 
121 -88 
6 177 
-34 68 
47 -167 
-138 -58 
-145 -20 
177 83 
197 115 
-190 -103 
-147 -67 
178 63 
169 -188 
158 35 
118 191 
88 -106 
22 -143 
195 -50 
173 25 
53 -135 
193 -6 
142 -173 
-136 -18 
57 154 
-1 161 
95 -107 
-168 145 
181 -74 
95 -135 
-65 -101 
59 -89 
-56 -68 
112 -92 
30 -115 
-13 15 
60 -117 
177 37 
38 -33 
161 -48 
-53 121 
-45 -114 
-97 79 
20 -31 
76 178 
-106 182 
97 107 
33 -167 
63 -47 
6 -172 
147 -124 
-73 -110 
-150 166 
98 -9 
-93 -54 
-84 -185 
-58 -182 
-13 -104 
-124 166 
-181 154 
46 169 
143 -117 
164 -103 
55 -199 
-128 -123 
16 141 
-131 111 
-36 -68 
40 -45 
114 -41 
49 122 
-11 -158 
125 86 
53 36 
-97 -62 
-194 -18 
-128 -176 
17 123 
-44 153 
-27 166 
-200 -11 
140 -89 
-114 160 
58 -146 
99 -122 
-123 184 
73 -111 
-168 18 
86 -105 
109 134 
64 196 
-30 -199 
150 196 
-80 120 
-74 54 
-72 178 
-169 -194 
-50 -190 
-66 -40 
118 64 
99 -9 
-90 -93 
-197 1 
-112 -40 
4 -52 
113 198 
170 -3 
51 -153 
35 -179 
-89 12 
-86 98 
144 51 
83 134 
143 42 
-8 153 
30 189 
35 -125 
-187 185 
135 122 
-156 -72 
186 -144 
-29 -39 
40 91 
156 103 
-198 -12 
27 -4 
-31 -110 
193 -40 
-166 89 
-13 -166 
179 159 
-109 65 
-188 -176 
-23 -131 
165 -140 
192 -156 
97 -6 
192 -113 
-110 179 
-161 -22 
14 180 
193 146 
-2 161 
48 86 
193 -70 
-92 -136 
-87 -183 
125 57 
118 95 
-3 -13 
-51 144 
56 -175 
15 -93 
75 140 
127 13 
-114 -170 
117 177 
159 162 
75 -129 
41 -196 
139 119 
197 -134 
86 186 
-101 185 
176 182 
133 -22 
45 -15 
-113 56 
-26 -188 
-20 124 
-133 162 
103 51 
-37 35 
-26 -92 
-81 108 
-123 -38 
167 -147 
121 -100 
-188 -90 
-40 -31 
104 170 
33 -81 
132 167 
147 78 
-9 -81 
-102 -129 
-179 124 
51 79 
-45 161 
-75 -29 
-197 -191 
-146 -140 
72 134 
-103 -45 
68 -74 
52 22 
71 -29 
-138 -117 
155 -33 
-188 -182 
12 -39 
168 -81 
-31 69 
-183 24 
-37 158 
-174 -124 
-56 76 
48 -145 
-25 -91 
-76 196 
-56 156 
-151 140 
-2 33 
-20 -176 
170 -174 
158 -24 
-14 -11 
-43 -100 
-22 38 
117 -115 
92 132 
-78 198 
-121 -175 
42 174 
88 -38 
-133 172 
153 171 
-14 76 
-120 133 
92 6 
-124 59 
96 -33 
56 74 
-57 43 
176 -98 
180 -18 
-60 -157 
53 41 
12 -134 
-3 43 
133 -73 
107 64 
180 138 
10 -23 
-183 -105 
101 -157 
185 -164 
39 -156 
173 74 
64 -71 
33 -199 
147 113 
79 116 
-120 10 
-40 -71 
-99 118 
-124 118 
64 -59 
-124 -200 
151 -189 
86 -110 
-167 -161 
119 -121 
-27 -111 
176 -131 
-137 137 
-197 -7 
170 -110 
-61 -186 
-117 -22 
-142 21 
103 -86 
-57 -163 
-27 163 
92 -139 
-60 -111 
42 -166 
183 -54 
145 -27 
-41 55 
-62 152 
-179 94 
197 -198 
-109 -31 
-197 113 
-74 63 
40 -99 
126 189 
-38 -165 
1 134 
-199 -148 
170 42 
-61 17 
-187 125 
-74 -119 
109 195 
2 -69 
-185 -18 
-22 -163 
-98 -189 
114 -116 
6 14 
59 -28 
39 -51 
-65 -75 
-21 -167 
-114 129 
-149 -15 
-79 -200 
-176 52 
134 175 
137 118 
-131 -156 
139 9 
120 -200 
-77 -179 
-56 -98 
-63 100 
-57 149 
-129 -15 
-3 -53 
-68 -19 
129 -197 
192 -31 
196 161 
-31 162 
-51 7 
-119 -89 
-94 139 
111 -195 
189 -117 
-108 -122 
125 -53 
105 46 
6 134 
147 -54 
-168 -99 
-75 -123 
-103 65 
-55 148 
-130 -154 
87 135 
58 99 
20 172 
140 -37 
-73 99 
167 -162 
126 68 
-199 124 
-31 -13 
-39 -20 
-17 -127 
-88 -49 
-45 155 
-46 -133 
-2 -119 
-178 -46 
177 169 
-121 -143 
-115 97 
47 -48 
42 -48 
128 -181 
60 175 
181 67 
198 196 
-106 -146 
-162 76 
100 -185 
76 -165 
102 -174 
-47 136 
104 44 
-12 97 
155 -67 
-171 48 
16 -39 
-180 -52 
154 41 
32 -180 
-161 -79 
21 115 
-3 116 
-42 -182 
-111 -100 
132 96 
17 -80 
-113 -57 
-40 58 
-140 105 
-39 -114 
-168 -169 
-57 58 
-95 67 
-101 -112 
-161 -177 
-90 -25 
-94 15 
77 -58 
30 -120 
46 187 
-141 -106 
-151 -31 
-3 5 
134 -78 
-169 86 
37 181 
-38 115 
56 -46 
193 -15 
-169 -45 
-94 -141 
123 -153 
168 -147 
-26 -36 
-64 38 
112 -192 
139 -33 
86 -119 
-3 -121 
-71 -152 
181 166 
10 184 
-158 -101 
-108 -117 
-32 175 
-84 198 
163 -107 
-132 -191 
10 -78 
-46 151 
51 -58 
-50 166 
-4 65 
114 145 
146 35 
16 -117 
-122 59 
199 -200 
-124 81 
48 -64 
56 -12 
78 9 
-183 151 
-147 70 
-163 78 
126 -136 
-162 198 
160 123 
158 0 
42 -138 
-67 -37 
32 1 
-150 -191 
-44 -49 
-180 -143 
79 20 
32 197 
-183 -119 
152 -73 
-148 -82 
180 55 
-59 26 
41 180 
82 -96 
169 -157 
-79 -176 
-161 26 
181 -50 
-33 -199 
191 194 
-88 147 
96 197 
-61 -5 
-173 93 
56 101 
46 -47 
13 -22 
-172 168 
-31 122 
-99 114 
59 -6 
-189 198 
-189 38 
15 -1 
-138 185 
-40 81 
-193 57 
78 1 
-39 -56 
120 -63 
-189 -164 
-172 167 
160 34 
123 -34 
2 -199 
60 -196 
-89 34 
64 133 
160 -122 
-97 -60 
-64 -3 
-133 34 
-191 187 
158 -129 
149 130 
-116 113 
-42 -86 
42 -129 
-119 -22 
-197 -103 
-62 -79 
102 -167 
-139 -73 
47 150 
124 -164 
-68 -140 
-136 -156 
118 -126 
34 -92 
-182 -183 
146 -89 
-192 -34 
112 -102 
-86 198 
-13 27 
8 108 
7 171 
190 -19 
-27 2 
46 124 
-158 -172 
87 -19 
6 -124 
49 -150 
41 79 
-113 143 
8 -114 
177 34 
-173 123 
-27 88 
139 -18 
136 -72 
-138 87 
-16 173 
62 -62 
-13 88 
-37 105 
102 -57 
126 -4 
-49 3 
28 -188 
-20 41 
130 -180 
164 -89 
105 170 
101 136 
-148 119 
-66 13 
-102 87 
-120 66 
0 31 
103 -95 
-83 60 
75 147 
158 115 
-115 -138 
114 -191 
-145 -14 
120 -168 
-7 -152 
-104 -34 
74 2 
-120 -123 
104 3 
-152 76 
-124 185 
182 4 
-22 168 
-137 -151 
121 169 
34 121 
197 164 
-15 15 
16 -199 
-6 -93 
-146 -73 
78 -101 
86 -193 
-66 24 
135 -34 
-63 -93 
-132 -67 
29 126 
-175 -10 
-118 -150 
95 -82 
68 18 
-144 132 
83 -148 
46 -154 
0 -92 
-101 109 
20 59 
-183 33 
0 192 
-67 150 
29 -122 
184 132 
-105 -68 
-20 -5 
7 153 
151 -62 
-151 -82 
-8 -144 
32 -107 
-160 -44 
199 153 
19 167 
167 17 
16 41 
-33 -161 
47 65 
12 -78 
100 3 
55 43 
-176 193 
-179 -109 
-138 -87 
-200 -85 
-14 4 
-131 -121 
87 -154 
-194 25 
-200 -178 
-118 155 
-21 11 
87 143 
158 172 
-23 147 
72 109 
-109 62 
140 -160 
123 38 
-125 -114 
152 -130 
-165 -107 
-57 130 
-123 153 
-6 -66 
185 16 
-161 20 
-163 -93 
-18 -45 
99 -24 
169 -36 
110 -197 
-140 194 
-181 -56 
77 -3 
147 -24 
191 -175 
-49 53 
-8 107 
-56 -43 
86 178 
-39 -107 
82 121 
-48 -136 
-78 -69 
-147 134 
103 160 
39 -12 
42 168 
100 -186 
7 22 
60 142 
6 -61 
149 34 
-84 -1 
95 -120 
184 168 
18 57 
165 94 
-145 -17 
-74 121 
-125 -188 
93 62 
197 78 
40 72 
75 50 
-140 10 
174 -125 
178 -42 
88 147 
176 -104 
176 192 
84 128 
181 -18 
-33 -99 
-170 -10 
128 -140 
-101 -90 
-116 -155 
44 40 
185 169 
25 -112 
-32 -12 
52 113 
-39 -104 
127 120 
182 180 
109 -31 
-18 100 
145 21 
-120 128 
49 -81 
-71 -16 
17 -25 
34 171 
-95 -71 
57 -168 
-86 -135 
-144 -83 
149 -180 
-119 82 
117 -153 
-200 -20 
-171 -143 
-24 182 
98 -42 
-112 -160 
59 152 
192 20 
-140 -16 
30 -94 
99 83 
-183 111 
-42 -95 
116 145 
-54 -63 
-3 -130 
-194 43 
190 16 
-150 -23 
125 21 
112 -146 
197 -160 
-192 56 
-109 -173 
-136 9 
145 155 
97 -160 
-29 -124 
180 -10 
94 170 
-26 -110 
160 30 
-154 -110 
-188 44 
-63 -137 
155 51 
43 13 
-103 184 
-35 -164 
102 -67 
-21 -89 
-3 135 
-77 72 
136 139 
179 -122 
-34 183 
173 -71 
134 51 
134 112 
112 -26 
-152 164 
9 2 
99 -114 
-2 -121 
-41 154 
150 192 
143 81 
-73 -32 
109 -38 
177 -136 
71 -183 
185 143 
-68 -92 
-192 -182 
-59 114 
174 112 
-120 38 
-112 -138 
-5 2 
51 -78 
68 -2 
-151 -83 
-11 121 
-106 -153 
-77 199 
112 -11 
-103 86 
-194 -49 
14 -155 
-137 116 
31 145 
95 -198 
-195 -135 
-38 -171 
156 42 
154 4 
-81 119 
-197 157 
39 -60 
190 115 
156 -92 
-163 112 
159 -73 
-99 155 
152 147 
-182 -27 
-36 -90 
28 -80 
0 169 
-76 -13 
144 44 
131 -117 
66 -91 
-32 39 
-131 -173 
7 1 
73 -52 
133 29 
124 -170 
123 45 
125 -150 
-57 81 
-171 -198 
-133 148 
39 25 
180 96 
6 133 
-158 48 
125 -41 
100 -93 
183 -149 
-186 121 
-1 51 
-177 82 
-118 29 
166 165 
-172 74 
-167 42 
-30 119 
-174 -164 
2 -99 
-165 90 
-64 159 
-77 193 
27 -107 
-14 -103 
44 197 
-69 18 
-91 -36 
-42 30 
56 146 
172 -31 
-25 -189 
-120 -105 
-20 57 
-104 -136 
142 18 
-104 37 
19 -138 
-67 -183 
-115 -63 
-166 -54 
-65 -108 
-6 137 
14 20 
-66 190 
14 26 
-168 134 
19 -37 
87 179 
-103 -78 
19 126 
-142 -122 
-155 125 
-105 199 
-30 -100 
-105 -128 
149 -15 
-51 80 
-99 130 
-137 71 
169 -29 
-60 -105 
109 11 
-22 -109 
73 139 
56 -97 
61 114 
21 86 
84 116 
-183 133 
63 139 
190 -181 
-158 93 
129 -112 
-31 136 
-130 -13 
97 106 
-33 117 
178 176 
128 38 
49 -47 
-109 -14 
-85 -101 
108 75 
-107 150 
-118 -65 
-69 4 
105 -186 
186 176 
94 -97 
181 -153 
123 188 
19 -194 
46 171 
6 -31 
-134 -78 
-57 126 
-16 162 
17 -84 
-156 164 
60 -27 
12 -71 
31 65 
-50 -14 
-160 -69 
-122 110 
-80 55 
-55 -21 
62 -125 
28 -34 
115 168 
180 -119 
14 -187 
-182 -91 
100 -96 
51 -151 
-27 -39 
-135 -183 
-5 163 
84 -159 
10 -197 
-50 165 
93 -168 
78 189 
-38 -52 
150 102 
137 161 
69 110 
23 79 
96 9 
21 77 
-39 158 
175 -115 
69 -58 
75 119 
-128 143 
16 30 
195 175 
-95 148 
88 43 
147 -10 
88 118 
-27 -8 
-3 -88 
-126 185 
-61 110 
64 -41 
-150 139 
-170 44 
131 -136 
-128 -76 
-165 -128 
152 3 
-136 190 
-38 -170 
-98 -41 
68 -61 
-192 81 
-149 -16 
124 157 
-5 -156 
183 139 
134 174 
79 -181 
-190 -180 
81 4 
57 152 
-188 198 
-117 -47 
113 149 
-65 -109 
-40 -139 
-100 37 
96 -194 
-79 -159 
-24 -65 
111 102 
-3 -85 
195 15 
11 -25 
150 127 
-97 107 
-13 57 
167 164 
-139 125 
-1 62 
19 -53 
-146 90 
-174 74 
173 105 
48 -142 
137 -146 
-106 -42 
-21 -79 
1 -37 
102 184 
-80 -74 
-175 145 
-129 75 
-134 18 
175 70 
36 -97 
73 -183 
94 174 
105 109 
-121 22 
150 109 
-31 182 
-149 163 
-48 71 
-81 109 
-133 -198 
-86 -138 
-92 -70 
189 -142 
-126 143 
-2 -98 
122 -95 
165 41 
57 170 
18 -184 
-190 -34 
6 163 
128 131 
-58 -133 
-112 188 
132 -60 
65 -48 
-106 112 
18 92 
130 -54 
-128 77 
170 61 
-5 -120 
21 -144 
62 -47 
177 -187 
160 53 
-6 -103 
47 157 
-186 192 
93 -190 
147 -136 
103 -108 
-82 -182 
62 70 
-195 -58 
-103 -24 
98 -68 
-151 -171 
-46 88 
-177 99 
-25 -139 
119 -112 
19 92 
-116 105 
-35 8 
-153 -134 
-127 85 
-103 -106 
17 -112 
-10 -36 
43 -153 
-33 119 
-170 75 
-19 157 
-75 -164 
-116 -84 
189 -181 
-92 -18 
-152 -184 
184 -90 
-142 -186 
51 0 
169 80 
5 -67 
-125 135 
171 -127 
47 -46 
156 -105 
-57 -99 
-195 172 
159 -166 
-62 63 
103 171 
-172 82 
137 -22 
-134 35 
8 119 
-153 -187 
97 79 
94 -46 
192 -51 
141 199 
82 42 
-186 -82 
79 65 
-109 -134 
-50 111 
-3 -141 
-47 -4 
146 121 
-179 -58 
9 150 
-195 93 
172 -48 
99 73 
179 68 
-76 119 
-26 -84 
-124 -127 
-58 131 
122 125 
167 61 
71 -125 
99 -136 
98 -115 
-196 39 
-199 -119 
-195 -89 
197 156 
-180 -138 
-82 71 
-136 -111 
-145 135 
-192 -70 
-104 24 
70 104 
29 -64 
-51 133 
197 160 
-67 98 
165 -128 
140 -45 
-47 -13 
-143 -163 
46 -179 
98 56 
-177 -106 
-162 12 
82 -131 
-184 83 
57 169 
138 85 
54 -130 
14 100 
122 -93 
-106 33 
-162 -192 
123 104 
-70 -89 
-8 120 
194 127 
7 175 
168 116 
-49 61 
35 58 
-159 -142 
-127 -1 
-132 -142 
-77 48 
-101 162 
-123 -33 
65 -93 
-123 -61 
1 -71 
90 -47 
-50 23 
158 -200 
22 33 
184 171 
-15 -104 
140 -72 
-36 -89 
-64 87 
-53 126 
-163 16 
-100 -76 
-132 -158 
181 -79 
-190 -142 
11 -146 
-139 186 
-161 78 
-156 175 
-90 170 
56 92 
170 -11 
-151 92 
193 -59 
-40 108 
-18 -108 
-55 -2 
-15 -54 
-99 89 
-19 -53 
-135 -194 
55 -183 
113 100 
10 -112 
-120 47 
-42 -171 
194 -114 
-70 86 
80 48 
73 -85 
56 -197 
176 -146 
193 -191 
-12 88 
-130 -191 
-24 -33 
199 -135 
20 151 
-60 -135 
-49 -149 
89 19 
-61 174 
-52 18 
125 -42 
-97 -31 
122 -198 
-59 -49 
72 158 
13 178 
-18 166 
108 40 
186 151 
-146 -135 
-99 18 
82 -90 
86 115 
22 -4 
-80 131 
-17 138 
135 -118 
-173 -26 
125 -76 
-122 -81 
-103 -185 
-23 -151 
161 74 
-160 41 
53 117 
-196 78 
19 176 
111 48 
-74 133 
74 150 
89 -6 
26 -28 
184 -28 
-183 -185 
-149 -190 
37 187 
52 33 
133 -160 
171 -64 
-143 -18 
39 6 
-104 2 
19 23 
47 9 
-49 -197 
-161 -184 
63 48 
-109 -66 
-36 -167 
10 -69 
-41 -67 
173 -58 
42 -185 
47 -185 
-3 140 
-74 24 
-167 89 
-134 124 
-116 175 
-154 -138 
188 195 
88 111 
-139 80 
-171 103 
123 183 
54 -62 
69 27 
-191 60 
178 168 
128 74 
-176 107 
-142 -163 
187 197 
81 157 
-145 -86 
126 -37 
-123 5 
139 4 
-75 178 
67 92 
191 -81 
-49 79 
-179 199 
124 -15 
-12 -123 
-144 -94 
-62 87 
-153 -125 
149 19 
-104 35 
-92 119 
173 2 
-158 187 
-105 27 
38 -77 
40 176 
-120 -27 
-12 119 
35 19 
-39 32 
-136 -151 
145 -128 
-188 -25 
-90 81 
-75 -173 
-148 -58 
-14 184 
10 115 
-198 -44 
-44 -30 
179 -177 
-132 -9 
-89 19 
-44 -92 
-187 -89 
154 191 
52 -66 
-117 22 
109 12 
55 -9 
-166 120 
-21 52 
-114 107 
47 -65 
34 145 
-160 -91 
-141 52 
160 110 
-154 43 
-164 -78 
-183 53 
144 -35 
32 -13 
-148 -155 
-91 -174 
37 87 
16 169 
27 -183 
142 143 
184 53 
-107 -65 
-171 -101 
-196 175 
-166 38 
189 5 
67 182 
-102 57 
-161 131 
-167 157 
-36 -141 
199 -152 
8 4 
8 -45 
47 -143 
-53 -65 
-68 107 
32 83 
47 102 
33 171 
89 -30 
-13 -46 
-128 -165 
156 32 
-169 112 
180 29 
-25 118 
102 -141 
199 -115 
-120 -129 
-58 -64 
-106 -51 
-17 154 
-94 176 
-51 -177 
11 -98 
136 -107 
8 124 
161 -76 
128 22 
125 -156 
79 83 
75 148 
-185 -126 
-166 150 
-66 -149 
-194 -148 
108 183 
89 106 
-135 -12 
-11 126 
-68 -67 
54 -100 
-175 -188 
149 6 
-23 110 
-146 103 
-79 125 
190 -186 
119 29 
107 32 
-92 -54 
25 -26 
120 -74 
196 -16 
188 152 
-104 129 
-155 19 
-70 142 
-19 84 
165 125 
-24 -151 
16 -143 
-87 -60 
170 -10 
69 -81 
142 -86 
1 32 
-106 -170 
-197 -38 
-181 183 
30 -167 
-168 -105 
132 33 
-14 -178 
-175 -58 
-97 48 
118 -39 
-158 42 
-96 -23 
-38 -43 
114 162 
154 83 
-147 43 
49 -72 
183 3 
172 173 
-173 196 
29 44 
-188 121 
55 196 
-109 7 
-115 136 
-34 -98 
183 33 
-104 -167 
27 137 
-144 -102 
11 -87 
177 -43 
10 -10 
33 -136 
81 138 
153 75 
52 -39 
177 -42 
6 -52 
16 120 
-109 -43 
-8 114 
169 -84 
141 168 
122 150 
-10 32 
45 93 
78 -8 
31 196 
-42 -147 
-181 -104 
-186 131 
123 -89 
-128 -149 
125 -62 
-194 -39 
109 41 
17 178 
-59 111 
-110 13 
-72 47 
139 125 
-23 30 
70 26 
-23 1 
126 -116 
155 104 
102 -34 
-97 174 
119 -158 
-145 -66 
-85 -30 
-1 -136 
29 106 
-150 -18 
25 -62 
-80 -174 
33 -180 
-63 47 
-152 148 
-172 86 
-159 -131 
153 55 
-200 105 
111 131 
-75 128 
-29 -86 
-116 130 
182 -163 
-73 26 
29 -5 
-31 21 
33 129 
-9 -137 
-181 -148 
-165 96 
102 -162 
-119 18 
150 -98 
86 196 
41 -135 
-16 147 
116 -40 
-108 -156 
72 146 
33 -2 
-110 50 
100 -166 
-37 14 
-29 196 
31 118 
191 -32 
-168 -134 
154 0 
149 31 
-115 179 
-108 21 
-97 7 
-163 113 
106 42 
21 -73 
-81 -131 
-187 69 
-125 161 
-45 -87 
-92 185 
-122 -77 
-198 115 
-181 116 
83 -126 
61 18 
-80 -166 
136 -167 
-23 17 
19 58 
55 119 
93 137 
161 -148 
108 -186 
-70 182 
154 -98 
185 -111 
-28 -1 
37 -87 
-36 192 
-36 44 
187 70 
-153 -45 
-88 -185 
99 -95 
189 45 
61 42 
-64 -65 
101 -163 
-68 -55 
-36 -77 
148 129 
8 44 
120 160 
-165 192 
33 174 
-36 -175 
5 -126 
4 -65 
-190 38 
111 83 
-98 108 
84 108 
89 -199 
-22 -171 
65 -145 
-69 186 
-178 74 
-134 -178 
-154 20 
36 163 
-126 49 
130 -181 
-32 107 
-67 137 
106 -90 
140 -168 
-100 -165 
71 -74 
145 121 
-64 12 
186 34 
-22 196 
43 -31 
-65 -134 
-110 85 
-3 -34 
5 77 
104 -197 
-161 191 
-37 161 
-162 134 
-52 -39 
17 -99 
104 -22 
85 -189 
29 144 
-190 4 
116 -58 
-6 -136 
131 -77 
-22 -175 
129 -34 
-55 -46 
51 -171 
66 168 
67 -81 
83 -66 
-127 -53 
-93 165 
-134 75 
-24 138 
153 59 
-139 -11 
-184 -95 
-139 191 
67 -156 
165 98 
73 148 
-47 -170 
66 157 
-184 -14 
-37 121 
-64 -32 
150 34 
61 107 
75 124 
18 -52 
-10 173 
-22 -177 
-161 81 
29 112 
-61 -178 
169 102 
-85 -189 
56 -133 
40 159 
180 151 
176 82 
-13 80 
17 149 
195 108 
154 -80 
117 -55 
119 180 
178 -46 
120 -50 
-120 -13 
127 -76 
-46 29 
-152 92 
28 -108 
117 -40 
0 -116 
-199 185 
-37 -180 
-90 -194 
-135 42 
-135 132 
63 194 
108 -90 
-91 185 
24 191 
-173 178 
109 142 
162 -45 
143 -36 
-30 159 
182 197 
-21 170 
116 -99 
50 -146 
101 -113 
-100 -161 
-174 -167 
160 153 
-127 -13 
159 179 
-79 -96 
-156 -71 
150 -77 
-141 -137 
118 -91 
102 -192 
-10 41 
62 58 
134 21 
67 135 
-181 -8 
29 -187 
185 96 
-190 -97 
139 -166 
-81 88 
-75 76 
185 139 
12 -47 
183 186 
52 183 
168 38 
107 -15 
123 87 
141 -134 
134 -143 
67 5 
63 178 
191 187 
30 147 
151 -110 
184 39 
-12 11 
-34 -168 
-83 142 
-178 146 
-36 -30 
46 -177 
65 -119 
-31 47 
115 -200 
-81 -155 
181 57 
102 122 
-44 -136 
-25 98 
196 65 
-56 -70 
-89 -28 
-34 -87 
116 154 
42 -85 
160 118 
-81 -120 
-60 -102 
101 -173 
-116 -26 
156 -123 
83 198 
-2 -189 
-29 -64 
-42 -88 
164 94 
156 182 
151 -170 
48 106 
61 98 
4 131 
60 138 
37 106 
169 -150 
188 -81 
173 38 
-101 -67 
51 -2 
-185 34 
-145 161 
-106 -75 
-18 -92 
-16 130 
-45 181 
164 -1 
150 -54 
130 -182 
63 -75 
169 30 
-192 -148 
55 -173 
-145 67 
151 -100 
112 -83 
98 166 
-29 110 
-98 -191 
-126 127 
38 80 
2 -192 
194 72 
-131 -20 
-76 -29 
-32 -178 
-115 84 
-38 -121 
170 78 
-30 -191 
-123 123 
41 197 
85 33 
-94 137 
-55 -196 
-181 -7 
-74 124 
16 -68 
35 86 
-131 -7 
134 184 
32 -97 
-10 191 
125 194 
184 -85 
129 -74 
-100 -64 
-194 159 
-11 115 
154 -106 
-151 -50 
194 93 
-48 -121 
44 91 
-50 167 
10 194 
166 -80 
168 141 
-84 57 
44 -24 
-122 -153 
101 -33 
109 80 
-1 34 
-163 -6 
23 38 
-193 61 
69 -151 
93 -45 
-93 126 
-197 -120 
-187 37 
-113 163 
-3 -169 
169 135 
129 -53 
10 109 
-113 84 
-180 -66 
-79 17 
49 -196 
132 59 
61 -125 
-185 97 
-82 -198 
112 45 
157 -112 
122 44 
-187 -35 
186 -140 
37 -49 
173 133 
74 68 
-175 54 
-152 -178 
-131 -58 
-95 178 
151 -12 
-121 -101 
181 1 
-88 -127 
99 -103 
-193 150 
-86 -174 
53 -30 
92 184 
-111 19 
-138 144 
-193 -17 
-97 -147 
144 -29 
-50 124 
-22 -88 
64 32 
25 151 
194 -156 
75 6 
-32 -95 
88 175 
-188 -2 
-114 134 
19 -43 
-79 194 
-160 -49 
48 -123 
-82 -162 
151 -161 
-109 172 
-76 -176 
-193 -105 
17 -39 
86 -104 
-138 -101 
-128 3 
61 194 
114 -69 
179 96 
38 1 
-29 69 
-159 -188 
62 5 
-52 124 
191 62 
-90 57 
-180 -77 
39 114 
-133 45 
155 55 
145 -81 
-55 126 
123 20 
62 17 
11 59 
-80 -162 
182 3 
23 113 
99 82 
-75 -12 
99 -94 
9 -102 
-181 -199 
77 -166 
-140 -46 
-126 -45 
-110 -85 
117 -68 
9 157 
170 37 
149 40 
-105 -166 
-106 -151 
195 -4 
-7 176 
20 34 
-95 -193 
-47 23 
-138 -141 
-14 71 
98 184 
172 -163 
76 -134 
-34 129 
-87 -6 
-195 14 
-16 8 
-135 116 
-192 -164 
56 -136 
185 -13 
162 118 
-78 -35 
116 194 
26 117 
141 75 
-197 -54 
-32 -162 
105 -53 
-84 -186 
-36 115 
103 -90 
100 169 
171 105 
-163 -44 
-83 -185 
165 -81 
-13 192 
122 193 
85 150 
151 45 
-118 -166 
-93 -182 
-10 6 
-166 29 
-5 69 
-102 44 
-104 33 
126 -179 
-142 -131 
-113 136 
-109 95 
-1 121 
189 -45 
50 26 
-199 3 
103 -109 
-106 181 
-196 -57 
121 9 
-23 5 
155 149 
-197 67 
-74 -179 
-58 74 
105 192 
-66 -80 
84 -58 
117 -138 
-176 50 
-5 -90 
70 105 
26 128 
40 -200 
-46 162 
167 -181 
95 195 
-80 -3 
-43 98 
-94 -191 
119 -81 
-89 93 
-158 -109 
69 115 
130 179 
-108 146 
161 -96 
36 -155 
143 181 
-61 -62 
70 0 
78 -87 
71 -123 
60 161 
-72 152 
198 -18 
175 -178 
-94 -101 
180 38 
33 -137 
-88 -172 
3 -134 
-91 181 
-2 -115 
-17 -89 
-112 -32 
-25 -44 
-14 73 
194 143 
-67 -28 
-6 -134 
-37 -6 
-112 16 
103 125 
199 10 
198 191 
12 -26 
109 -162 
-115 72 
77 89 
-100 94 
-71 114 
-28 87 
176 10 
112 -183 
44 178 
178 -98 
70 -43 
-136 -80 
-20 -32 
157 174 
-81 -70 
168 -189 
82 -139 
45 -172 
60 45 
-178 175 
-123 -198 
104 51 
187 -46 
-86 -1 
-31 154 
-47 -84 
43 -112 
-72 63 
3 133 
-96 -72 
-12 127 
90 -67 
97 8 
74 117 
-198 -82 
192 -122 
179 45 
-152 -44 
-67 -47 
4 86 
-130 -144 
95 0 
-8 -140 
-103 -6 
-172 -17 
-68 -192 
20 155 
40 111 
116 -167 
-79 157 
-70 172 
-25 -160 
115 -19 
-103 121 
132 -31 
-196 105 
57 171 
-159 163 
94 9 
-158 134 
-31 3 
-119 25 
-26 132 
-71 -72 
106 145 
106 -85 
-173 -14 
9 -27 
176 48 
9 192 
-87 -97 
-35 93 
-141 42 
2 -158 
-84 -60 
-190 -199 
-13 22 
-100 -172 
38 17 
-114 -29 
-109 -87 
-195 29 
22 116 
-29 192 
28 -43 
-184 143 
-98 64 
-43 -36 
144 -131 
-10 12 
146 166 
-111 57 
48 71 
15 -82 
-99 -195 
104 -144 
107 -92 
-102 0 
-148 -70 
-4 100 
143 -177 
20 72 
184 23 
-179 105 
199 77 
-129 87 
-20 -129 
-151 -34 
-7 118 
61 -175 
-184 -36 
13 28 
-8 91 
119 39 
-118 10 
-51 112 
94 -20 
-42 66 
14 128 
-148 -118 
-31 46 
-72 113 
-82 -77 
81 -173 
66 -16 
-101 -105 
185 -116 
195 -138 
-137 32 
-86 56 
-75 198 
-187 137 
-105 160 
47 -180 
-87 -21 
189 -83 
-69 34 
-89 49 
-148 151 
-169 102 
-174 -91 
-108 134 
3 38 
-143 15 
-51 -81 
-38 -51 
-4 -174 
-172 189 
-10 35 
-47 -45 
-63 -122 
16 -107 
-30 93 
159 -31 
-184 -71 
-45 178 
43 134 
-72 168 
197 -90 
-193 -185 
193 -33 
-126 88 
-148 40 
-115 -47 
-121 -78 
-54 -3 
82 38 
148 38 
98 126 
172 177 
88 -1 
-46 -120 
-94 59 
-173 79 
-101 155 
-177 -94 
160 96 
14 102 
-9 -88 
32 149 
159 -116 
155 -49 
104 22 
-12 -163 
112 -154 
-146 50 
-139 -38 
103 147 
185 170 
135 -106 
-60 14 
-157 -85 
163 -141 
129 131 
30 -16 
194 -136 
-83 154 
113 44 
-50 196 
187 102 
-46 93 
104 -36 
80 -86 
-193 -151 
-198 140 
-184 129 
175 -121 
-88 149 
37 -150 
97 148 
145 -141 
171 -120 
51 -175 
134 186 
-148 -180 
22 -99 
24 -196 
-88 -66 
-121 185 
-67 124 
82 -17 
93 197 
106 92 
185 -119 
18 113 
105 69 
-5 92 
16 -18 
-23 -56 
-16 -100 
136 -134 
143 -168 
71 118 
5 99 
-67 -15 
-33 -162 
-58 -81 
-110 129 
145 -153 
-36 -128 
-15 137 
189 31 
-174 -92 
-83 -163 
-168 -94 
177 -192 
-124 124 
-41 76 
17 -13 
-180 51 
-194 150 
-109 99 
-147 -200 
-187 -88 
87 178 
-130 72 
-191 32 
44 -51 
151 -91 
-20 191 
25 33 
-144 14 
101 -130 
-118 47 
94 -67 
-96 -75 
-36 156 
-71 -191 
-153 -182 
-31 173 
-52 0 
169 149 
162 166 
-105 -38 
61 79 
-116 -163 
107 115 
-20 55 
31 121 
55 191 
-115 -179 
99 113 
-103 186 
-185 -63 
189 -46 
95 32 
-141 -152 
-153 22 
-26 185 
184 96 
179 -79 
67 29 
-193 34 
77 52 
-15 37 
-168 -44 
34 104 
-150 -73 
-17 172 
76 -7 
40 81 
66 98 
16 -7 
160 121 
-58 -23 
-12 60 
135 34 
-192 -72 
30 -18 
101 -101 
-21 191 
-19 136 
72 90 
-113 -135 
156 169 
-36 -59 
-181 88 
16 -111 
85 91 
197 81 
-41 -83 
-149 -6 
-138 142 
-195 -19 
165 -181 
41 -138 
178 -16 
192 87 
-30 149 
-46 195 
70 94 
-189 -193 
-130 125 
-37 97 
30 192 
-172 -76 
156 128 
-75 88 
143 -9 
-159 189 
137 -165 
152 16 
-161 171 
-102 10 
-82 27 
156 -67 
120 39 
-82 12 
-136 66 
126 -108 
-28 77 
-110 167 
-28 -5 
-89 -197 
165 27 
-180 180 
49 -63 
90 73 
-126 -71 
7 71 
-14 -122 
140 -8 
103 44 
154 -190 
91 -133 
-147 28 
142 -174 
79 132 
-35 137 
-199 171 
-125 128 
-9 -123 
-139 1 
-145 97 
-140 12 
18 -90 
-153 -49 
-127 -175 
-193 -134 
-6 115 
-24 -115 
38 96 
-39 123 
-91 -179 
-40 -183 
82 -81 
6 188 
-77 -17 
14 138 
-91 121 
-48 64 
-133 199 
-137 43 
-8 144 
-15 17 
65 133 
-195 130 
188 -140 
100 65 
134 -35 
-76 -108 
33 -45 
-200 -183 
66 96 
-165 72 
-5 136 
84 -66 
102 97 
-17 -28 
-71 -167 
79 66 
-195 28 
137 -44 
-43 197 
132 -126 
123 -69 
6 -106 
174 35 
-167 -18 
15 -70 
4 -176 
48 -129 
-185 -7 
62 -88 
-35 165 
107 -137 
185 179 
162 177 
-161 83 
-91 8 
-166 166 
-159 71 
187 58 
-55 73 
-24 109 
-76 -175 
-7 17 
147 146 
-89 -33 
14 116 
46 39 
29 -17 
-122 -198 
16 -95 
-56 14 
155 -112 
-110 -197 
-57 173 
-109 -85 
-157 15 
142 133 
-147 -42 
89 2 
-118 104 
116 -24 
-124 -105 
-177 -118 
138 158 
-135 6 
84 187 
-31 -62 
139 20 
-103 -120 
109 -123 
-119 -128 
188 -187 
-115 -166 
108 -174 
-165 -37 
197 -18 
-5 62 
102 112 
196 36 
122 -131 
85 161 
-84 -166 
26 -7 
-34 152 
-192 136 
-155 77 
-45 -6 
138 -43 
178 185 
-32 109 
-168 -34 
84 -39 
82 96 
-162 78 
76 114 
105 102 
-160 176 
-44 -111 
81 68 
55 26 
-188 -167 
131 -175 
137 34 
182 155 
-29 169 
88 -11 
-125 64 
-106 -138 
107 -76 
-22 6 
20 -78 
-103 -40 
-119 159 
-32 61 
-2 -112 
-170 193 
5 -102 
-67 -180 
178 159 
34 148 
-8 123 
-134 99 
-127 -113 
-186 -61 
83 -144 
127 -178 
56 97 
-63 -139 
-192 55 
37 -200 
117 -84 
58 -89 
121 -26 
-14 -127 
159 -121 
167 71 
-7 128 
141 -12 
-77 6 
-151 33 
67 197 
-63 126 
80 147 
20 -87 
5 47 
-128 104 
143 -181 
57 -12 
-23 -14 
32 -36 
69 119 
-192 -136 
168 29 
115 -156 
27 110 
-8 -18 
129 -95 
-163 45 
88 6 
-20 132 
-83 55 
-43 -78 
-64 115 
-84 -67 
177 -115 
-39 -10 
8 33 
131 -39 
-84 29 
39 -88 
62 14 
-21 91 
43 79 
-160 -176 
-9 159 
-135 73 
158 129 
-98 124 
-59 102 
27 2 
2 -12 
103 197 
-66 154 
177 102 
-57 -174 
190 158 
165 -40 
89 -123 
-123 125 
77 21 
72 98 
92 123 
-156 90 
-1 -102 
193 -173 
-83 -194 
13 -160 
-163 4 
190 95 
172 -75 
-99 -186 
149 135 
-79 38 
-161 -52 
-193 -120 
24 -125 
-140 148 
-72 65 
146 -100 
-119 57 
167 116 
61 125 
73 -45 
47 124 
50 96 
176 24 
-120 168 
-55 -181 
-88 71 
-21 35 
-168 24 
-116 63 
-118 -12 
32 117 
-42 -99 
157 -58 
-96 154 
140 171 
171 -39 
-54 193 
175 136 
-13 -130 
-118 -21 
-132 -8 
-35 65 
-193 72 
-170 -187 
0 51 
142 -181 
97 103 
167 -135 
-90 194 
-95 197 
123 -177 
133 40 
-138 170 
-115 101 
-60 142 
-138 -113 
30 157 
133 79 
-195 39 
137 38 
-198 -60 
104 9 
-73 171 
158 -196 
-66 59 
53 -105 
-118 42 
-127 95 
-66 -144 
8 -88 
-170 -97 
165 110 
-47 -19 
-88 148 
-182 -188 
-141 88 
-186 -88 
109 -107 
102 -24 
98 99 
93 -109 
-48 122 
-147 80 
-173 199 
95 127 
89 -131 
-72 -86 
30 16 
-86 138 
-20 -69 
-106 -55 
165 189 
148 -16 
-31 -89 
-167 -124 
-182 -12 
169 -75 
-110 -31 
-26 68 
-159 -63 
-61 -94 
77 23 
198 131 
90 166 
-82 162 
49 129 
53 -64 
38 53 
-38 -67 
135 -165 
-194 185 
-31 -148 
-114 2 
76 -138 
54 148 
2 107 
112 -47 
-32 151 
-160 -126 
173 -28 
94 135 
128 -109 
10 -126 
-30 194 
-19 -31 
-138 35 
-155 -115 
55 20 
80 150 
-145 -30 
-89 17 
-141 138 
-185 4 
76 -113 
64 -12 
-145 -154 
-123 73 
88 -32 
-50 64 
-61 -29 
-107 55 
-65 34 
160 94 
-60 -2 
20 0 
-120 78 
190 -15 
-38 130 
-112 90 
85 -56 
-185 -102 
-143 -34 
-43 -65 
69 40 
-116 -128 
-103 -170 
110 -119 
95 -93 
-32 35 
46 -7 
129 -167 
-174 -169 
-21 85 
-155 -59 
-200 185 
24 57 
-75 176 
-36 102 
66 90 
-64 -33 
5 167 
104 -2 
-97 28 
-26 -103 
90 -84 
-192 142 
-124 22 
-72 -69 
96 159 
15 -5 
-65 150 
4 102 
-170 -81 
-62 -121 
-74 138 
18 198 
-14 -85 
-166 -78 
-101 125 
-50 186 
14 -125 
65 -27 
-42 -76 
-146 193 
-33 160 
-147 -76 
105 172 
130 -38 
91 191 
-110 -51 
145 19 
-51 184 
61 -198 
166 -177 
-29 -171 
-142 162 
170 -189 
-151 111 
-26 -132 
10 145 
-72 142 
158 -154 
70 155 
-90 -55 
91 -152 
-8 -103 
40 28 
78 -88 
153 -48 
-55 79 
-183 -114 
-35 -84 
177 3 
-104 34 
125 19 
35 23 
-59 157 
127 -86 
185 -137 
168 1 
-36 185 
108 124 
153 43 
89 -73 
166 156 
-71 43 
98 176 
16 155 
79 113 
-122 -136 
-196 -54 
112 180 
49 112 
87 196 
39 -107 
149 153 
44 98 
75 125 
-183 -111 
108 -170 
120 -165 
48 76 
-8 -44 
-149 155 
-11 165 
-33 -143 
-42 -142 
-171 -133 
43 -23 
-134 -140 
-126 -103 
88 55 
-186 4 
-13 -126 
-24 -157 
-184 8 
98 -100 
-3 168 
-51 172 
-165 114 
-131 -181 
103 -14 
14 -189 
-17 -48 
43 58 
-8 -164 
-88 -200 
-53 94 
113 81 
-13 -28 
26 138 
44 -101 
-92 -155 
14 168 
-157 -194 
-27 109 
98 147 
-169 36 
27 -37 
-62 25 
125 95 
-82 42 
-151 -173 
119 60 
195 -39 
120 9 
62 187 
183 167 
-197 -14 
-54 113 
-159 29 
-10 -185 
-136 -86 
143 -113 
-97 -61 
11 101 
87 162 
-125 22 
-183 165 
-100 -86 
18 -171 
175 -187 
14 -103 
45 69 
-164 -79 
-135 -161 
145 -130 
-175 -17 
66 44 
109 171 
57 18 
-52 189 
-142 139 
-186 183 
-121 -153 
-54 -175 
102 -133 
1 -1 
116 -182 
-4 -155 
39 78 
123 196 
-103 138 
154 192 
-6 186 
-166 -140 
-19 -109 
-171 49 
99 79 
-120 26 
128 39 
30 144 
46 127 
127 19 
155 -149 
198 132 
-15 53 
-175 50 
86 18 
24 151 
111 -70 
15 132 
110 134 
-106 135 
-77 -153 
-103 -117 
52 59 
-61 29 
181 28 
-58 -194 
146 -17 
-16 27 
184 -7 
-136 33 
129 87 
-129 -87 
157 -87 
-15 -194 
-123 104 
71 -193 
-51 -55 
148 118 
-89 -95 
28 -64 
-101 196 
-168 89 
182 -62 
95 -56 
-193 -150 
-179 14 
-11 -115 
-179 48 
-13 -152 
-116 101 
176 -116 
181 36 
45 84 
167 -143 
160 69 
58 -136 
-137 -84 
179 -141 
137 134 
-172 -73 
130 -55 
-83 54 
-104 106 
-182 30 
62 9 
-40 78 
-166 -20 
83 100 
-24 -55 
19 3 
-160 66 
61 -120 
167 18 
115 -21 
-122 -92 
-58 96 
34 -48 
139 -96 
184 -140 
-94 -52 
192 195 
46 -110 
-190 116 
-99 3 
-106 159 
-156 -159 
-69 -18 
-87 -122 
134 -172 
124 -120 
168 165 
-105 -101 
-59 118 
-143 -169 
-198 -142 
6 -137 
99 -186 
142 16 
193 -108 
58 -198 
179 -186 
-61 -140 
-157 -100 
-137 183 
10 95 
-43 73 
-88 68 
-90 159 
-84 163 
192 135 
137 143 
-48 -2 
-39 57 
119 -65 
129 145 
131 -6 
-107 32 
-34 -17 
33 40 
3 -187 
177 -78 
123 -191 
-111 -60 
-197 -85 
-128 117 
-3 98 
59 -43 
35 -116 
-114 -76 
145 110 
-20 -30 
7 -125 
-140 -40 
133 111 
-164 125 
107 148 
90 145 
130 -39 
127 103 
198 105 
131 46 
110 105 
157 -179 
94 -1 
145 -47 
85 -80 
131 -151 
34 78 
147 -26 
-196 -138 
150 140 
62 -50 
159 -28 
55 96 
-132 100 
-56 163 
63 168 
28 20 
-56 -101 
92 -69 
26 -108 
-79 -22 
-101 55 
179 -112 
98 130 
33 133 
-76 -182 
-14 90 
193 158 
11 -96 
88 33 
-124 -93 
155 -193 
-68 163 
190 -133 
-102 -30 
-191 -159 
-154 150 
30 102 
67 -30 
-195 181 
39 -177 
-2 88 
-189 -107 
-46 -98 
14 -145 
183 93 
87 -200 
63 21 
-144 38 
47 -94 
-147 -87 
-187 48 
147 176 
6 10 
40 -198 
-22 102 
-37 -138 
-57 -25 
71 -77 
-195 -35 
-46 46 
-7 -188 
199 -97 
176 190 
-23 34 
15 -78 
-124 165 
-192 -159 
51 182 
-115 176 
153 -198 
0 -103 
-117 -138 
7 -61 
-108 150 
-91 -178 
83 89 
171 -19 
89 -164 
18 107 
-127 -29 
95 31 
-139 90 
50 39 
44 94 
71 184 
123 149 
73 151 
-6 -44 
-44 -78 
102 183 
45 104 
-140 -86 
37 -110 
84 65 
71 174 
3 -96 
72 40 
-80 6 
39 109 
-138 179 
105 -153 
38 105 
-15 -192 
-105 -59 
31 8 
65 57 
-88 -194 
11 47 
124 -197 
-166 145 
-172 67 
-5 107 
185 110 
-2 83 
93 -56 
36 123 
23 -85 
46 122 
-192 110 
198 75 
144 -187 
-86 143 
-83 -59 
18 144 
-84 -159 
15 69 
5 -164 
-100 28 
62 172 
-40 -185 
38 180 
-77 11 
-165 -29 
-132 168 
83 32 
183 58 
108 -157 
-197 -140 
30 -102 
83 13 
-40 -155 
-56 -186 
3 -7 
-21 5 
27 34 
111 -121 
-69 -94 
-10 38 
-102 163 
66 -25 
174 -121 
-176 185 
93 -40 
-42 -44 
114 -35 
107 -135 
84 -135 
-109 186 
18 191 
6 -151 
171 25 
24 101 
-1 -180 
-168 153 
-108 -146 
154 -100 
-57 42 
-157 9 
-116 115 
142 76 
48 -49 
-95 108 
28 113 
4 -141 
29 -72 
33 -145 
11 -197 
-170 -193 
-110 58 
94 -102 
-190 -197 
-90 56 
-50 101 
0 -156 
-27 78 
42 -119 
152 94 
55 -188 
172 143 
61 -14 
-126 84 
-29 166 
-77 -30 
-159 44 
195 116 
-175 -165 
53 -53 
12 96 
166 -196 
109 -94 
-172 -117 
8 98 
-72 164 
69 -157 
98 112 
-1 -73 
138 -134 
11 150 
139 39 
-31 165 
46 -107 
23 138 
-60 30 
-28 -178 
-110 -114 
182 35 
187 -7 
-63 -24 
-117 9 
126 199 
16 -171 
190 -74 
109 -127 
99 -29 
-164 -119 
-125 -106 
164 -155 
-6 -130 
196 51 
-195 -63 
-131 189 
89 142 
-43 135 
-82 95 
180 145 
10 -68 
79 46 
-192 -24 
-77 165 
-116 -87 
147 76 
94 160 
-136 -109 
126 101 
-109 -56 
-76 -45 
195 -137 
-100 -96 
125 -22 
-57 -86 
170 -61 
177 130 
-55 -68 
-158 -6 
62 -33 
-172 103 
168 -176 
-29 184 
137 -34 
76 -195 
107 -61 
171 -69 
-158 17 
-170 -115 
138 126 
132 -22 
-32 84 
-77 81 
129 122 
-41 -182 
-184 149 
46 72 
132 20 
51 112 
23 2 
60 29 
8 -47 
116 -178 
-153 -42 
-152 93 
82 -51 
135 -57 
-35 -145 
30 -61 
-75 -154 
64 25 
151 140 
-15 152 
-177 -8 
23 162 
-33 -16 
94 -112 
-129 35 
-150 -85 
-6 79 
66 148 
21 -128 
-22 -113 
115 158 
44 50 
-163 -61 
86 54 
147 88 
34 -199 
-22 -181 
-94 6 
-179 187 
-25 -200 
-66 -58 
189 -177 
71 -85 
-76 -149 
-175 85 
-108 -4 
-107 6 
-114 -146 
-48 -165 
17 -96 
26 9 
-112 37 
14 137 
163 -110 
9 174 
190 -111 
-16 -97 
88 45 
-155 -112 
-40 158 
120 -191 
193 194 
-35 -38 
50 -111 
11 123 
25 -86 
60 37 
-102 179 
148 185 
19 -33 
-46 -20 
58 -194 
-56 -139 
-140 133 
-92 -88 
-63 -29 
-90 166 
7 -138 
28 23 
-44 -131 
147 83 
146 168 
-85 145 
26 100 
-165 -23 
140 38 
-105 8 
191 -190 
-80 -44 
-103 -36 
-14 -168 
-152 24 
-56 -169 
93 -157 
-129 78 
191 101 
132 134 
-13 -80 
159 -134 
124 166 
170 -191 
82 91 
-12 -9 
-125 48 
-138 -197 
190 28 
43 -157 
144 -159 
-38 87 
98 167 
119 159 
158 105 
118 20 
131 40 
-28 -143 
194 -26 
-137 -169 
50 -29 
-175 196 
103 43 
185 37 
-128 11 
141 -164 
96 181 
-108 181 
188 110 
126 135 
81 -8 
-163 169 
194 177 
95 100 
-198 81 
-88 168 
160 -11 
100 155 
-145 167 
-34 -119 
23 56 
-165 174 
-16 4 
28 -16 
-140 -181 
185 113 
69 71 
-35 30 
-165 14 
100 182 
48 -141 
-16 -162 
-129 -174 
128 126 
-55 66 
112 191 
130 -15 
-174 49 
183 145 
-23 90 
-163 -43 
-196 -199 
34 -13 
-137 177 
-129 31 
-119 -195 
-19 25 
134 172 
-121 -67 
35 176 
15 41 
-99 84 
-137 -139 
-26 -177 
-54 140 
118 47 
-23 -50 
134 46 
54 110 
78 10 
12 199 
-34 -131 
95 -30 
-13 -44 
162 58 
46 145 
-133 -105 
145 -199 
-177 74 
-109 196 
-22 -183 
78 -44 
121 132 
151 -180 
-172 113 
-103 -64 
87 73 
-123 142 
-155 27 
59 -107 
-122 96 
25 166 
188 24 
167 157 
-65 17 
-52 168 
114 -22 
30 -134 
112 -37 
-169 25 
7 43 
157 -81 
156 -186 
32 -21 
175 84 
3 122 
116 -15 
-34 -58 
-101 75 
162 -156 
-78 105 
-48 25 
158 -119 
-158 106 
108 91 
93 -52 
-29 65 
8 181 
116 57 
75 -157 
-86 -74 
-73 181 
-17 -75 
64 -189 
174 194 
-72 -41 
146 -159 
-48 53 
-14 -184 
61 -93 
-156 13 
5 -31 
-57 52 
122 -24 
133 -188 
-31 96 
7 141 
117 64 
130 15 
14 -17 
-129 197 
72 11 
-127 -132 
-147 42 
-146 83 
-196 -186 
-80 -73 
-168 -23 
-60 64 
-30 -135 
-173 -185 
-193 -183 
-170 38 
-170 14 
-141 37 
100 121 
93 -175 
-131 51 
194 131 
-161 -113 
-30 -10 
193 -94 
39 -35 
-19 -48 
-165 109 
88 -96 
141 128 
100 140 
3 33 
165 113 
170 -66 
-158 130 
-130 2 
-146 10 
142 188 
-89 52 
-186 186 
133 -183 
-138 -14 
-29 43 
-9 -19 
-104 184 
-188 -96 
174 -25 
126 181 
152 -54 
8 157 
153 167 
42 -160 
-105 -153 
41 136 
-185 122 
-117 -197 
70 95 
-182 -72 
-40 181 
74 25 
-12 -150 
52 29 
64 78 
-10 -116 
-45 -83 
-80 124 
-14 -131 
-118 -17 
-105 96 
-144 -196 
-173 173 
-74 12 
156 111 
195 73 
85 160 
-137 128 
109 -22 
150 78 
-44 83 
44 -123 
35 -46 
-72 -92 
-56 -143 
-159 -164 
78 134 
62 -174 
136 106 
-53 32 
35 137 
115 -195 
22 -39 
-125 -49 
52 173 
-92 27 
92 -34 
156 157 
188 -172 
-181 179 
-152 -102 
149 8 
35 2 
-52 -151 
-25 1 
-7 182 
187 -111 
2 -172 
178 -132 
97 -128 
148 62 
-160 143 
9 24 
-168 71 
-71 0 
139 32 
154 -59 
-105 110 
-20 -134 
-200 8 
-101 -106 
-197 -27 
-153 135 
-90 -181 
-32 145 
157 154 
-98 47 
-21 133 
-129 -76 
-123 179 
-85 35 
-31 45 
36 -79 
52 2 
-193 -66 
-67 -192 
-94 -59 
127 75 
97 189 
-13 -165 
-85 108 
-193 -63 
145 72 
157 -52 
-174 -84 
-118 178 
14 131 
7 -55 
155 -99 
67 -189 
-56 95 
-164 -33 
193 115 
187 117 
-27 37 
-131 -135 
9 -150 
47 -120 
-27 44 
-102 160 
41 169 
-133 21 
-177 30 
-111 193 
15 90 
-103 -16 
130 124 
-35 75 
171 67 
4 94 
-75 -69 
-29 -26 
-28 42 
87 -117 
-12 163 
-122 -27 
134 36 
-178 6 
115 133 
-48 143 
-107 -101 
-38 23 
110 98 
-54 121 
156 69 
39 -39 
-189 -110 
136 -66 
-133 -25 
173 180 
63 15 
-152 173 
-187 -67 
114 -172 
192 8 
-183 72 
187 101 
6 -85 
-158 -114 
180 137 
39 53 
-43 8 
-198 -94 
-172 -162 
72 -122 
77 -119 
-74 -43 
32 79 
32 -156 
32 -132 
-153 29 
74 -124 
-44 -179 
-2 -140 
42 169 
139 171 
18 17 
-168 84 
93 82 
143 -186 
17 -140 
187 5 
91 172 
-199 -37 
-181 11 
-76 56 
-13 148 
-51 12 
21 -71 
19 125 
-47 -179 
-49 14 
81 -161 
43 20 
118 70 
123 189 
172 50 
-165 144 
175 -87 
116 -169 
128 31 
-76 91 
86 -138 
102 145 
139 -31 
29 72 
-39 -16 
40 -7 
-9 163 
-102 95 
184 -102 
191 -192 
-99 54 
170 40 
22 143 
-54 -109 
168 -123 
2 159 
132 -68 
189 -44 
-103 173 
87 164 
-44 98 
-150 -24 
-71 74 
-56 41 
-122 61 
-69 -68 
-119 -190 
64 107 
-104 -145 
3 -108 
57 12 
159 -10 
-45 34 
-188 179 
111 60 
14 -2 
63 65 
136 -158 
-71 -53 
120 25 
-83 197 
-156 -111 
31 -184 
-94 -125 
-52 41 
117 52 
1 -56 
99 169 
-33 5 
-187 29 
21 50 
-66 -46 
15 -125 
-86 -142 
190 197 
-180 109 
31 -156 
-114 60 
39 195 
91 -173 
-15 -152 
-15 -138 
-178 21 
-69 -110 
-200 -173 
-31 -187 
19 57 
92 -79 
9 72 
160 -187 
0 -15 
-80 -109 
-160 99 
-37 -174 
170 -161 
62 194 
16 125 
73 -47 
19 -178 
64 61 
147 29 
63 -172 
182 33 
101 -197 
-15 162 
-115 187 
-124 121 
-123 101 
14 125 
86 166 
178 87 
177 -70 
-45 -140 
-29 -148 
122 174 
-156 124 
67 110 
-13 188 
170 86 
-73 -176 
-181 -147 
-34 107 
65 153 
-58 3 
59 11 
-7 73 
77 87 
37 -67 
-160 -154 
32 -128 
-142 -134 
127 -70 
-94 31 
-192 -89 
-140 135 
156 -52 
13 -28 
73 -113 
141 -11 
-7 -94 
192 -152 
-92 -195 
-91 97 
-124 -148 
101 -115 
116 -12 
63 -148 
138 -9 
-130 163 
85 -44 
-109 -151 
-1 -123 
41 -94 
25 -154 
-178 51 
24 -24 
-3 34 
-150 -169 
-55 -136 
-52 109 
53 -151 
-143 -1 
179 166 
114 186 
29 100 
32 157 
-57 -98 
159 -163 
125 93 
56 90 
-190 173 
-137 -114 
-199 -29 
-102 70 
-189 -45 
-42 -73 
62 -57 
-108 153 
182 -95 
140 -24 
-194 72 
-194 22 
-5 60 
-134 46 
51 -94 
-18 -21 
33 -33 
-167 159 
25 13 
89 172 
-60 155 
-191 -24 
26 86 
-106 160 
136 1 
111 114 
-95 -125 
11 -126 
119 -69 
-62 -109 
192 41 
-16 -21 
134 63 
68 138 
46 -142 
-129 83 
164 44 
-125 -105 
-53 -15 
-176 -85 
34 -108 
-193 68 
187 -55 
131 8 
102 -18 
128 -24 
147 -6 
33 -132 
-157 -134 
39 102 
160 127 
31 -73 
70 -48 
-85 -191 
12 70 
121 129 
-57 -146 
83 56 
96 -19 
-175 192 
108 -107 
124 -158 
69 -42 
-130 54 
178 154 
-193 48 
176 -49 
-109 -113 
-186 -123 
-77 152 
-165 26 
53 -161 
8 191 
20 199 
-40 -21 
-136 -194 
162 175 
170 -106 
124 -2 
126 -79 
-163 -146 
-4 66 
-2 11 
-104 -89 
-113 80 
-55 141 
-147 -55 
160 22 
-51 -195 
83 -114 
149 -87 
169 -25 
8 141 
11 -6 
131 -178 
-47 -83 
49 146 
-101 -19 
2 47 
158 87 
154 -193 
-29 118 
-196 -197 
-117 41 
-155 -139 
-32 -53 
92 -118 
73 -156 
-53 65 
-45 129 
98 -141 
78 -73 
175 -102 
158 15 
-127 103 
-144 107 
45 -116 
134 -123 
-71 15 
-111 136 
-86 -83 
122 -75 
170 -29 
34 -60 
-70 -170 
-91 76 
-157 -133 
91 -98 
107 101 
41 -90 
11 -169 
15 -38 
-34 44 
59 -1 
82 -98 
136 -175 
149 162 
-54 -118 
87 -138 
123 -53 
34 151 
92 -1 
188 -82 
186 -112 
-92 -94 
98 -192 
-76 23 
32 -182 
73 -33 
164 62 
32 4 
-140 102 
41 84 
150 159 
40 74 
-103 28 
-190 -109 
181 143 
-67 131 
65 137 
-48 126 
-126 32 
23 31 
-156 -43 
-179 -185 
168 -5 
-131 161 
116 68 
-177 -140 
-36 -177 
59 65 
157 -69 
117 150 
138 199 
-192 121 
148 144 
-85 -57 
-137 -77 
-180 161 
-79 -12 
46 188 
195 -75 
-74 13 
-90 68 
125 -29 
-19 -18 
124 115 
-145 114 
-84 -176 
-159 144 
-37 76 
-146 -104 
103 54 
-23 -37 
35 63 
-156 -154 
155 30 
-113 -21 
102 148 
26 114 
85 157 
-168 -139 
-176 74 
192 -20 
185 48 
70 186 
5 85 
92 -127 
9 96 
118 40 
161 146 
-179 86 
160 -6 
101 25 
-124 195 
-39 -57 
-169 190 
-129 80 
99 89 
67 53 
-121 93 
-148 -147 
62 -178 
142 189 
-80 -75 
-75 13 
186 28 
-16 39 
167 198 
-198 33 
108 23 
62 -34 
141 -69 
112 -62 
104 -51 
-48 -198 
26 18 
-176 57 
10 131 
31 129 
-93 14 
-68 -96 
-3 -176 
-148 92 
135 105 
81 -114 
-76 -124 
12 89 
-49 -39 
45 19 
102 71 
74 -29 
-35 -65 
-83 -77 
-158 -165 
-132 -163 
-187 -9 
-117 -16 
50 54 
150 38 
52 -16 
-49 -93 
-112 160 
-15 -12 
163 141 
85 -163 
101 47 
195 -101 
123 -5 
-115 -75 
-101 8 
179 -74 
87 70 
16 -193 
-127 120 
50 -131 
-82 163 
3 -185 
-87 189 
87 -5 
-198 -9 
190 -50 
-28 97 
43 -183 
15 -105 
-92 -194 
142 48 
13 27 
-126 -109 
-153 185 
-148 -64 
134 -175 
-2 -37 
-50 50 
7 97 
143 -159 
-38 146 
189 159 
8 -193 
-3 127 
93 89 
122 127 
193 -48 
123 -197 
-72 26 
159 46 
153 -37 
-10 91 
160 13 
24 82 
132 185 
106 192 
99 -28 
14 -78 
-118 144 
-74 -16 
-154 -198 
-181 -88 
-35 21 
85 48 
100 158 
17 -161 
-134 84 
63 -69 
-159 33 
134 42 
-80 -10 
76 -27 
99 1 
7 80 
196 61 
107 83 
-50 96 
-111 -129 
24 -96 
183 89 
29 102 
168 77 
-135 168 
78 63 
51 137 
101 -59 
-175 5 
-143 -93 
13 146 
96 132 
146 25 
-83 163 
108 -176 
-48 -42 
-88 -55 
37 105 
24 -28 
103 162 
-73 -44 
33 119 
-70 -42 
-32 -124 
128 -131 
-161 -121 
141 169 
122 -157 
38 -191 
164 172 
51 157 
178 -63 
71 -99 
-113 -23 
71 147 
130 93 
128 -61 
-142 32 
-167 -196 
23 6 
93 6 
-50 128 
-67 10 
-148 -142 
-81 -19 
112 133 
-154 -33 
-168 -54 
169 -137 
-27 -119 
157 -103 
-135 99 
-96 51 
80 -108 
-150 22 
-152 2 
-171 -56 
180 -85 
147 -52 
-21 -143 
-71 -188 
107 37 
81 20 
-84 -63 
-169 4 
-123 -155 
-110 -82 
-162 -187 
34 -43 
-139 162 
-119 -66 
-35 -67 
-112 51 
49 -143 
-91 -99 
-49 -194 
-88 6 
175 17 
196 168 
147 194 
46 -90 
-73 153 
-75 -146 
25 92 
54 -143 
27 -150 
17 -165 
86 -21 
-61 -158 
-64 -14 
-121 -75 
76 -115 
-199 52 
-152 158 
-147 85 
-120 30 
181 -173 
38 164 
-51 61 
4 77 
70 102 
-65 24 
90 14 
166 161 
162 142 
-39 -191 
74 -36 
23 -52 
22 -30 
86 -52 
6 -188 
-113 15 
119 -7 
-44 58 
-183 -173 
-103 -65 
-58 137 
124 -63 
-78 -46 
176 55 
81 -169 
-142 -8 
-67 113 
-136 -79 
35 -169 
-173 54 
149 195 
-166 -147 
172 155 
58 132 
-85 130 
119 26 
73 -178 
178 -144 
5 -25 
-130 65 
86 -189 
129 -138 
-66 -129 
111 -15 
29 -133 
96 8 
-73 -28 
-46 24 
83 -106 
-75 39 
48 0 
140 -198 
105 -139 
-188 -156 
-106 -189 
-192 195 
-136 7 
2 -187 
-107 105 
159 -65 
39 165 
97 -174 
-119 76 
12 -200 
-152 18 
-48 -116 
-179 137 
59 -163 
97 139 
162 -147 
-178 73 
156 87 
-182 -103 
-142 143 
136 -43 
131 64 
-111 -119 
10 32 
80 -10 
-14 135 
45 192 
143 -139 
-165 176 
-109 133 
-163 -22 
77 -193 
29 -102 
-79 -111 
-138 47 
-134 -180 
147 -178 
199 -44 
47 -26 
-199 113 
-200 -115 
120 136 
103 -121 
-186 -41 
-133 -61 
-161 -182 
82 36 
-185 -131 
95 -52 
-95 -191 
-157 22 
69 96 
4 -39 
-95 -172 
74 194 
-158 160 
119 -186 
138 -172 
108 -171 
172 107 
87 141 
26 -103 
-192 -62 
119 -150 
-18 -121 
85 -47 
106 131 
65 -65 
86 120 
121 147 
138 -128 
-4 30 
62 81 
147 2 
-146 5 
-129 -61 
160 112 
-64 -181 
77 -151 
-122 -60 
-173 -36 
-68 139 
137 -4 
166 -180 
-56 -18 
195 150 
161 -111 
-90 -143 
25 130 
54 -82 
-187 1 
-200 -181 
-168 -177 
-170 4 
-84 -161 
37 -164 
20 29 
-171 190 
155 -68 
51 -43 
179 184 
-100 164 
197 174 
-21 165 
-132 -176 
86 -68 
184 -114 
-72 190 
166 -71 
-185 147 
-62 -140 
-162 -135 
49 -129 
76 191 
101 145 
-43 -158 
70 74 
98 -44 
-93 -180 
-146 54 
-132 -171 
-196 -75 
42 -113 
-100 -156 
180 -154 
103 -190 
165 176 
140 48 
-73 118 
-81 128 
109 68 
144 -150 
-134 68 
-138 -15 
153 -195 
121 33 
135 176 
-124 -57 
53 -198 
32 -68 
109 -43 
95 -116 
-197 -138 
79 -146 
14 199 
-153 -13 
-133 -59 
72 -109 
87 60 
-146 166 
47 113 
118 -17 
-51 99 
59 43 
103 -142 
-109 90 
-75 140 
-24 -56 
24 170 
-33 61 
100 -113 
84 35 
-133 0 
-117 154 
176 -62 
43 187 
-118 -138 
51 11 
-172 48 
125 60 
-103 6 
-198 -170 
27 -62 
-192 -50 
191 -109 
78 194 
-20 22 
-181 -93 
55 -45 
-90 -21 
-107 153 
111 7 
-178 -165 
157 27 
114 -31 
-30 55 
-76 -186 
139 -24 
-33 -106 
32 195 
57 -148 
-120 105 
-132 49 
-29 35 
-127 12 
-47 -41 
95 73 
131 -140 
149 -95 
57 141 
74 78 
64 -96 
195 -136 
120 -26 
117 80 
-24 176 
22 -48 
140 111 
166 17 
-26 -97 
-57 -68 
-143 -94 
101 -89 
-139 129 
-109 55 
-15 -151 
97 50 
-115 -26 
47 187 
64 87 
114 62 
-133 55 
-138 -70 
50 71 
141 148 
-113 -111 
-77 114 
166 74 
130 -30 
42 -191 
-82 -1 
141 49 
63 -67 
-163 -188 
-39 36 
-88 -142 
2 -139 
-86 79 
-146 -170 
99 109 
193 181 
29 -58 
38 -128 
71 171 
-78 141 
134 -25 
193 6 
-32 33 
109 1 
154 28 
-15 -200 
47 -17 
-3 -57 
193 -170 
170 -2 
-50 108 
47 -136 
-86 -170 
-163 -171 
136 -8 
199 102 
161 159 
93 -81 
181 183 
-23 -186 
198 103 
-105 -85 
7 -153 
-156 -82 
-149 -63 
44 -191 
-114 -149 
177 -44 
-90 -115 
93 -179 
17 -22 
-141 110 
87 186 
-127 -190 
155 -139 
134 55 
54 103 
183 152 
57 -177 
-147 59 
-182 -50 
-125 -55 
-164 159 
-92 5 
-190 -104 
-144 83 
-170 41 
137 -60 
-157 -40 
156 -12 
64 121 
166 185 
12 -116 
27 163 
53 -189 
-174 -100 
-34 194 
-92 -19 
146 -2 
151 -151 
-37 147 
55 -134 
2 -146 
128 33 
81 144 
-41 -22 
-142 107 
125 -127 
-89 -105 
24 -47 
150 68 
-149 102 
-194 -187 
147 -144 
77 124 
-183 -32 
10 197 
-83 116 
-61 198 
75 -49 
-196 118 
53 58 
77 55 
61 31 
-81 22 
-106 145 
-173 -44 
65 115 
107 -38 
127 -53 
-52 94 
-47 -113 
82 -25 
66 -132 
124 132 
-103 -68 
46 100 
9 -146 
-143 -73 
12 188 
142 86 
176 -189 
-150 100 
-189 144 
-17 -183 
117 -102 
-139 147 
-114 -50 
-23 185 
-9 -7 
99 -191 
-27 -43 
-176 78 
43 75 
174 146 
122 -128 
-73 -149 
22 -131 
76 82 
-93 181 
181 89 
67 -129 
-92 -58 
97 -98 
48 -21 
60 158 
-66 194 
-114 -71 
-90 -13 
129 -59 
163 -25 
39 154 
150 119 
180 133 
51 -136 
183 -43 
23 -192 
-140 159 
-128 -10 
177 -7 
149 167 
-175 -182 
139 64 
-94 -133 
-157 188 
77 -56 
-97 56 
84 -141 
51 100 
167 20 
58 41 
-92 -51 
-63 163 
194 -129 
177 36 
-177 -128 
181 107 
102 167 
86 -177 
-196 -147 
-96 173 
-104 112 
47 -186 
-164 -111 
95 -32 
3 -132 
-61 184 
-6 24 
112 18 
180 -91 
-28 54 
165 22 
41 115 
70 69 
0 40 
-100 17 
126 -58 
39 133 
-134 135 
-117 -2 
-143 -192 
102 -5 
123 139 
-109 115 
76 -200 
-132 190 
-55 -131 
-109 5 
-167 -66 
179 -46 
57 70 
57 -197 
184 -10 
-21 -24 
95 35 
9 51 
15 -25 
146 -177 
-186 73 
94 -134 
-24 52 
53 -71 
-189 100 
29 59 
-84 20 
64 130 
-74 -161 
-102 93 
172 179 
-140 60 
3 123 
-3 -94 
80 -56 
-146 -49 
-32 192 
157 68 
-150 33 
-193 2 
191 162 
-43 -130 
193 -115 
36 -105 
88 -114 
139 -84 
-173 152 
-163 36 
-100 -50 
54 -156 
27 135 
187 -195 
-108 -139 
-141 -70 
-12 15 
-27 -162 
36 -139 
159 172 
-74 -190 
-46 117 
-191 -150 
-54 -133 
-124 -29 
-104 -93 
-6 -36 
-159 -166 
-82 108 
-13 -83 
158 43 
123 180 
97 0 
-31 -167 
-200 193 
186 81 
-147 2 
-105 179 
-3 66 
-165 67 
-121 100 
-111 -141 
-171 157 
-6 -187 
-154 66 
1 -150 
173 -24 
197 120 
-150 -173 
4 -181 
-200 127 
-127 164 
-179 -124 
82 -24 
-118 -194 
-165 -102 
54 112 
105 -40 
136 48 
-145 134 
-52 50 
185 -21 
149 -145 
92 -18 
141 17 
47 62 
-30 -181 
47 -50 
-79 -128 
-164 -134 
114 89 
-106 -180 
8 -1 
91 -143 
-193 -153 
175 -154 
-167 -193 
6 88 
-178 -152 
-163 -182 
-37 93 
101 44 
-140 -99 
-191 -161 
142 -64 
-111 -71 
-128 48 
-51 26 
26 101 
-137 145 
-117 -11 
-7 86 
147 91 
-118 128 
-179 -50 
146 21 
-116 88 
140 -58 
-136 -127 
-123 99 
-5 -35 
-162 -104 
151 -158 
185 73 
-63 -88 
-159 34 
-180 90 
108 121 
113 -128 
-19 -117 
195 111 
-56 -96 
-84 -198 
193 -117 
157 -36 
-105 144 
-87 66 
136 -32 
-160 -118 
70 -125 
39 111 
-53 -139 
-78 63 
-114 43 
-77 -128 
-111 -145 
-197 97 
195 -78 
194 -117 
142 199 
187 -146 
26 -64 
-89 61 
-154 -162 
-160 -190 
96 188 
71 199 
69 -83 
-60 80 
72 94 
37 -19 
75 -109 
128 -42 
121 -65 
-46 82 
-191 -88 
116 -84 
-14 115 
138 182 
31 5 
161 191 
-54 -81 
-128 123 
65 62 
197 153 
-179 58 
-61 65 
47 -79 
78 -64 
-111 5 
-97 136 
-167 -87 
-53 96 
-188 -185 
75 151 
14 -46 
-103 -145 
-198 -167 
195 -142 
-121 51 
-93 172 
21 130 
57 -144 
185 133 
-78 -198 
182 -101 
132 -162 
194 98 
179 26 
126 -100 
49 46 
156 -145 
-166 27 
191 -33 
-31 -75 
140 -55 
136 -113 
-45 1 
-90 180 
-70 -143 
80 76 
172 -104 
64 15 
66 -20 
-22 -150 
-175 -134 
117 180 
-6 166 
-42 76 
175 -22 
-27 -158 
-43 68 
101 -126 
-143 61 
122 60 
-40 21 
-54 98 
-164 -49 
-85 26 
53 38 
-24 6 
148 146 
179 -184 
140 192 
-70 187 
-162 -18 
-125 -65 
-187 -93 
72 170 
-8 -145 
23 -56 
183 151 
-192 -109 
25 -42 
46 -51 
129 -128 
43 25 
1 155 
11 -109 
168 -158 
81 -76 
-23 -144 
-83 -137 
-28 -65 
-150 -147 
103 182 
165 50 
49 -152 
147 -140 
56 9 
-137 148 
-172 108 
-188 -128 
-22 122 
159 163 
-58 -93 
115 -75 
-110 64 
-120 190 
-134 72 
174 108 
-172 11 
-119 -140 
-35 -92 
180 142 
-184 127 
-26 165 
-131 -97 
143 -34 
26 -112 
-87 -69 
0 -85 
33 154 
-41 172 
14 -181 
2 137 
-156 -77 
-102 -57 
137 -50 
-144 152 
-68 -27 
50 -189 
78 -192 
47 -88 
-36 35 
14 120 
115 -106 
-5 135 
-5 48 
73 -139 
-154 -116 
50 -134 
-42 -65 
-135 -173 
154 -146 
52 -177 
116 157 
-133 95 
-195 19 
146 -44 
154 -58 
-50 161 
11 75 
0 142 
121 -145 
42 -130 
-127 -103 
-75 -147 
37 198 
74 162 
97 129 
126 -186 
86 23 
160 -49 
-68 -130 
86 134 
55 162 
-101 -133 
-6 -41 
-72 119 
72 -146 
136 151 
178 -13 
185 190 
181 -181 
97 179 
-91 -151 
189 86 
-70 -103 
-200 31 
61 -180 
111 -57 
-59 -107 
24 -34 
-121 -22 
-5 -105 
-161 31 
-162 -26 
-181 -146 
-75 182 
-149 -160 
132 -30 
90 122 
-41 52 
187 -23 
109 197 
-166 -32 
-141 188 
33 -182 
-80 -96 
188 130 
-69 -141 
-194 60 
63 -46 
24 -77 
-172 -184 
-98 -1 
-172 -174 
-189 -151 
42 -137 
-90 130 
47 159 
159 8 
6 -43 
-198 194 
195 -153 
-159 32 
-162 196 
-113 17 
197 -17 
179 -196 
51 53 
165 144 
-14 118 
64 47 
198 -21 
-150 39 
-51 176 
-154 180 
-173 -143 
196 48 
50 12 
-175 83 
125 176 
50 187 
-8 106 
179 -90 
-193 110 
118 26 
-111 -108 
165 -91 
34 100 
10 93 
-90 60 
-99 15 
187 -37 
-87 70 
165 -127 
44 168 
-157 -142 
29 154 
155 -170 
-2 -160 
-98 -143 
195 -76 
-113 -172 
85 14 
-10 97 
64 -35 
-156 -105 
-26 77 
87 -31 
193 -28 
167 78 
-61 -33 
115 -113 
-174 96 
148 -144 
-139 -132 
-197 -9 
161 79 
-192 -81 
26 -17 
-56 -157 
-10 -114 
199 -17 
106 34 
120 -77 
168 -115 
66 63 
44 132 
-87 -99 
20 -152 
89 110 
-79 -74 
183 -110 
118 172 
-174 -105 
-191 19 
-82 137 
149 127 
-128 55 
34 -66 
34 112 
-100 90 
24 -119 
-54 135 
86 -56 
30 -104 
-120 61 
142 -199 
125 -80 
-47 95 
193 -11 
198 150 
-95 -176 
-116 -186 
135 -96 
-115 -27 
84 -13 
72 -59 
-87 -182 
142 -1 
3 -120 
-113 -123 
-167 131 
-50 178 
64 66 
152 154 
-158 159 
127 35 
-61 143 
13 86 
-52 -198 
82 -108 
-187 148 
-143 -92 
110 -135 
199 -130 
-158 128 
175 185 
-5 79 
100 157 
38 -68 
128 -115 
-121 -177 
-193 191 
-32 24 
44 81 
34 -86 
155 66 
-132 184 
-198 62 
-49 21 
-36 -81 
112 -176 
-169 103 
125 -175 
-92 -170 
86 65 
-123 -200 
152 127 
-69 -21 
-66 -103 
31 81 
93 135 
39 -115 
-134 -90 
-133 111 
-110 35 
-11 -18 
71 172 
131 115 
-33 -115 
-39 90 
-107 -20 
43 122 
82 51 
146 -113 
14 -180 
-22 176 
30 -36 
21 163 
131 0 
12 105 
112 -30 
-149 -112 
131 95 
180 111 
-124 -45 
36 -29 
-65 -158 
76 139 
-123 87 
94 -48 
-34 187 
-24 -189 
35 192 
-196 0 
101 -149 
-177 -33 
-62 -117 
-139 28 
18 -95 
-55 85 
-113 7 
86 13 
-3 -139 
-190 -133 
31 -27 
80 0 
23 101 
-51 180 
50 92 
52 -147 
-77 144 
-12 110 
-138 -179 
-41 190 
-37 -144 
29 194 
17 132 
3 35 
-104 199 
-10 -184 
-113 110 
163 171 
14 -7 
153 122 
161 -199 
-102 -192 
-56 -95 
-124 63 
-81 -75 
-99 -11 
-83 144 
141 -170 
-144 115 
-97 65 
-199 -197 
32 -43 
-132 -125 
-56 -71 
178 109 
-180 185 
-64 2 
87 -143 
177 -57 
90 183 
-180 -73 
12 -16 
-127 -112 
135 180 
-53 150 
-119 -100 
-22 -66 
146 -19 
-91 132 
-87 -136 
-28 117 
-53 101 
-44 32 
-130 -73 
-63 147 
-55 -27 
46 -60 
-20 62 
-16 -1 
-147 -152 
99 123 
54 56 
-180 -165 
-91 49 
170 99 
-151 -8 
-77 133 
76 -108 
141 -136 
199 -126 
-50 189 
-93 123 
84 -131 
13 -3 
-3 -145 
173 -56 
-131 -53 
-29 -1 
191 -10 
-8 132 
-133 75 
170 -103 
14 181 
24 -62 
-186 176 
-189 17 
-23 -20 
-133 186 
-53 -109 
117 -176 
20 57 
-30 -79 
-156 -54 
-142 -75 
38 129 
119 6 
26 -104 
167 24 
-91 -112 
181 150 
-186 -51 
-147 -99 
165 159 
164 -40 
-130 -199 
102 141 
-196 -180 
151 20 
-39 -93 
148 -174 
123 51 
-194 -99 
132 -189 
175 -200 
97 100 
-153 -3 
76 -151 
-15 -59 
53 92 
52 97 
60 71 
-58 51 
171 75 
7 122 
163 -198 
28 16 
-84 142 
-85 -35 
-43 0 
-187 196 
-183 22 
37 -127 
-28 194 
199 193 
176 63 
-14 68 
2 -180 
-145 21 
-123 -131 
-111 -36 
153 95 
183 47 
32 -194 
61 129 
-107 -74 
-170 121 
-35 194 
66 -30 
22 139 
-42 -136 
-38 -11 
143 54 
-24 14 
-117 -36 
86 -158 
-38 166 
33 -128 
-173 -8 
176 149 
53 97 
-132 -80 
-197 194 
-98 -93 
-61 113 
-199 18 
114 -192 
181 -98 
1 164 
49 145 
36 -56 
53 -92 
-129 166 
-13 -119 
-9 74 
164 29 
-160 164 
-9 86 
-121 181 
7 -19 
53 68 
6 122 
74 -2 
96 193 
40 199 
43 155 
-79 62 
163 -27 
8 -48 
60 -17 
184 141 
50 -163 
-38 -58 
95 88 
138 -66 
-116 64 
-24 49 
-38 -69 
179 -68 
-199 -198 
-137 176 
54 -72 
51 -35 
-63 69 
-84 -126 
-56 132 
47 195 
99 -198 
-44 155 
164 65 
87 -50 
133 -46 
67 -63 
46 116 
18 82 
-65 -49 
-158 -147 
67 125 
-175 34 
-191 122 
-136 -185 
125 -190 
-65 -28 
69 35 
189 -82 
167 193 
101 -159 
75 190 
-195 -36 
0 -75 
39 -91 
149 -102 
176 -83 
-41 32 
-128 -168 
-64 91 
61 174 
-127 80 
-78 133 
95 -199 
16 -122 
-33 -195 
-74 -72 
75 -196 
48 90 
93 -129 
-143 32 
-8 171 
40 -143 
170 19 
50 193 
-131 92 
-163 -88 
23 -200 
71 86 
-114 25 
5 -80 
161 151 
193 4 
92 58 
-36 -192 
140 -169 
15 58 
193 -146 
174 100 
58 33 
-154 45 
-19 188 
117 -3 
-67 -1 
11 22 
196 -141 
107 188 
-30 -20 
175 -35 
112 167 
12 170 
-36 109 
-24 118 
133 -142 
85 3 
9 137 
-115 -180 
-156 -23 
94 -59 
136 153 
21 121 
-185 -60 
71 -187 
-58 7 
-8 24 
-60 -52 
-134 11 
-20 -75 
154 -187 
21 102 
182 -37 
-51 161 
145 46 
-164 117 
-128 37 
16 109 
117 -188 
-72 195 
-58 170 
-24 23 
-188 -40 
16 61 
-9 26 
73 -168 
19 -174 
-50 -185 
47 69 
-156 34 
89 75 
89 -188 
-61 -87 
-33 -167 
71 -61 
152 87 
174 -84 
-140 55 
-64 -117 
95 120 
52 -99 
157 85 
-137 38 
78 -62 
-53 61 
-147 94 
-65 -186 
-185 -13 
-184 -3 
-55 -24 
-66 -196 
-140 82 
48 41 
166 180 
-40 155 
-182 157 
158 131 
-65 73 
73 37 
-71 -35 
125 163 
106 52 
21 80 
-25 64 
70 185 
-149 -193 
19 -126 
105 164 
-165 -181 
185 84 
-26 -17 
-141 -140 
185 1 
156 133 
-143 -102 
-52 4 
164 95 
159 -119 
90 97 
-122 118 
-167 92 
-14 -18 
-116 -150 
-38 -133 
60 163 
-47 -79 
-112 86 
136 127 
-39 -170 
121 162 
117 -117 
-88 -136 
-14 -104 
-86 184 
-127 -189 
-58 0 
133 66 
-105 -89 
-34 29 
107 15 
176 184 
54 125 
-48 -18 
77 170 
91 -153 
-32 131 
-172 171 
-125 2 
187 -60 
115 135 
-132 -58 
-93 34 
-9 -34 
-101 -34 
140 4 
150 -23 
-150 -3 
-95 -96 
-51 16 
194 130 
34 -80 
-77 78 
-91 161 
-141 -94 
-86 -123 
-67 -190 
132 141 
-21 48 
-77 150 
147 -98 
7 165 
-113 -68 
-137 -192 
194 86 
-66 78 
-192 19 
26 -200 
-75 125 
-147 177 
-89 133 
-190 105 
190 -21 
-156 190 
65 162 
18 81 
-23 77 
-126 186 
-49 98 
-175 46 
-127 66 
-91 -156 
-81 -64 
186 -5 
194 -28 
125 -194 
-3 -54 
3 185 
114 20 
-105 189 
189 -49 
84 174 
-193 77 
-118 -137 
178 -164 
119 117 
166 -25 
5 122 
-110 198 
161 113 
-69 47 
-49 -43 
-35 -139 
89 145 
41 -63 
-77 -109 
-195 -122 
-65 191 
-93 179 
115 124 
92 -63 
-195 61 
-9 88 
171 -148 
-78 -190 
-31 29 
-16 -132 
159 51 
12 -104 
-127 6 
-50 -98 
-71 66 
-36 -173 
-43 -132 
106 -147 
-118 -13 
-178 -44 
-42 185 
-49 -101 
75 71 
-132 48 
-189 51 
-30 134 
-178 25 
107 175 
70 130 
-163 -35 
-52 -48 
37 -103 
68 36 
-44 -198 
169 58 
-62 105 
-36 -191 
125 -145 
-42 28 
-146 127 
0 180 
180 -146 
-41 127 
103 -34 
182 85 
-180 -158 
-150 164 
72 -13 
-114 32 
-19 -180 
145 86 
36 -86 
-172 51 
-15 -82 
0 63 
-50 -49 
-175 -52 
85 70 
175 -18 
46 -33 
114 -72 
3 134 
28 -191 
135 112 
-52 89 
-5 -194 
80 2 
-73 199 
-154 111 
88 107 
-44 195 
4 92 
-4 59 
-194 155 
88 173 
148 140 
-47 138 
130 91 
11 -48 
-27 -112 
-148 -9 
61 -40 
118 -196 
-29 13 
102 116 
-121 -167 
-24 62 
16 -196 
196 -53 
-80 12 
-73 -116 
-132 -1 
108 -141 
-82 -50 
-104 189 
-183 -195 
121 141 
195 -117 
-195 15 
-161 162 
181 22 
61 147 
111 167 
92 -123 
-45 193 
-90 -177 
164 -79 
116 6 
-9 190 
193 21 
-187 -45 
133 34 
151 -63 
160 172 
-116 139 
25 -67 
20 147 
80 -38 
-67 91 
-90 -59 
9 -19 
37 -17 
-25 -190 
-191 -182 
84 -32 
-158 104 
-124 90 
-148 -11 
5 -48 
118 -44 
187 87 
-91 -125 
66 105 
-56 -132 
164 -190 
134 86 
148 56 
-132 -35 
86 94 
51 149 
-64 -18 
43 63 
9 36 
6 -178 
176 -123 
-57 -181 
188 84 
-160 -163 
20 85 
78 -67 
164 15 
-110 -138 
-174 -194 
106 9 
-120 -128 
173 -18 
156 79 
-65 114 
-31 181 
174 15 
-165 101 
-14 -182 
67 -12 
-61 -159 
113 40 
-197 -39 
193 22 
-143 -196 
125 -4 
181 180 
90 -46 
82 -59 
73 165 
-113 -175 
-60 -81 
-62 -198 
114 -45 
144 140 
84 -37 
157 -160 
189 -104 
-12 -60 
-66 -6 
-172 148 
120 -39 
-177 101 
-92 -145 
15 -173 
180 -92 
-179 88 
168 187 
89 -172 
-177 -120 
186 13 
89 -38 
89 -193 
-17 -130 
-15 -81 
49 196 
37 -131 
-52 75 
75 -69 
-124 -129 
-62 -130 
28 75 
190 85 
-23 -155 
-81 -169 
167 163 
-82 157 
136 -35 
190 109 
56 -141 
-59 23 
-158 -137 
-55 68 
48 -37 
117 67 
-22 30 
-146 -132 
-147 -142 
-68 108 
154 -70 
100 -154 
-91 -183 
155 20 
-182 -53 
-27 -183 
42 21 
-114 157 
180 -9 
171 -65 
149 -86 
-169 66 
-132 -55 
153 2 
185 115 
-175 -80 
126 21 
-120 -117 
-82 -10 
-33 -133 
-192 -90 
143 -97 
57 -175 
112 195 
-194 162 
169 -46 
94 46 
-76 -10 
87 -199 
-121 167 
-100 -105 
-175 -111 
137 193 
-64 186 
46 109 
-181 -123 
0 -119 
-20 -91 
-167 26 
-142 -57 
-18 -65 
95 -41 
20 196 
-157 97 
116 120 
173 -111 
114 -166 
24 -176 
-91 -41 
198 -76 
160 139 
124 -64 
124 -133 
46 180 
-21 -144 
-200 -69 
-139 114 
-186 29 
185 35 
-66 76 
180 22 
94 -4 
161 163 
-30 137 
11 190 
73 -172 
149 -50 
144 102 
-85 -190 
83 33 
96 -195 
33 32 
106 71 
-17 -200 
-50 -117 
137 -142 
-66 174 
-52 -49 
88 80 
20 -198 
-21 196 
132 89 
77 -31 
144 189 
104 -138 
-134 114 
49 176 
-175 -7 
171 87 
25 36 
-101 -28 
-4 101 
-116 162 
31 109 
181 -6 
48 150 
47 -20 
132 22 
-14 -45 
159 -165 
87 183 
1 10 
184 -23 
58 130 
159 -157 
-3 -10 
13 156 
-13 -116 
-67 28 
12 83 
-8 -172 
41 -48 
198 43 
-149 -196 
94 -21 
161 198 
-96 -15 
-99 -161 
116 -117 
-13 -197 
-144 -9 
-89 168 
130 117 
147 164 
-77 -121 
-30 -23 
94 -27 
129 -172 
-23 -147 
-182 132 
22 -70 
-112 75 
78 79 
121 152 
197 -161 
34 97 
94 91 
-184 -188 
-96 -41 
-72 -1 
113 84 
-93 -3 
-129 -7 
190 -178 
108 -181 
-39 67 
25 -117 
87 160 
-188 -69 
-26 -89 
-115 -189 
121 -17 
-61 -85 
24 177 
118 -144 
-191 108 
22 30 
-143 -181 
-23 56 
3 -150 
-93 138 
117 86 
153 61 
-80 -114 
-131 183 
21 109 
-123 -40 
81 44 
-3 -177 
-100 -45 
194 106 
-54 -90 
-72 -136 
-36 182 
-184 44 
-14 -193 
146 -119 
77 157 
-47 80 
159 63 
101 76 
111 -168 
-92 -90 
48 4 
-49 -184 
189 -139 
81 108 
23 -178 
125 165 
-76 -38 
130 60 
25 -151 
172 -102 
-2 -166 
-138 -112 
-47 58 
-86 53 
-67 45 
-194 -47 
146 -54 
27 42 
-131 -68 
56 117 
-198 130 
41 -133 
126 -70 
-64 120 
147 138 
156 146 
-70 -138 
-183 182 
-130 61 
168 -6 
-133 72 
164 -68 
-83 160 
-27 133 
-128 -58 
77 119 
24 -67 
33 145 
21 -171 
104 89 
78 -165 
132 -41 
126 -51 
-47 -12 
53 146 
-18 -169 
106 -148 
77 -141 
191 -183 
-40 79 
75 -6 
20 -121 
151 -33 
124 27 
69 126 
-98 -130 
-127 -162 
152 -90 
-82 148 
-62 -153 
130 -20 
191 -87 
-87 -161 
-150 188 
151 159 
-117 -185 
94 -190 
68 -87 
129 -165 
157 128 
-53 17 
-24 86 
44 -136 
21 95 
61 -141 
29 -2 
69 59 
19 166 
177 -89 
-12 87 
92 -164 
-74 108 
-34 102 
-30 -66 
174 -46 
-24 -14 
-8 -81 
-120 -41 
184 103 
32 -74 
-123 -84 
84 63 
37 117 
-182 -52 
97 -80 
-162 -70 
172 -12 
-74 173 
102 -108 
-184 -41 
65 -98 
-19 -67 
-91 -113 
-143 146 
-61 -143 
188 -91 
126 134 
-170 113 
-121 153 
129 -75 
14 -39 
89 -149 
75 -26 
-17 23 
-170 143 
97 -159 
43 142 
171 112 
-44 -21 
49 179 
57 198 
165 166 
-66 -7 
-13 -23 
-115 -113 
-2 -97 
-55 -167 
-40 184 
21 56 
-178 -144 
107 -154 
-43 21 
-20 -170 
-197 168 
62 189 
171 24 
-179 -154 
-69 -119 
110 -101 
152 182 
-145 36 
-51 76 
-157 54 
-114 -74 
-29 68 
176 -28 
-196 -178 
66 197 
-119 189 
68 4 
-91 -2 
-40 6 
-47 42 
-72 179 
-100 140 
18 20 
-156 80 
37 174 
139 192 
17 -36 
-190 185 
97 57 
187 191 
159 -147 
59 58 
24 178 
155 -22 
25 -149 
130 -32 
196 2 
188 -51 
101 20 
-169 -98 
-189 76 
143 196 
-82 -14 
-78 -133 
46 -26 
127 -13 
-126 -51 
87 -40 
149 75 
-20 -132 
-54 176 
-169 -74 
0 -118 
153 -147 
-121 -126 
114 94 
95 44 
93 98 
-5 68 
-80 7 
-88 -58 
-195 2 
-125 -35 
6 30 
139 186 
-50 191 
-130 -42 
63 -61 
-81 -37 
-20 -118 
-59 12 
139 132 
63 4 
-43 81 
65 10 
34 114 
-183 -22 
71 29 
-79 -7 
-60 -150 
-22 90 
-124 -18 
-71 40 
102 163 
-58 -192 
15 -157 
-144 8 
-84 148 
-95 -29 
7 -96 
-190 -134 
-15 166 
-175 -70 
137 -58 
7 -3 
86 96 
139 191 
36 -63 
-135 177 
76 -1 
-28 -131 
171 -22 
112 71 
188 -161 
65 75 
68 83 
-123 178 
37 -130 
-86 135 
-193 -15 
-118 -115 
115 41 
54 -123 
-107 -116 
25 -59 
-65 -132 
190 -26 
172 -194 
-96 -146 
-6 25 
-175 138 
151 -19 
-111 -194 
171 -74 
96 -143 
85 164 
129 -64 
-41 -73 
29 136 
-113 -187 
40 80 
-111 -59 
-108 -93 
163 -186 
-21 34 
-41 84 
-78 174 
7 162 
-43 -48 
119 -44 
48 -198 
-3 -179 
-75 -57 
155 -111 
139 35 
-9 -22 
-107 -2 
20 86 
-108 83 
-74 -2 
98 8 
168 129 
139 162 
-26 137 
-80 11 
-199 40 
50 -15 
159 -117 
-185 -56 
-120 -44 
-80 68 
107 -28 
117 2 
131 -104 
-171 61 
-154 -38 
15 -130 
136 34 
-46 -31 
-197 49 
-44 35 
-107 5 
-142 -46 
29 151 
-159 80 
-102 78 
-127 132 
-32 85 
48 61 
172 67 
-34 -20 
64 56 
-27 23 
-98 164 
4 44 
-67 -36 
-199 13 
176 102 
42 20 
19 -90 
-121 125 
-105 -178 
177 106 
105 104 
22 98 
58 71 
156 -161 
-58 -88 
-15 6 
153 -93 
123 -142 
-172 138 
-128 112 
-156 -186 
183 69 
93 24 
-84 -6 
-92 197 
21 83 
5 94 
-199 -185 
-68 105 
86 -6 
179 132 
-30 138 
164 -15 
-55 124 
26 82 
-149 -34 
-193 175 
-45 112 
26 189 
-69 -77 
25 89 
-153 -61 
-29 194 
160 -110 
-22 71 
-81 -28 
-42 128 
34 155 
118 -12 
112 173 
-165 46 
-158 56 
22 -183 
-13 103 
-101 80 
-142 182 
146 176 
-25 20 
-153 173 
176 93 
-130 4 
86 149 
-200 -38 
-92 194 
-157 39 
133 41 
179 121 
169 -33 
38 -163 
-170 -95 
15 71 
-151 175 
188 43 
-84 71 
92 -28 
132 111 
165 -85 
112 134 
159 16 
-112 -163 
-27 63 
-18 -83 
-52 79 
6 62 
16 72 
154 189 
47 -196 
-29 174 
139 151 
112 -88 
117 -38 
177 92 
-144 -64 
117 -2 
116 -148 
51 -76 
-89 152 
-43 -161 
190 175 
-181 176 
136 -152 
64 24 
-174 109 
-162 -173 
-153 -140 
64 48 
0 -62 
1 165 
51 20 
129 19 
64 156 
114 38 
-24 -100 
88 -93 
-45 -187 
164 -101 
-68 20 
11 3 
69 -126 
-113 164 
59 111 
172 -80 
-63 102 
-8 39 
191 32 
62 170 
172 -107 
-50 -187 
188 20 
196 35 
-21 -170 
168 -66 
-168 32 
28 94 
176 128 
-68 49 
-49 95 
158 83 
42 77 
-63 -16 
26 60 
4 12 
-10 199 
-23 121 
63 -94 
-124 36 
24 -199 
23 -83 
104 61 
-23 -159 
-25 183 
-176 196 
4 -67 
69 -138 
120 184 
-174 167 
64 16 
-70 -162 
196 -104 
-139 189 
-1 -19 
-107 56 
198 -101 
144 0 
65 -139 
-120 -98 
111 69 
198 -148 
143 131 
182 191 
30 22 
-137 109 
193 -123 
-125 -54 
-186 148 
-135 -179 
45 -171 
58 -24 
-16 12 
148 -19 
-69 149 
-139 71 
-155 -57 
197 68 
-86 -43 
-190 -183 
-99 -160 
73 -158 
-43 122 
41 -197 
-127 -60 
164 -36 
-38 -98 
-38 170 
-52 105 
-121 35 
32 33 
23 -43 
15 154 
9 94 
-38 -160 
30 1 
40 -47 
33 -10 
-193 45 
-165 51 
130 -124 
145 -7 
11 -175 
63 -132 
-161 155 
-63 -170 
139 46 
-97 -99 
104 67 
-58 56 
-149 -164 
190 -190 
117 37 
173 -185 
192 1 
-50 105 
-22 -114 
-144 175 
64 70 
-69 -138 
81 -178 
17 -122 
88 -12 
130 -140 
-52 -120 
33 80 
199 -146 
34 24 
-50 69 
47 1 
74 -48 
-119 -176 
-104 -180 
-27 -126 
13 147 
-192 45 
72 21 
-198 5 
-95 157 
111 92 
122 -77 
74 -167 
-135 -185 
-117 -133 
-115 -90 
-149 4 
-174 -38 
-34 35 
-80 -140 
50 -54 
118 130 
-60 49 
-100 -62 
-93 29 
-121 128 
-31 196 
29 -143 
135 -119 
1 -64 
146 -69 
-3 -66 
-155 -83 
62 -28 
90 -180 
176 -53 
-28 -155 
-190 184 
-155 -42 
176 -181 
54 -90 
-197 -163 
1 -110 
8 -3 
-26 196 
102 -152 
28 199 
-13 173 
-192 158 
157 -62 
98 -51 
-140 87 
95 77 
-5 -177 
195 77 
154 62 
-175 141 
-1 -128 
-200 -49 
-131 185 
26 -98 
89 42 
179 113 
65 89 
81 -66 
-178 164 
192 162 
-90 -41 
-81 -107 
-135 111 
-182 -15 
4 116 
-85 197 
116 95 
139 -66 
78 0 
-50 -7 
-8 -109 
-110 152 
19 -65 
-176 -127 
-17 -33 
-82 173 
153 170 
-17 86 
176 60 
-42 95 
-54 -40 
47 -122 
92 -145 
111 125 
102 1 
-8 35 
70 -58 
16 39 
172 -51 
157 192 
-170 164 
141 -56 
11 -166 
-121 -70 
75 -88 
60 -142 
147 97 
22 -71 
-83 108 
73 -40 
112 182 
188 -107 
142 -90 
-1 2 
143 -80 
86 137 
73 -189 
-72 -43 
130 -19 
59 -183 
-69 76 
-171 -166 
-18 189 
148 130 
64 108 
4 -97 
78 170 
-54 92 
-111 -51 
-79 -104 
168 -136 
-63 -56 
156 -129 
-51 190 
79 135 
-52 -199 
13 162 
-148 30 
91 119 
108 174 
-142 -148 
126 -59 
-168 182 
-23 71 
153 -113 
157 -60 
-52 15 
-66 191 
107 -165 
139 86 
-72 -11 
103 -33 
-48 3 
159 56 
50 151 
177 -90 
-106 -101 
4 108 
-131 75 
-35 -152 
-105 -57 
-197 -1 
-157 -103 
-82 -4 
-179 -89 
140 -127 
-18 124 
-152 130 
-103 -183 
-72 94 
68 26 
95 -4 
-110 -38 
-66 -59 
-96 -88 
-58 -47 
-152 154 
198 14 
9 122 
174 -43 
-23 184 
-60 87 
-54 89 
-65 124 
73 -130 
189 -122 
-130 -180 
-1 38 
-125 58 
160 199 
-198 -182 
-103 21 
-190 73 
-41 126 
-39 -63 
-159 -135 
-18 -131 
194 4 
155 182 
43 -142 
139 -6 
176 -162 
-140 186 
-37 42 
-122 80 
142 -21 
13 94 
102 -27 
-152 194 
-139 126 
-57 40 
-179 -115 
33 186 
-58 91 
-145 -119 
-176 -37 
197 -185 
145 -103 
135 140 
21 -174 
5 93 
177 68 
38 -7 
10 -151 
-72 -36 
-33 64 
72 -148 
-200 125 
-80 -86 
-77 10 
-178 -15 
137 199 
72 -138 
195 -11 
195 -112 
-134 74 
117 -18 
135 187 
-13 172 
-102 54 
172 -195 
-135 -1 
-96 87 
-11 103 
132 130 
-122 29 
-62 -16 
-29 -97 
-16 -140 
-136 167 
-76 100 
-134 -149 
147 -60 
155 73 
-85 153 
-118 -54 
66 -96 
47 -70 
-179 -110 
-30 154 
76 97 
139 -199 
-106 41 
-106 -33 
85 55 
-169 -104 
-122 -109 
40 137 
-6 119 
75 -183 
-178 -145 
29 77 
106 -87 
148 90 
32 63 
95 -200 
155 175 
58 -103 
-134 -196 
138 -200 
-161 113 
-104 -69 
-1 130 
166 -13 
-74 186 
25 -124 
33 23 
32 38 
-164 173 
91 -188 
103 -164 
167 123 
181 -82 
-79 -87 
-113 182 
151 115 
-151 -45 
-75 -99 
155 100 
-20 144 
18 -80 
-121 -45 
-200 192 
181 120 
106 -192 
-3 -146 
-49 -128 
-62 -48 
67 -198 
-127 -179 
113 -13 
-151 8 
56 75 
-164 -48 
-171 188 
-171 -105 
138 121 
-95 54 
-79 -71 
174 75 
117 195 
146 52 
-49 -53 
-149 -188 
-52 -76 
1 175 
18 -132 
-167 -173 
-26 166 
188 -182 
181 -111 
199 165 
39 141 
1 67 
-29 -169 
4 167 
184 -175 
16 2 
148 -195 
-155 -156 
68 -146 
159 111 
154 109 
-86 8 
60 176 
-150 44 
131 -190 
-163 -15 
-177 -200 
-107 -97 
184 163 
131 -116 
64 -129 
-109 -80 
-187 17 
62 51 
25 109 
-77 -194 
14 70 
44 188 
-107 109 
46 -153 
51 184 
59 -62 
83 187 
-85 -117 
160 -35 
97 -27 
195 56 
-51 95 
-88 115 
-171 -108 
-168 -98 
-147 166 
73 -99 
107 -86 
42 -35 
165 -45 
36 182 
27 25 
48 5 
144 91 
-26 -184 
-9 -131 
92 146 
-10 62 
172 162 
93 76 
151 1 
52 -167 
71 -145 
38 13 
-121 179 
188 131 
-193 -195 
18 129 
169 121 
-170 -154 
127 0 
102 -182 
99 7 
181 159 
-121 155 
-168 107 
-151 134 
-106 15 
66 31 
-34 30 
177 -6 
-8 66 
-57 -200 
68 -58 
139 -56 
40 -144 
-49 -166 
-65 59 
-118 -178 
44 86 
114 -56 
-172 112 
-117 82 
65 -147 
135 -134 
128 -21 
41 -46 
-57 78 
64 85 
-35 90 
38 -13 
84 114 
131 99 
-189 -16 
-4 -112 
-199 108 
-58 -190 
43 -26 
-190 39 
-73 190 
190 9 
-137 -81 
-141 90 
-113 -151 
-29 100 
25 71 
180 120 
-92 19 
-193 -135 
77 -121 
-128 80 
-152 198 
-98 -70 
-180 159 
-10 175 
18 -189 
-139 -105 
-5 66 
-69 86 
-35 169 
-23 16 
-20 -57 
135 -108 
32 186 
-154 185 
-73 196 
116 121 
-147 -54 
-54 -92 
-22 -35 
-160 182 
-4 51 
-33 -35 
120 99 
-152 128 
-190 -78 
-139 -32 
50 -90 
-89 -149 
-12 140 
-183 114 
51 -121 
76 -166 
-74 180 
-114 -42 
23 -21 
-54 -93 
139 65 
141 -74 
-173 70 
104 166 
144 -126 
-38 -129 
23 91 
-26 4 
142 -14 
144 -67 
20 -184 
-104 50 
112 -120 
-86 -71 
5 -37 
178 -90 
-171 77 
153 132 
-162 6 
-128 61 
1 82 
57 -198 
-100 -173 
-196 -38 
-12 -164 
2 -160 
-157 -183 
-187 -25 
-96 -11 
-141 158 
77 -180 
-9 67 
-63 166 
-63 51 
19 142 
44 -108 
119 -43 
52 81 
52 79 
149 -96 
-182 -90 
57 -49 
-195 4 
-51 -160 
61 2 
51 83 
97 140 
98 -137 
186 199 
-68 161 
30 -153 
89 77 
-24 -188 
-88 43 
0 89 
-193 95 
-5 -70 
-50 -192 
101 52 
-195 -198 
-41 -17 
96 21 
-69 53 
-151 -100 
60 56 
-68 -146 
-5 91 
50 163 
167 154 
64 138 
193 -125 
-9 -62 
-57 -41 
151 149 
-136 -48 
191 -143 
16 12 
103 136 
61 52 
-33 -200 
34 -59 
106 -5 
-44 -35 
0 168 
-159 -130 
46 -189 
-37 -4 
-1 55 
117 151 
103 172 
-89 148 
-120 -118 
-17 -178 
118 24 
112 74 
-168 -68 
-148 -21 
161 8 
35 -171 
-126 -93 
-58 78 
-97 154 
-43 -83 
-117 -69 
170 111 
-148 -101 
-191 63 
17 8 
-170 40 
-96 147 
-86 -59 
197 -188 
-27 28 
177 -180 
101 96 
-108 -19 
-189 109 
-19 64 
-60 -95 
-116 -130 
137 -87 
25 -30 
-110 81 
12 112 
101 -49 
9 187 
81 21 
-79 187 
161 199 
131 156 
-106 2 
160 -33 
162 183 
-27 19 
150 72 
-27 -41 
-59 38 
101 29 
-155 196 
148 133 
-164 -181 
-189 121 
189 -191 
-45 88 
50 176 
-33 -80 
180 54 
170 -192 
134 75 
-130 107 
-141 5 
-29 -74 
4 -146 
184 75 
-50 174 
-121 17 
119 -93 
57 -11 
-187 -151 
110 59 
29 -26 
2 -94 
186 -150 
-125 85 
183 13 
-152 187 
-183 -194 
116 61 
44 -167 
-192 71 
83 17 
139 160 
161 -141 
171 7 
-28 58 
98 86 
-85 -147 
-199 -100 
-177 3 
-68 -141 
-119 -6 
-190 41 
151 91 
166 186 
33 64 
40 -158 
119 -167 
81 -151 
192 -83 
-131 50 
-39 -65 
-102 2 
-47 -42 
69 94 
-151 -115 
-50 8 
52 -23 
-155 99 
22 -47 
173 192 
163 156 
-164 -102 
-193 84 
181 100 
-36 111 
152 48 
184 137 
193 7 
6 166 
-8 188 
195 29 
-115 -53 
183 -64 
-150 183 
140 74 
155 -160 
-15 -158 
49 123 
146 -109 
180 -139 
-128 -131 
-102 11 
42 -72 
-188 -149 
187 -40 
-15 120 
-200 -110 
-50 -116 
133 -33 
133 116 
171 -184 
-113 4 
-52 30 
123 -87 
-145 142 
175 -146 
18 50 
118 -189 
8 -188 
-126 -124 
75 -107 
42 -175 
-62 -139 
119 -64 
115 -12 
-104 142 
-6 -159 
68 -114 
37 128 
-79 -29 
-116 187 
131 31 
184 48 
-69 -66 
-147 121 
191 185 
-11 44 
-65 99 
-14 48 
132 105 
-187 2 
160 185 
188 36 
-193 1 
96 -158 
103 50 
-153 -154 
8 120 
-200 -164 
166 55 
55 27 
179 -45 
154 -154 
31 85 
163 133 
-66 17 
118 -34 
-151 181 
-82 121 
-18 -182 
127 130 
-12 -133 
15 188 
-157 59 
189 -160 
129 -87 
-3 -18 
65 -72 
164 111 
-125 78 
-1 -173 
-95 173 
-121 50 
-60 122 
-163 18 
7 53 
-106 -80 
132 64 
10 -67 
-105 -21 
73 -103 
44 47 
30 76 
131 -21 
144 107 
-195 150 
109 40 
79 -183 
-15 87 
161 90 
-148 -80 
138 178 
108 119 
-81 -47 
-178 -176 
-59 127 
176 -92 
152 -195 
125 -54 
60 104 
-102 55 
4 -4 
-135 -72 
-181 -73 
-108 -107 
-111 6 
-18 48 
17 40 
27 1 
-34 125 
-77 143 
-198 124 
-100 -104 
187 85 
106 90 
-99 152 
116 136 
38 -16 
-134 30 
193 28 
-79 -90 
140 -151 
-157 35 
155 -73 
-50 118 
-149 29 
-154 130 
-123 -135 
52 182 
34 75 
-195 171 
-44 -66 
-91 167 
48 -104 
156 160 
145 122 
-40 125 
-199 165 
31 -128 
-162 107 
-92 -35 
-119 10 
-71 -107 
-169 -68 
126 132 
41 59 
-136 83 
-129 -2 
162 -42 
131 -66 
125 -6 
-52 73 
-77 119 
40 64 
67 96 
-38 127 
133 63 
-195 95 
4 130 
-167 -148 
-157 32 
157 -90 
111 -151 
96 -39 
61 185 
-188 92 
128 138 
-71 -177 
120 116 
6 181 
-196 -165 
10 -177 
-55 -23 
-146 189 
-182 -175 
97 -144 
28 58 
84 172 
57 146 
55 124 
194 -13 
-185 54 
119 -72 
-93 38 
-46 35 
-87 -139 
64 92 
63 -112 
-44 -114 
-122 50 
-38 -34 
-27 -136 
134 -198 
119 3 
79 56 
-195 -170 
-162 -90 
183 126 
-95 -13 
13 -125 
152 -108 
165 -132 
125 182 
-138 10 
70 -118 
184 121 
-128 186 
-32 78 
188 92 
133 107 
-148 170 
151 183 
-166 -61 
-136 -131 
10 -80 
149 -146 
91 109 
-193 -71 
168 75 
39 56 
41 -70 
128 -134 
-120 181 
99 -33 
-95 5 
95 -171 
-41 -200 
-47 122 
90 -132 
176 -154 
-189 186 
-123 66 
-19 163 
-115 8 
-185 -118 
-191 -17 
-176 -153 
104 -77 
-25 -74 
55 116 
-139 -163 
-135 145 
-71 -59 
65 -153 
157 118 
-45 117 
5 -58 
35 -5 
126 22 
90 92 
140 -92 
-143 55 
146 -188 
-58 130 
22 141 
179 141 
-87 -167 
-195 -75 
16 165 
-171 -151 
108 -134 
3 156 
46 9 
-129 82 
12 -96 
106 -64 
-32 -138 
-110 127 
107 -83 
144 -188 
104 48 
-174 -158 
179 76 
59 103 
-82 135 
101 -60 
-128 103 
-43 199 
-174 77 
167 -200 
-63 175 
90 149 
-183 -147 
113 -86 
101 -106 
4 125 
-188 -121 
-134 -172 
-123 -47 
133 -10 
18 4 
-119 84 
-113 -18 
-15 -105 
66 -14 
19 174 
21 173 
109 178 
120 -47 
11 -158 
-39 -52 
145 77 
89 37 
56 123 
-75 174 
19 171 
-17 -81 
177 -159 
97 -59 
60 -13 
161 -79 
101 -86 
173 -156 
119 15 
-57 11 
171 -181 
39 -180 
-167 -38 
-157 -106 
110 -152 
-25 81 
110 124 
-157 -119 
-42 -64 
18 116 
-24 186 
-152 -87 
74 -49 
47 28 
164 140 
-87 53 
-99 13 
-67 140 
-148 -63 
161 26 
79 -19 
157 180 
-95 -64 
-116 156 
168 146 
54 -168 
-177 -156 
28 84 
-77 -6 
46 12 
37 -178 
-150 -75 
33 -46 
107 60 
182 171 
16 127 
-182 9 
-156 -188 
-128 158 
151 -17 
129 -169 
-160 -40 
-35 24 
-69 88 
138 8 
-67 -77 
-123 -25 
-162 -193 
168 49 
80 144 
58 159 
-107 -122 
133 -101 
-153 -26 
-112 -172 
180 62 
3 198 
-80 -120 
-90 101 
-188 -166 
95 194 
38 62 
-36 171 
-40 110 
89 -93 
-119 54 
-134 101 
196 110 
174 -74 
165 -9 
-71 28 
-49 -57 
-78 -187 
-10 46 
-88 13 
-69 -159 
194 -105 
133 -161 
166 -22 
26 147 
-177 -64 
157 31 
155 -200 
156 35 
-57 73 
-104 150 
-139 -160 
193 -195 
164 -47 
169 -140 
55 -181 
-38 -6 
39 112 
-187 178 
-138 114 
45 -91 
169 165 
89 72 
180 143 
90 187 
81 -17 
84 -87 
-166 6 
42 -81 
-109 -8 
53 196 
43 55 
-72 -120 
-166 180 
85 113 
47 117 
-119 50 
165 132 
-99 -151 
68 135 
15 -187 
197 141 
166 11 
192 40 
-94 -192 
-82 -86 
185 -186 
-42 -27 
177 -151 
16 -146 
154 -85 
-142 -54 
-57 -45 
-127 25 
77 -50 
21 -61 
-89 -94 
-96 -31 
69 17 
39 -139 
-185 -82 
-42 -189 
-1 190 
-63 -178 
-65 -127 
-60 -117 
-68 166 
-180 -102 
15 135 
164 108 
-178 -22 
70 -7 
143 130 
119 67 
175 189 
21 -85 
-190 -46 
-90 62 
-179 -85 
-81 -130 
133 109 
-10 -152 
113 85 
21 81 
158 -100 
92 80 
53 -20 
-141 -62 
78 -2 
-31 176 
125 -172 
-114 71 
187 12 
-191 92 
138 -108 
93 -55 
148 183 
-49 198 
18 168 
55 128 
121 186 
168 104 
151 72 
-88 191 
166 102 
-75 95 
100 138 
196 -199 
-102 152 
-191 149 
-14 -59 
-86 139 
92 110 
-41 -33 
157 -172 
-192 51 
12 -99 
-88 -45 
136 -89 
-19 8 
-143 -69 
128 -62 
-14 46 
-29 37 
51 86 
158 -68 
-49 67 
-77 -92 
-22 79 
131 103 
126 190 
-64 118 
-158 121 
164 -179 
98 -41 
-132 -48 
-50 -29 
125 65 
101 125 
-149 -11 
-110 148 
7 17 
-189 177 
133 -41 
56 -188 
-61 -111 
-25 -45 
-50 -44 
33 51 
-88 47 
120 -156 
-139 -195 
-4 98 
-104 31 
-29 60 
165 -29 
-181 -71 
163 -49 
171 18 
65 -15 
182 174 
-56 -140 
-134 -168 
65 -6 
-178 -90 
-22 -162 
-129 -170 
-187 9 
-149 -26 
-173 -87 
-178 65 
101 -63 
143 -150 
41 172 
146 23 
-158 166 
99 127 
138 11 
101 -79 
-191 -173 
138 194 
47 -67 
-23 46 
-42 179 
-95 103 
53 161 
-101 -24 
-133 190 
-135 23 
-181 1 
-197 -101 
-38 47 
128 -49 
197 -2 
107 -25 
183 71 
-142 131 
-14 137 
-17 -52 
-173 -101 
-114 -194 
49 60 
107 56 
-145 -70 
95 70 
-52 -72 
-60 -21 
-197 77 
148 -185 
-92 196 
176 153 
188 -147 
-130 -149 
27 159 
-93 -83 
111 -30 
-98 -146 
-194 62 
-116 -112 
81 155 
12 -171 
-114 148 
-110 176 
0 148 
168 103 
140 -86 
-3 10 
157 67 
182 44 
-191 99 
133 -114 
-137 -76 
156 47 
-193 -147 
-117 39 
48 -44 
-152 135 
72 9 
-126 -141 
-22 61 
188 56 
180 -59 
135 50 
-34 132 
198 193 
-185 -68 
99 -167 
-123 196 
79 181 
31 11 
169 -144 
172 35 
-121 -106 
-146 195 
114 27 
-4 108 
198 37 
-158 -120 
-135 -164 
-199 122 
165 12 
-102 -17 
186 -27 
60 111 
15 44 
-74 107 
-109 180 
177 138 
65 -125 
133 -13 
-13 23 
-22 198 
-105 -152 
-87 90 
-124 -75 
126 -152 
127 -1 
-22 19 
-101 168 
-167 -21 
-12 -73 
-33 -119 
-113 -149 
10 172 
-148 134 
-89 193 
129 -151 
51 -192 
196 160 
-39 3 
59 -44 
87 -191 
-64 -153 
-155 -138 
-100 53 
-13 53 
79 52 
-135 -196 
-147 170 
-5 -61 
-95 -159 
-142 177 
62 73 
183 160 
-92 -109 
79 -76 
-154 156 
-141 104 
46 195 
189 -138 
124 -163 
183 16 
-199 -72 
-120 129 
67 86 
75 -193 
-8 104 
141 4 
165 24 
-81 -145 
169 -133 
70 -153 
80 -82 
100 0 
88 76 
70 -5 
27 -139 
85 -100 
-15 199 
131 -128 
-12 27 
-118 -41 
196 60 
50 -36 
172 -9 
-28 84 
-167 116 
-18 105 
108 196 
-121 117 
-135 174 
-16 -31 
-191 172 
-107 -27 
190 -79 
-58 -195 
-111 -3 
33 183 
10 -121 
-74 -1 
56 120 
40 -146 
-193 26 
-76 199 
136 -195 
28 -142 
-81 41 
10 152 
-17 29 
-116 -111 
67 78 
128 94 
-115 -76 
41 85 
-103 130 
55 69 
116 -153 
-84 -100 
-94 57 
100 166 
99 -43 
-136 85 
53 -131 
166 -14 
-88 59 
-156 108 
-57 -18 
107 91 
-4 -146 
-120 -62 
150 160 
152 197 
-139 120 
61 34 
3 -140 
77 -90 
-163 -116 
184 -89 
44 186 
44 -21 
-180 86 
-142 -42 
-128 190 
-71 133 
23 128 
-107 188 
30 106 
147 20 
-100 -155 
85 43 
-51 120 
-186 -16 
18 -50 
-71 78 
16 65 
-174 140 
-167 140 
7 -49 
181 -129 
63 -135 
-133 185 
125 -8 
-22 -85 
-128 -199 
-29 -87 
62 162 
-170 177 
-153 -85 
-143 195 
-90 67 
-165 126 
-50 -118 
37 -167 
91 -120 
-85 89 
125 -152 
-49 173 
-46 -29 
-178 182 
192 -54 
30 -33 
-1 139 
141 123 
-192 130 
-89 -25 
22 2 
7 -20 
140 -50 
-26 60 
33 120 
-75 -11 
83 -88 
-64 94 
-68 82 
-141 -14 
84 131 
-57 -165 
181 72 
186 91 
153 90 
160 186 
-151 158 
145 -200 
-180 133 
123 -66 
-123 -126 
181 112 
-48 89 
-80 -157 
4 -11 
-186 40 
67 -14 
91 98 
98 42 
145 -54 
-143 -15 
-2 38 
113 -14 
-196 -156 
-154 -81 
165 171 
95 58 
-45 119 
-105 -6 
42 -53 
-151 173 
7 15 
-149 -76 
-42 55 
74 -145 
190 142 
-78 -148 
24 -135 
-170 -67 
-26 -13 
-28 -59 
12 132 
-95 112 
186 103 
39 36 
-135 -119 
20 71 
-13 190 
17 -118 
-75 -169 
-52 156 
127 -109 
-6 59 
109 101 
-26 -11 
-192 87 
-61 -37 
-145 129 
102 20 
120 180 
-16 -183 
-127 -23 
60 48 
-31 194 
-193 -138 
32 -133 
-197 134 
-91 -127 
-103 145 
-93 -161 
-49 71 
55 -5 
91 94 
48 -146 
175 -82 
-63 133 
41 -166 
22 -100 
93 11 
195 -23 
-69 -29 
55 36 
61 180 
-182 91 
149 21 
-20 -37 
53 172 
-163 -164 
-175 19 
34 12 
-164 -167 
53 -29 
1 56 
50 37 
101 -127 
100 -21 
143 -98 
-1 40 
177 -18 
54 -148 
183 19 
187 149 
-178 189 
92 139 
80 -195 
15 -7 
64 -86 
-78 -57 
-6 149 
-170 128 
-157 -173 
65 -137 
159 -113 
-11 42 
135 41 
-165 -177 
160 6 
101 6 
164 151 
30 146 
20 -115 
-92 82 
77 -174 
199 -31 
30 -34 
135 92 
-169 -66 
162 -173 
60 46 
94 5 
192 -111 
126 121 
96 -172 
-99 -45 
-125 25 
181 -198 
61 -75 
158 149 
199 -58 
-71 -30 
-139 -89 
93 40 
138 -67 
-76 183 
-107 -146 
-194 -23 
-62 -40 
-96 49 
90 32 
103 -131 
61 17 
145 -172 
-139 -109 
-90 102 
50 76 
-44 101 
-100 -93 
133 -174 
135 0 
22 -55 
-189 103 
-40 -14 
-169 -2 
173 76 
-195 -132 
61 -155 
-85 75 
62 111 
-177 -39 
132 195 
90 114 
-50 146 
195 -113 
27 93 
128 -137 
149 140 
-27 -109 
-198 37 
181 -23 
-29 -191 
70 180 
-165 -132 
40 -185 
-22 116 
22 108 
189 81 
-96 -69 
-8 -25 
24 -110 
79 -17 
-175 110 
11 -93 
-171 39 
64 143 
0 173 
151 -80 
183 -167 
31 -180 
117 -53 
67 -131 
-98 137 
183 45 
61 7 
-3 -123 
87 85 
-194 45 
-126 40 
-126 5 
185 -54 
-65 105 
23 -74 
-63 -38 
-6 -75 
177 -47 
68 -6 
-176 -53 
-44 -176 
167 100 
-91 151 
48 -19 
29 -105 
165 26 
59 -128 
-138 -86 
24 8 
-73 -98 
-183 -159 
91 49 
123 154 
-170 49 
-53 151 
127 166 
-143 168 
-64 196 
-128 71 
184 107 
-178 165 
139 17 
-153 191 
-5 190 
-126 -185 
22 -79 
-71 59 
154 141 
165 -68 
166 178 
-45 -124 
-188 82 
142 -27 
100 116 
183 -109 
82 -157 
-76 13 
-128 -26 
22 70 
-72 39 
-12 90 
-38 -29 
-174 -42 
175 -71 
-181 -89 
35 -156 
6 55 
180 153 
109 26 
115 -39 
69 55 
-170 91 
-191 24 
-73 -197 
53 -83 
107 -112 
-87 -131 
124 -187 
-91 177 
-174 -139 
-196 27 
-87 -153 
45 -169 
-111 195 
104 182 
6 -38 
162 -193 
113 -100 
194 -190 
-12 -41 
-4 -142 
32 126 
-154 -178 
-194 -14 
-87 55 
113 3 
185 108 
-164 -150 
128 -78 
-34 -14 
-64 111 
-75 -42 
181 69 
18 30 
-162 -115 
21 135 
-91 -173 
-31 38 
-33 143 
12 -133 
176 -45 
-11 -103 
-117 -73 
-167 33 
-65 -14 
-66 34 
38 -9 
-135 44 
-106 120 
-145 195 
169 2 
-103 -10 
-181 14 
-199 -130 
-198 -11 
-165 61 
-82 -24 
90 87 
65 173 
95 -73 
-72 -109 
-96 133 
186 128 
-151 -12 
-92 -165 
166 -64 
-16 49 
-88 -146 
77 -128 
-160 -103 
36 84 
175 53 
78 61 
-188 -162 
-90 -150 
-87 41 
128 -3 
-4 37 
-124 -5 
-46 173 
-120 65 
-53 84 
-75 -137 
3 25 
190 -34 
3 95 
130 -163 
-4 -153 
68 -47 
-72 -177 
-182 -191 
15 -77 
-4 4 
-48 114 
194 -20 
-157 -17 
-29 -120 
30 117 
-103 58 
197 -91 
-139 -31 
-85 -163 
166 -94 
153 -65 
66 58 
-172 -198 
-131 13 
-199 151 
-60 173 
158 116 
56 -142 
-107 -194 
22 -81 
103 21 
38 -110 
84 161 
8 50 
-130 144 
144 16 
-195 -72 
-100 -31 
-195 -150 
91 -1 
164 -197 
-174 78 
-127 194 
166 -169 
-113 148 
-104 22 
-110 -181 
-49 80 
119 -157 
82 -199 
-39 114 
3 110 
56 20 
-73 -2 
-31 -126 
-20 196 
-78 -30 
-139 39 
71 180 
184 22 
-44 176 
-47 181 
11 130 
-156 50 
-48 -189 
-178 -169 
0 42 
-64 -188 
-192 -115 
168 174 
-77 107 
-109 -67 
-174 -80 
137 -90 
-147 -176 
152 45 
-115 -87 
-109 -76 
76 154 
58 -109 
-194 26 
-48 95 
-121 -131 
113 17 
-113 75 
-117 -33 
-183 169 
148 -37 
160 -199 
-107 -118 
-20 -85 
-149 -78 
-153 -32 
-51 -120 
-42 -187 
-51 -181 
24 70 
-114 -134 
139 -30 
-55 143 
-126 62 
30 32 
171 -80 
138 -143 
38 131 
3 56 
-70 22 
-166 -11 
1 -76 
49 130 
181 -149 
-106 -69 
10 -34 
29 75 
-93 80 
-132 129 
-91 -149 
-173 -57 
-164 93 
90 -153 
-178 -107 
82 -66 
168 -36 
50 42 
-175 48 
-176 16 
-32 -59 
191 -4 
15 92 
-5 -179 
-91 13 
-94 135 
150 161 
56 -39 
-5 -197 
60 101 
-110 -23 
-187 -112 
-103 -174 
62 52 
90 -111 
146 -46 
-115 -108 
6 143 
114 -140 
179 -191 
126 27 
-90 50 
48 -152 
19 -196 
-28 -23 
-51 185 
67 -146 
-9 36 
-99 150 
80 -172 
-114 -121 
159 143 
187 -90 
-34 67 
-19 -173 
-169 -175 
58 -76 
109 65 
92 -72 
99 -199 
150 135 
165 -122 
91 60 
140 148 
179 86 
165 -151 
-198 -71 
-63 3 
-22 187 
-78 97 
-42 -130 
0 16 
-112 -55 
-129 189 
8 -144 
-16 -99 
-113 85 
-138 -189 
53 187 
-124 101 
17 -71 
-67 48 
25 154 
-73 13 
-17 76 
23 -16 
123 39 
13 -107 
88 42 
-3 27 
-33 31 
-99 -17 
-127 89 
37 -121 
-53 76 
111 136 
16 66 
-136 -20 
-185 -22 
-15 189 
2 131 
-41 47 
72 -199 
-49 -151 
102 103 
-181 162 
-10 33 
-126 -41 
-22 75 
-20 112 
-37 160 
16 -127 
89 81 
24 198 
171 -110 
-191 -7 
-75 -109 
129 78 
123 151 
-126 145 
-6 -191 
165 -44 
-130 160 
-167 -68 
-75 153 
-75 44 
99 187 
-178 -197 
-198 106 
132 49 
-139 64 
6 -34 
-61 155 
38 124 
149 -172 
-142 42 
73 -14 
-59 -118 
-200 -191 
-138 -160 
5 -44 
44 -154 
96 -183 
-3 8 
-164 -172 
-174 61 
146 71 
-104 -182 
167 -115 
101 -67 
-33 71 
-197 184 
-66 -69 
9 146 
-55 -60 
53 -176 
-117 25 
84 -128 
-180 -39 
10 139 
-7 -174 
42 -23 
90 7 
-51 20 
-40 -179 
89 -144 
-60 3 
-150 169 
38 -57 
42 -40 
-168 -165 
52 26 
-30 95 
-87 -120 
-30 -127 
-173 -45 
-94 -89 
-159 82 
105 -24 
43 47 
176 131 
189 47 
-187 171 
100 -104 
45 -40 
157 3 
-150 -29 
85 183 
174 -140 
-116 -45 
-179 -146 
194 -187 
77 -139 
-122 181 
-83 120 
-9 99 
-22 -107 
36 -152 
-5 -1 
114 0 
5 98 
-165 133 
130 52 
-91 -38 
-175 -95 
-42 -39 
5 -13 
-172 -53 
-174 -165 
138 -42 
-38 -36 
-68 17 
16 17 
44 71 
147 33 
7 -173 
-79 146 
197 -184 
-114 5 
167 112 
168 -139 
-92 11 
-147 122 
-22 152 
47 -102 
-88 -152 
88 -181 
75 -75 
-18 20 
-57 -92 
-83 82 
16 67 
68 -158 
101 94 
-121 192 
21 -38 
-187 134 
95 -183 
-109 117 
-18 -111 
-47 -115 
100 -58 
184 -46 
-54 -105 
-146 107 
96 111 
-87 79 
-44 123 
-90 -146 
42 -163 
-134 -199 
144 63 
11 6 
2 198 
-134 -183 
191 113 
31 -5 
143 75 
7 68 
-186 56 
-164 -57 
-82 -91 
-66 32 
52 -40 
104 -163 
106 58 
-58 -197 
98 1 
-71 -133 
-12 -192 
-120 -198 
-7 23 
101 -17 
-69 -26 
-172 -24 
18 -117 
154 29 
105 119 
-184 -158 
-172 -194 
-39 -83 
138 -48 
-148 -186 
-65 145 
116 0 
63 -167 
28 -162 
160 167 
141 -33 
-108 141 
-171 167 
18 -111 
-102 65 
-150 24 
139 -159 
122 86 
104 71 
-150 125 
-183 -121 
-39 103 
-36 -101 
78 -93 
-156 -149 
99 145 
80 -92 
-48 103 
-83 101 
-14 -183 
-179 2 
27 180 
-118 35 
-70 11 
54 -144 
-136 -108 
-37 170 
-126 -76 
-46 119 
175 -80 
-128 138 
140 -170 
27 -179 
147 70 
175 -62 
195 -171 
-175 -41 
113 -55 
-79 -101 
-134 -7 
-24 47 
-167 -150 
-31 -176 
70 15 
-94 -126 
28 127 
137 -38 
-82 -145 
120 -152 
-193 96 
-65 -61 
190 -97 
-99 176 
-121 124 
4 196 
-77 148 
-85 65 
-35 105 
189 27 
131 -165 
-107 24 
-3 -118 
106 -131 
-66 -160 
-31 74 
-128 4 
15 -116 
-96 -195 
32 -26 
116 92 
43 -133 
1 174 
105 33 
-22 -170 
53 132 
-6 98 
23 164 
-8 96 
-63 -161 
-35 -66 
-41 -106 
25 -38 
-48 47 
118 31 
72 -180 
68 168 
-48 -63 
-82 29 
-119 -25 
151 -84 
120 -43 
74 36 
-110 131 
180 46 
-150 84 
-137 31 
-143 -11 
-32 -115 
-157 64 
-74 40 
-15 -2 
194 189 
192 64 
163 152 
-44 -175 
59 60 
103 -1 
104 -67 
-27 5 
-97 -18 
-138 168 
76 186 
-187 138 
181 -64 
-148 -20 
-177 -66 
-44 -193 
72 -66 
-15 131 
44 -89 
-14 59 
-116 121 
189 35 
40 -134 
-179 110 
166 -6 
106 70 
-127 -97 
43 123 
142 -176 
158 -10 
91 101 
-150 69 
72 193 
188 -45 
-13 -143 
118 -118 
-22 -15 
175 49 
79 190 
97 175 
3 152 
-112 -51 
72 -150 
-108 169 
-61 -175 
30 -49 
-130 68 
153 -104 
49 -52 
92 153 
-19 63 
-101 172 
-39 24 
-86 -62 
84 96 
18 -21 
31 173 
90 171 
143 -39 
85 -132 
52 70 
180 13 
-89 85 
-140 9 
9 -81 
-28 141 
-199 104 
-116 56 
83 30 
62 32 
150 138 
-97 -92 
49 133 
-122 -178 
94 22 
112 31 
-145 18 
-184 101 
-184 -163 
78 186 
10 -66 
-157 189 
-12 46 
197 102 
196 78 
