81 -196 
-175 5 
-58 -115 
-130 99 
-185 -22 
10 86 
95 163 
-106 130 
-137 -175 
-22 -177 
-112 -24 
194 -143 
-44 -80 
-55 18 
78 172 
126 115 
-11 -55 
51 28 
-129 138 
-43 -158 
-32 -28 
-153 190 
-137 -129 
-200 -26 
70 -184 
-145 136 
69 167 
-187 -128 
-157 86 
199 192 
190 -154 
-160 -65 
45 30 
140 -133 
184 -78 
-165 -81 
45 66 
-99 -67 
81 142 
-27 153 
121 -176 
116 61 
45 138 
-48 -158 
189 192 
37 -6 
72 -125 
-42 177 
-199 -175 
-85 115 
19 -70 
-199 -143 
-12 43 
-157 92 
65 56 
-1 11 
-147 -78 
-132 -112 
43 36 
-198 -35 
129 -151 
90 111 
176 45 
27 -126 
161 102 
-106 -12 
-138 -21 
101 -53 
-101 -33 
4 179 
-131 52 
-115 -45 
-126 -140 
123 -66 
-98 89 
147 151 
-86 -182 
-37 13 
36 -99 
97 90 
169 -32 
184 -31 
-84 -114 
192 -66 
25 -175 
-200 -57 
34 150 
154 -199 
30 -6 
-151 145 
49 64 
-178 89 
65 -120 
47 -127 
113 -59 
38 22 
71 -176 
61 -94 
-152 15 
-136 59 
-1 81 
