-157 -102 
33 -98 
188 166 
51 -160 
197 -97 
-119 189 
-104 -165 
-107 43 
0 -177 
122 -142 
143 -196 
94 -183 
28 44 
-184 130 
137 -77 
-82 -171 
79 0 
160 179 
-170 38 
48 -109 
149 177 
-83 156 
60 13 
-140 -145 
53 -110 
58 14 
-27 82 
129 -84 
6 42 
89 -26 
152 -188 
59 -89 
-31 -18 
107 22 
-32 124 
164 127 
58 51 
-188 147 
-6 169 
163 -38 
198 -98 
-124 -81 
58 97 
144 197 
131 -66 
-129 98 
-178 -49 
85 -165 
-142 -136 
155 101 
-15 -20 
-121 89 
-13 -24 
89 123 
134 -91 
79 -8 
146 -140 
-13 191 
101 137 
-77 84 
153 -104 
-145 -33 
-193 -160 
198 111 
140 -61 
-33 132 
78 9 
-160 57 
128 31 
96 165 
-117 180 
152 -44 
-53 -161 
111 -167 
29 -4 
-28 21 
-139 -6 
172 -9 
-196 130 
152 128 
3 178 
3 -182 
-188 57 
68 67 
92 -59 
-108 61 
-164 -153 
1 -178 
156 -144 
-16 -74 
-187 -31 
164 -75 
119 192 
-79 70 
-183 -32 
-46 -8 
80 -146 
79 149 
-134 71 
-31 14 
59 5 
