-167 1 
154 20 
171 -193 
146 52 
-78 186 
76 -47 
-192 138 
57 172 
105 -51 
91 -168 
-4 -2 
157 171 
174 -109 
-179 165 
87 -118 
2 -65 
-26 -178 
137 94 
-99 -33 
74 46 
-162 -12 
-96 -11 
-176 -192 
171 -32 
-151 -41 
65 -31 
-115 129 
-105 132 
-116 117 
-95 -178 
-46 -166 
186 -195 
-120 183 
189 -89 
24 181 
116 -34 
64 104 
-30 14 
-175 10 
-15 72 
106 -133 
36 100 
-97 -120 
165 -187 
146 54 
-70 -33 
135 92 
-164 170 
-114 148 
-54 143 
-151 -131 
-134 -68 
173 149 
47 -96 
67 -103 
-60 -20 
-46 -37 
-122 -173 
-177 137 
191 -4 
-57 -159 
190 -30 
-168 144 
129 -149 
2 -177 
48 -115 
-185 -61 
-22 -51 
54 -67 
-199 172 
-188 -129 
-121 154 
-163 143 
112 -162 
84 -91 
-89 -9 
-72 187 
-3 -159 
64 -120 
-118 -96 
43 -107 
31 50 
-101 37 
145 -5 
-178 -194 
180 139 
-179 -129 
-120 -193 
-189 -163 
151 156 
143 126 
82 -115 
-78 -21 
20 138 
10 -114 
-89 126 
-86 75 
27 -69 
-132 0 
-34 152 
172 -61 
