-46 -116 
-31 6 
-23 153 
168 12 
-177 -111 
91 4 
-71 64 
-114 175 
-89 -56 
-29 -35 
161 162 
-160 77 
-158 -84 
117 -182 
132 178 
22 165 
96 7 
-159 -115 
1 -198 
-110 30 
-110 -76 
-61 -27 
-163 70 
-105 57 
-119 -151 
162 95 
159 -79 
20 -10 
31 -200 
-142 -98 
-65 -15 
-190 65 
90 -33 
63 170 
-154 -192 
91 -83 
-198 163 
-31 82 
123 -32 
-13 4 
85 26 
40 27 
39 -156 
-47 181 
14 -1 
-50 -55 
40 -169 
26 47 
-176 59 
199 -103 
177 53 
-134 -100 
-184 -171 
110 109 
7 136 
-189 21 
-84 -128 
186 -151 
-31 -136 
100 124 
-39 9 
115 180 
68 28 
142 158 
61 63 
74 15 
175 -177 
-17 -102 
121 -1 
53 -163 
100 105 
15 -69 
-168 59 
-184 148 
-17 182 
-190 -186 
-69 -22 
129 -84 
110 182 
-60 47 
-77 -174 
-4 114 
83 -32 
-37 -134 
57 89 
100 -40 
101 -53 
111 127 
78 -123 
-193 -2 
103 34 
-11 18 
-83 143 
163 -24 
131 -170 
30 -127 
38 4 
-76 -186 
86 59 
-145 -30 
84 85 
