109 -126 
5 38 
186 122 
-16 159 
-157 -163 
-104 82 
30 122 
-14 -176 
127 -145 
176 -89 
-2 5 
-189 -35 
80 183 
42 22 
168 -41 
-36 -188 
26 173 
-44 166 
-190 -193 
-46 116 
-170 71 
157 -150 
103 42 
131 27 
100 4 
115 111 
-142 -110 
-159 -20 
-76 55 
-159 -61 
148 10 
-158 -183 
166 -142 
10 105 
100 186 
-121 -32 
-143 35 
-42 122 
-34 -128 
-9 159 
197 124 
-124 144 
38 13 
54 102 
-125 44 
86 49 
-99 -113 
40 -15 
-134 55 
-180 184 
-120 2 
163 66 
67 2 
48 -74 
107 -23 
-35 -116 
92 62 
195 116 
116 196 
-181 81 
150 -141 
-177 88 
18 165 
-60 -14 
108 -33 
157 156 
-4 -5 
-60 155 
-117 -148 
15 -40 
-88 -175 
196 -52 
-177 30 
-19 7 
-97 106 
107 -3 
197 -37 
-176 75 
62 108 
18 161 
13 24 
154 160 
-17 -115 
197 39 
-188 -29 
144 -185 
88 -128 
-96 3 
155 -196 
-137 -102 
-177 74 
140 171 
-31 162 
182 95 
48 25 
186 -92 
-1 -171 
-54 11 
-196 118 
-117 190 
-98 -25 
