147 -148 
8 -33 
-120 167 
-133 144 
61 197 
-154 7 
101 178 
152 13 
24 -135 
-142 -66 
-167 158 
-77 -111 
-146 72 
-90 -1 
-163 7 
-82 -37 
-190 -138 
16 183 
43 59 
-144 159 
187 190 
-25 -92 
11 115 
42 195 
-63 82 
-107 -193 
179 -112 
-82 -92 
-141 159 
17 -93 
164 -105 
-74 -125 
42 127 
-191 137 
-33 93 
108 -9 
-25 -117 
96 112 
174 -129 
-123 149 
-33 -51 
106 12 
-143 28 
12 43 
-182 138 
-23 45 
167 -60 
-162 -36 
-124 42 
159 24 
-71 -129 
114 -83 
-178 -9 
156 -15 
131 132 
-146 109 
-63 -181 
-55 -26 
105 -185 
-54 -198 
-37 -49 
92 -116 
-80 -145 
12 170 
-166 -29 
-115 -33 
-30 -75 
-126 -124 
56 35 
34 165 
143 -93 
138 193 
-17 -192 
14 -74 
124 -7 
-143 39 
17 78 
-190 -110 
-73 53 
163 145 
187 186 
-5 -15 
24 -14 
-186 -40 
130 37 
-70 -104 
-200 -185 
4 156 
190 121 
-41 -117 
-192 -123 
62 165 
62 -122 
-125 -32 
41 -112 
-134 52 
15 -51 
144 31 
101 53 
177 88 
151 -114 
