-9 -59 
-149 123 
-121 -52 
125 -114 
-35 157 
-77 195 
51 -165 
-185 -19 
56 62 
93 -23 
-163 163 
125 23 
23 -93 
-71 138 
0 -44 
119 -44 
-55 127 
-38 -15 
151 39 
-28 198 
39 -128 
-32 -122 
-144 -164 
-19 -181 
87 -61 
-8 -17 
128 -113 
-186 -66 
81 39 
72 -186 
44 -86 
-111 136 
-199 91 
-145 45 
148 -108 
-38 -78 
-154 -106 
126 172 
-96 -135 
-140 158 
-198 -42 
154 20 
176 41 
174 76 
-110 -62 
174 3 
-175 -49 
163 -189 
-71 70 
89 -51 
63 158 
-152 -181 
-111 -10 
82 -163 
192 16 
-25 24 
119 -91 
-21 71 
92 7 
112 187 
-141 118 
29 167 
-98 -64 
103 116 
175 -8 
185 -124 
-84 191 
-139 165 
-143 81 
-188 192 
69 56 
-69 -193 
78 131 
88 181 
-176 58 
-33 51 
116 149 
-146 177 
56 58 
78 -172 
83 -124 
37 -46 
88 99 
138 72 
-136 164 
-162 -16 
107 72 
-182 -123 
25 61 
46 133 
16 71 
-115 -162 
-3 139 
178 -171 
102 132 
137 -196 
197 37 
-134 -67 
153 -101 
-33 174 
-89 -94 
