-67 -167 
156 24 
134 -20 
11 128 
-124 -171 
-18 -30 
-140 -147 
8 -116 
-49 36 
12 -38 
-136 44 
125 35 
-16 -92 
-34 -84 
-118 -105 
43 -160 
110 50 
-178 198 
195 72 
151 -61 
119 6 
-84 78 
155 -97 
133 154 
68 -148 
165 96 
18 19 
-40 -45 
90 -13 
-127 -170 
45 34 
25 6 
33 -103 
125 -121 
-87 55 
-33 46 
-198 44 
102 -74 
8 -88 
136 32 
-194 -12 
-136 -74 
197 135 
146 121 
142 -66 
23 -196 
176 -39 
-36 -143 
155 47 
14 172 
-31 -181 
-92 124 
-159 -174 
14 -165 
-76 30 
56 123 
-184 -191 
61 24 
-112 170 
113 148 
64 -31 
115 -113 
58 88 
43 182 
-23 86 
-64 91 
97 -44 
15 188 
11 42 
-122 -195 
103 42 
-57 188 
88 -58 
-135 -166 
87 -198 
7 192 
-63 -44 
-123 151 
-2 -141 
2 166 
67 -30 
-56 122 
122 189 
99 198 
-70 -51 
-99 16 
-113 64 
-63 120 
30 -6 
-165 40 
196 -30 
163 177 
-146 137 
10 -126 
168 141 
-149 56 
-170 184 
149 128 
26 156 
34 158 
-193 189 
