171 102 
-197 101 
-49 -112 
-150 186 
50 3 
67 -171 
-177 103 
-156 -144 
120 -50 
-193 -112 
-196 64 
27 -82 
-167 -76 
-106 -20 
128 -31 
40 -107 
138 67 
32 -105 
-56 20 
148 -199 
198 129 
18 -180 
-197 103 
0 87 
82 102 
78 -16 
-39 164 
-86 16 
-182 137 
-113 10 
147 149 
186 69 
128 150 
115 -165 
-96 -116 
184 107 
-147 -119 
-99 -153 
-198 -160 
-32 45 
-137 129 
52 182 
-7 -157 
-42 -40 
-35 -2 
-100 172 
-152 13 
24 66 
-161 -9 
20 41 
-5 -69 
191 -186 
130 -1 
102 -22 
-112 -153 
67 71 
48 57 
6 -102 
-15 -5 
-42 -150 
-13 -117 
-192 137 
-48 -180 
147 57 
123 -147 
-116 9 
-21 195 
198 -9 
88 -73 
-148 -89 
43 -197 
-117 44 
-18 -126 
141 -122 
14 -76 
-33 -128 
41 10 
156 1 
-177 -6 
-106 184 
-182 -180 
24 78 
-5 125 
-132 197 
195 -121 
-183 -72 
-26 -9 
-74 -184 
-167 -51 
79 -68 
194 165 
198 12 
-192 -176 
72 -30 
-84 -91 
136 -199 
157 47 
54 -137 
96 -118 
-49 25 
80 199 
