-39 104 
84 83 
-86 -99 
-49 -132 
-146 196 
-29 4 
143 9 
84 -74 
-106 -7 
-12 171 
-30 8 
117 122 
188 -7 
134 -72 
128 -12 
77 -190 
-11 -49 
141 -48 
-139 -20 
-57 -154 
172 -147 
71 191 
-17 153 
-78 106 
149 45 
111 55 
-171 3 
94 -156 
174 -102 
-65 154 
199 123 
57 118 
120 95 
-170 -11 
197 -151 
142 115 
120 -140 
31 47 
-131 43 
163 33 
-195 43 
-61 83 
-99 79 
16 -20 
164 -28 
-44 185 
107 -107 
-46 -131 
36 175 
-37 -24 
3 -43 
53 185 
186 -179 
-29 -75 
177 34 
57 -135 
46 -22 
5 -38 
-13 176 
-154 -61 
149 -68 
0 -184 
71 -102 
-195 0 
197 194 
-33 34 
110 -55 
91 139 
139 -114 
-144 48 
-55 79 
91 -51 
-184 -194 
152 -95 
-112 -67 
-81 -126 
-9 -80 
16 148 
73 42 
159 -142 
-47 63 
-185 -72 
67 167 
-127 179 
-144 -162 
49 -130 
43 183 
85 -66 
-142 -37 
196 128 
-147 198 
188 -64 
98 51 
165 176 
183 139 
-34 -29 
122 150 
-188 -44 
52 88 
131 -146 
-167 160 
