-79 47 
-154 154 
-71 75 
-165 -162 
-113 79 
-105 102 
187 -147 
-53 -40 
-6 -46 
93 -2 
-66 77 
86 142 
49 145 
-186 -161 
17 -90 
-11 148 
-9 -149 
61 100 
-114 64 
52 -14 
154 -96 
124 -19 
119 -144 
85 -111 
72 112 
-161 -14 
68 -33 
169 -84 
-169 -65 
155 67 
-88 -165 
119 135 
-93 -99 
25 -91 
-166 -146 
-74 1 
-191 199 
-76 -65 
-104 97 
-12 58 
77 14 
22 129 
148 192 
175 -179 
-162 192 
-130 -31 
-59 190 
-48 -5 
14 -63 
146 130 
-181 -51 
-55 67 
-12 116 
168 140 
-76 106 
-27 -39 
69 -52 
-177 51 
115 -148 
82 -197 
-64 -32 
96 158 
-93 64 
-68 -119 
128 -183 
69 103 
154 -33 
30 158 
-1 -109 
109 87 
-9 114 
-98 -161 
-65 -87 
-15 0 
-81 78 
-80 -61 
198 120 
33 -15 
193 -117 
-128 16 
-124 21 
-65 177 
-76 150 
-8 -17 
-103 26 
-121 -72 
-176 55 
138 167 
-171 -68 
-35 28 
-115 98 
-81 -166 
129 -180 
-3 80 
130 -93 
29 168 
-71 -34 
-120 -60 
60 93 
20 -195 
100 74 
29 -184 
-140 -5 
140 149 
-156 4 
-168 24 
43 79 
195 118 
22 -152 
28 -186 
85 49 
36 -4 
27 -48 
-79 -87 
-93 122 
174 -101 
95 14 
-37 65 
-93 -69 
-129 -142 
70 -5 
-88 -179 
-32 -183 
189 -140 
68 -74 
1 -195 
75 -18 
-184 135 
81 -30 
-68 114 
-43 106 
25 -153 
-74 -124 
-133 37 
-171 169 
-147 -168 
-126 108 
77 -126 
56 163 
-110 13 
50 182 
35 24 
172 -143 
-3 133 
47 -192 
107 185 
-111 142 
-183 -124 
-65 157 
198 113 
139 149 
122 -135 
-13 124 
40 120 
108 -140 
57 -77 
53 -91 
109 198 
60 37 
113 -34 
0 -101 
43 199 
136 198 
-199 -82 
169 61 
-15 -65 
-117 -71 
179 -49 
111 44 
-129 -98 
-130 -49 
181 155 
-173 118 
-71 152 
114 167 
-73 122 
63 -106 
-168 6 
180 40 
6 184 
-5 -86 
185 -43 
119 -152 
95 -121 
-80 41 
-144 -139 
-102 -200 
25 32 
192 89 
175 -183 
-24 -42 
48 -185 
166 84 
125 -194 
153 -16 
-191 -7 
-85 116 
-10 149 
-31 -71 
57 -104 
190 86 
75 -131 
-129 -3 
108 -73 
57 -200 
-96 67 
-32 -92 
-91 49 
79 -168 
-115 -34 
-117 -136 
128 -25 
89 -85 
-175 -63 
87 104 
198 -110 
-176 -21 
171 109 
123 76 
87 -70 
8 -89 
73 -19 
-24 47 
122 142 
-37 -142 
196 74 
-114 61 
28 90 
41 -63 
90 -17 
-188 179 
-180 76 
-5 -187 
123 158 
92 -113 
-159 32 
68 51 
-165 122 
75 41 
94 188 
-101 -64 
-102 119 
184 167 
145 -142 
-143 26 
128 114 
-123 -97 
19 155 
46 -74 
-166 -70 
-138 167 
-152 -5 
138 -104 
-163 53 
197 133 
102 178 
199 165 
-178 -29 
-172 -43 
51 159 
103 168 
-25 197 
142 -164 
0 -126 
-195 -158 
-147 -98 
120 -171 
-147 -140 
-105 -123 
-68 62 
-170 -178 
-105 101 
132 189 
-168 156 
75 82 
-58 -23 
-116 196 
198 -158 
-57 -132 
-192 71 
-86 -152 
-200 -32 
-31 -120 
-62 109 
148 -154 
-96 -65 
-185 133 
17 -62 
-197 104 
-193 -103 
-74 -171 
-54 3 
-100 138 
-10 138 
-43 -151 
14 113 
-14 158 
-142 93 
169 5 
9 -50 
