42 107 
93 -40 
-2 -158 
62 -170 
-51 -19 
42 -48 
50 -137 
97 19 
-151 64 
-11 -164 
176 -157 
-24 23 
183 -173 
-164 -9 
58 -106 
-79 174 
-37 -125 
-135 112 
-41 -195 
158 159 
153 -126 
-147 -129 
-83 -11 
82 67 
104 127 
95 18 
96 -54 
-129 156 
156 -197 
-147 -62 
-154 31 
-93 -62 
110 15 
-119 -137 
10 50 
-64 186 
165 -28 
-37 -132 
147 -127 
134 -165 
-129 -114 
-84 94 
186 -137 
139 156 
-28 -35 
107 52 
-174 -119 
93 -175 
199 -9 
-39 85 
179 -54 
-66 118 
-71 -84 
90 36 
-99 196 
197 117 
-31 175 
-55 124 
130 -78 
50 -89 
77 69 
-79 -117 
-182 -69 
199 -136 
107 169 
18 134 
-193 81 
78 -156 
189 151 
-150 -47 
123 -54 
-2 -132 
171 189 
72 -116 
168 -73 
41 -140 
173 131 
115 102 
64 -41 
158 -133 
149 130 
-93 172 
-100 -167 
-9 -105 
-20 165 
-97 77 
135 -90 
-176 -117 
-159 -151 
111 -69 
-29 -46 
13 27 
44 45 
31 -60 
-125 60 
46 105 
44 111 
41 -85 
34 -133 
58 69 
70 114 
90 94 
153 -37 
-200 153 
-166 -175 
-191 22 
60 -71 
184 -198 
182 -156 
84 -114 
-59 20 
90 143 
34 199 
179 -122 
-28 -164 
145 -43 
73 -76 
-60 148 
82 113 
-160 -86 
53 -26 
-147 -195 
18 -31 
122 30 
-48 -40 
7 -30 
-15 -187 
-137 -50 
59 -43 
168 -44 
194 -93 
-130 163 
197 178 
-95 95 
166 144 
-54 52 
-92 -118 
-92 5 
133 -49 
139 -39 
51 97 
115 39 
-179 -44 
196 -170 
34 16 
-116 -149 
-114 187 
111 -66 
-44 13 
199 8 
-129 -51 
77 133 
-157 -192 
-40 -140 
-47 -130 
-29 -130 
-114 -126 
-38 122 
-84 -90 
170 89 
-191 180 
120 16 
-81 160 
-73 103 
127 97 
-97 -53 
161 134 
58 71 
-129 2 
130 70 
56 7 
59 -145 
-61 180 
-121 -195 
10 195 
-126 142 
-58 116 
38 -83 
182 -69 
-49 94 
170 17 
-100 -85 
152 35 
0 -41 
-85 -121 
149 182 
8 197 
-194 143 
96 -198 
194 -60 
-75 56 
121 182 
159 -71 
-61 -67 
-133 136 
-143 -177 
68 183 
-144 -83 
-165 66 
133 -68 
130 174 
68 164 
53 -86 
4 -63 
133 -162 
-97 1 
66 -141 
166 131 
-39 180 
8 -63 
-10 156 
3 9 
161 117 
106 -126 
-43 -64 
-42 -110 
87 -60 
-84 193 
-51 -169 
-4 -149 
161 102 
196 142 
29 -196 
146 10 
-111 11 
-55 97 
-86 181 
163 -102 
-102 54 
60 3 
-52 7 
-152 -140 
90 120 
191 93 
16 174 
144 -117 
-106 -142 
40 -112 
99 190 
-165 -151 
-9 89 
-200 -17 
-10 -165 
-113 10 
-96 -82 
58 196 
179 128 
26 176 
195 -166 
52 50 
-166 -128 
102 -154 
47 181 
74 142 
-5 -83 
14 180 
191 -41 
-30 -105 
142 -53 
-144 100 
90 69 
148 -45 
-175 -126 
-2 -182 
22 -139 
3 119 
70 -97 
134 100 
122 -149 
-63 178 
96 -46 
-191 112 
-15 -171 
-62 -183 
-35 163 
-125 -141 
29 -99 
6 -90 
-142 74 
-116 49 
-24 -140 
177 -158 
118 -195 
97 153 
61 98 
-88 -198 
42 -95 
-38 173 
146 -191 
40 118 
-93 -59 
-93 -48 
-19 -152 
-21 124 
140 152 
-185 -47 
-147 1 
-110 -144 
-177 -124 
126 105 
-185 39 
