170 24 
122 164 
-75 10 
12 -4 
-25 -97 
-29 47 
-47 101 
197 -27 
67 -9 
-21 19 
192 82 
-54 -151 
93 -80 
-147 119 
6 -160 
172 189 
35 121 
-198 72 
-91 170 
141 112 
174 -193 
157 -64 
-143 -154 
-9 39 
-52 27 
-105 143 
-76 -182 
86 -38 
-132 -181 
-129 -83 
-37 173 
-52 161 
-46 -148 
118 -168 
-161 -39 
-37 -75 
120 -41 
-188 7 
93 153 
-119 -143 
-4 98 
122 -123 
-94 165 
71 32 
170 187 
-76 126 
-153 191 
34 142 
187 133 
121 100 
71 -174 
67 5 
-44 12 
112 -11 
174 57 
-190 -81 
70 -141 
147 -107 
-174 -39 
-1 138 
131 -107 
116 180 
-117 48 
-170 -148 
171 42 
194 197 
-192 60 
-40 -21 
92 -40 
162 8 
56 -120 
15 -77 
80 -35 
25 -30 
-147 73 
147 148 
185 -182 
-111 31 
-199 80 
-138 92 
133 68 
121 59 
183 -168 
21 128 
196 110 
-69 -60 
-194 70 
143 -75 
27 115 
117 -112 
-138 -43 
-121 147 
-98 108 
125 -179 
5 -27 
-9 132 
-15 13 
-138 -128 
-31 9 
-21 99 
-169 15 
-54 194 
184 195 
-84 -92 
-171 -31 
-128 148 
100 -194 
81 -164 
-69 60 
168 91 
-135 154 
-121 -74 
31 191 
138 -154 
78 -62 
-11 -188 
21 -34 
65 187 
148 147 
161 182 
-9 159 
-11 -22 
-79 -130 
-79 -83 
89 126 
158 -86 
-18 158 
-26 52 
-26 -100 
51 -166 
65 195 
-12 -47 
160 -63 
94 162 
-112 15 
164 -158 
-75 16 
102 27 
-157 -151 
78 -160 
118 -156 
27 -195 
189 89 
114 28 
7 -17 
174 9 
56 -121 
51 -17 
80 66 
39 147 
49 -2 
-126 104 
-139 6 
-106 -124 
96 -14 
71 141 
-137 -71 
-95 -154 
-3 -168 
-98 -18 
181 -101 
72 37 
97 -172 
-188 -161 
-140 195 
37 25 
-113 -25 
60 -199 
-108 -120 
-196 81 
-128 -103 
3 -138 
30 152 
-147 -45 
-108 -134 
126 168 
-137 -138 
61 -102 
16 -122 
-10 -90 
31 47 
150 78 
-28 -134 
130 110 
53 -68 
-75 175 
-139 -40 
-111 -179 
-34 -174 
61 -61 
183 78 
91 160 
75 -14 
11 116 
96 -170 
196 -63 
-31 116 
-19 -153 
37 -168 
13 6 
-40 -16 
36 -43 
-109 -76 
-160 62 
60 -16 
-38 -47 
-111 90 
-50 179 
0 -112 
-127 113 
68 -166 
-185 94 
156 -142 
79 -111 
-181 -5 
-80 98 
36 -184 
145 -2 
63 -39 
101 47 
130 -96 
-10 23 
-2 133 
-156 25 
-195 -82 
129 -160 
-120 -178 
123 -59 
-102 -7 
-165 135 
-42 -48 
-36 154 
-62 -157 
55 112 
12 -199 
-48 114 
-144 -37 
-134 38 
-108 -31 
124 11 
-9 119 
-159 0 
163 138 
156 9 
143 -57 
-50 -200 
-103 198 
0 166 
-132 56 
-106 129 
197 100 
-152 147 
158 153 
180 -29 
-34 -158 
-3 -116 
-195 47 
-48 166 
2 -145 
50 -168 
89 -60 
-127 -178 
-132 107 
86 -61 
-195 -17 
110 -83 
79 -47 
-197 -141 
27 134 
-187 -171 
1 -122 
10 162 
-121 25 
-190 63 
18 -194 
176 170 
114 -166 
112 114 
131 -45 
-98 191 
102 40 
-142 -147 
-29 -111 
-198 -8 
-39 80 
-120 -73 
-75 -180 
-7 47 
-64 18 
-41 158 
170 125 
118 -165 
-37 -159 
148 110 
12 52 
95 -68 
-127 34 
41 -117 
-43 55 
166 24 
8 147 
