113 65 
92 80 
178 18 
-138 9 
-152 22 
-101 63 
105 89 
-76 -56 
-106 -122 
36 12 
-112 -118 
171 76 
188 -68 
-114 153 
-199 -106 
-174 -1 
-157 6 
26 -68 
-103 -48 
-22 -85 
-37 -5 
47 -49 
-125 -117 
-25 -10 
-182 -118 
192 5 
99 83 
-65 38 
50 -15 
-147 -137 
119 186 
173 194 
101 -132 
-198 21 
135 -154 
-168 -54 
52 -37 
72 30 
-133 -71 
-74 26 
-84 174 
127 -188 
-72 90 
-25 -67 
-195 55 
32 -132 
-184 -5 
-130 88 
-142 -161 
100 13 
55 -100 
-14 147 
159 -163 
123 -200 
39 -42 
-18 -171 
-151 -150 
-158 63 
-39 -151 
109 -12 
87 -147 
-8 -30 
-99 74 
181 190 
-154 77 
15 -11 
128 81 
7 -166 
91 60 
191 -86 
-183 -104 
38 7 
181 -16 
42 -93 
171 -169 
140 -195 
101 -179 
125 164 
-87 -152 
-170 6 
196 17 
122 -45 
-145 -134 
50 54 
135 30 
-5 -27 
-157 50 
95 41 
137 -11 
165 -73 
117 135 
-176 192 
87 8 
94 179 
-67 -48 
194 -19 
27 40 
196 -15 
-21 187 
-54 160 
171 -139 
101 -68 
56 -102 
-19 37 
-78 187 
-185 -159 
8 32 
189 198 
173 39 
-80 -199 
17 -97 
133 -50 
93 -114 
139 -119 
126 -33 
-190 -194 
1 139 
-107 152 
-180 -181 
113 75 
146 197 
-124 -113 
-140 -126 
-12 20 
82 -140 
125 -8 
14 67 
-29 -182 
-63 177 
-60 -32 
5 128 
-188 15 
-116 183 
68 -75 
-188 -162 
-159 7 
-29 176 
70 -133 
-136 159 
-98 97 
7 -160 
-160 170 
-187 44 
-188 63 
-74 73 
-51 115 
101 -144 
66 -188 
-48 98 
57 104 
-52 -68 
-197 130 
107 -94 
-185 -166 
-134 -38 
31 -111 
-2 34 
186 66 
-73 126 
-167 19 
185 172 
33 -164 
-58 32 
-10 161 
111 -3 
148 -171 
-58 -49 
-167 92 
92 22 
-51 -153 
145 -53 
193 156 
-84 -135 
-92 120 
-150 -74 
-54 103 
91 -94 
-104 110 
8 9 
-1 1 
-34 -88 
187 106 
-47 -74 
191 -136 
105 -140 
18 19 
97 -188 
15 -190 
-82 54 
67 139 
-116 10 
96 75 
-4 41 
-189 23 
79 13 
-197 -11 
116 -150 
-181 178 
-161 137 
154 -75 
-132 17 
98 -26 
-20 113 
49 84 
-57 -190 
94 -107 
127 121 
107 -199 
87 178 
-33 -32 
-179 57 
-190 -125 
-164 149 
14 178 
-96 47 
63 -160 
-131 179 
-194 115 
-73 -72 
-49 148 
-89 -128 
31 -77 
55 172 
-12 100 
-177 68 
187 118 
-93 78 
-161 63 
87 -30 
73 -132 
118 -122 
193 129 
132 185 
85 179 
18 -133 
-175 -159 
-40 -172 
194 -104 
-112 112 
-20 -76 
122 -123 
89 185 
-162 -171 
41 -172 
-34 -84 
-110 127 
38 -180 
-9 -186 
56 47 
-179 79 
10 2 
-83 -35 
131 -36 
-27 -151 
128 153 
71 -73 
-90 -157 
45 -48 
-69 100 
185 98 
117 155 
74 -92 
-195 -88 
-89 35 
72 -136 
-67 94 
186 -105 
10 167 
15 181 
-10 170 
-144 -111 
-70 -1 
43 36 
-36 -185 
-83 75 
180 69 
63 66 
20 -80 
-144 -125 
165 -133 
155 49 
-164 -62 
-76 171 
167 130 
-196 167 
-96 -132 
-98 122 
98 97 
-155 -191 
4 -64 
-24 -83 
75 -177 
-33 -145 
147 0 
-158 -10 
-140 -117 
-107 101 
97 136 
-111 25 
-161 -24 
