-155 87 
-200 181 
137 177 
156 88 
72 -46 
-173 -79 
-70 -126 
-144 108 
-50 -9 
-100 20 
-186 -20 
-65 175 
-28 -125 
-20 -72 
-70 -26 
69 -66 
-150 -173 
143 -154 
-177 -67 
149 -102 
123 96 
93 -1 
-45 -97 
-50 21 
98 -73 
144 4 
-197 -111 
-67 -32 
-48 152 
-93 28 
-155 96 
63 39 
74 -79 
38 149 
184 134 
-86 -95 
-24 -200 
40 17 
-87 -28 
182 -117 
-168 -172 
-178 0 
159 -85 
34 169 
97 -149 
52 49 
65 -97 
50 129 
-64 24 
-40 26 
-163 29 
56 -44 
0 -169 
44 -124 
31 -106 
174 -150 
-127 -149 
-74 157 
-75 -174 
105 -200 
94 -169 
24 47 
49 -36 
43 -189 
80 -11 
110 -101 
138 24 
74 48 
122 -135 
-8 37 
-78 72 
181 145 
-83 -3 
-143 167 
-156 -96 
-171 30 
42 -133 
-99 -57 
194 -40 
-137 -156 
-179 121 
169 -161 
-180 -90 
144 -143 
-55 -153 
-162 -147 
166 -183 
-15 42 
105 108 
128 169 
-66 157 
-170 -7 
14 109 
-199 52 
-141 -135 
-2 110 
75 176 
66 -43 
74 -75 
-144 36 
-86 58 
155 53 
-181 100 
106 50 
-77 -134 
138 141 
-94 121 
-58 -107 
93 -101 
-93 -32 
-132 32 
-170 112 
-131 -46 
130 -27 
98 -21 
26 -113 
55 -60 
-125 68 
56 -167 
-187 -36 
152 -50 
125 -26 
-78 128 
-34 129 
-7 -48 
49 -197 
102 -129 
-47 -10 
53 -143 
119 13 
-141 55 
-85 -70 
1 -99 
106 -25 
54 10 
-105 195 
-180 -191 
-46 127 
-145 -92 
-97 -140 
151 -139 
99 175 
-111 66 
-79 -183 
105 68 
-155 143 
-142 167 
-181 122 
-143 -43 
61 176 
-171 6 
-153 -147 
-189 58 
86 -94 
174 73 
-115 162 
-100 -193 
80 147 
-129 -162 
147 -195 
-92 166 
-132 9 
-20 -48 
120 -163 
70 -163 
104 113 
107 -100 
-25 -40 
148 -50 
194 -82 
-190 193 
48 110 
31 12 
-62 178 
-57 -3 
91 3 
-196 106 
35 -9 
-132 -160 
-23 -2 
188 -88 
-130 148 
-105 152 
-24 -7 
73 -183 
-167 -16 
-148 -189 
-70 142 
57 11 
194 -58 
-26 -156 
-61 -91 
83 89 
107 68 
116 195 
166 178 
185 149 
22 40 
142 192 
-29 151 
59 -21 
-12 139 
-104 -36 
36 174 
-118 10 
42 191 
-79 64 
-65 -139 
-13 -132 
-152 -107 
-89 -162 
-126 139 
104 84 
-190 -99 
-116 -92 
63 -44 
31 178 
-164 -52 
9 -58 
147 176 
-151 97 
-77 150 
-190 -187 
28 107 
76 186 
-82 -123 
-157 -61 
120 -5 
170 148 
-72 -123 
104 58 
49 2 
-20 -59 
-13 2 
-128 73 
-57 -22 
168 -122 
144 175 
175 69 
85 -162 
102 133 
160 175 
-182 -7 
-191 -154 
20 194 
-164 -3 
11 149 
-41 6 
125 -31 
174 -164 
126 -174 
74 -3 
-17 145 
-197 -66 
-85 161 
-143 18 
5 168 
13 117 
64 148 
13 -108 
189 198 
-31 60 
-187 -186 
123 107 
-141 10 
-120 -187 
78 148 
-84 106 
91 -133 
60 -63 
60 -52 
-15 -126 
-50 177 
-42 -150 
-177 176 
161 -89 
14 72 
-198 41 
49 45 
-170 -34 
18 -17 
62 -174 
179 -8 
-110 -83 
68 95 
-144 186 
132 110 
90 -75 
-45 -128 
-31 174 
-199 -50 
-74 -57 
-66 -54 
149 82 
-6 -41 
-188 -78 
50 -165 
-131 -184 
-134 76 
-143 136 
