129 194 
176 51 
42 -93 
-190 19 
19 -40 
-137 -16 
-51 -97 
149 74 
-200 141 
172 -45 
-131 -55 
-166 -91 
-6 60 
-38 -126 
-114 -73 
-163 -152 
48 187 
17 -158 
-186 116 
-167 15 
-8 -17 
28 118 
-175 161 
-130 -115 
-28 -73 
-184 49 
94 196 
90 121 
117 -131 
-177 -27 
150 -181 
-179 -166 
-63 -82 
-146 -162 
-182 -176 
18 -68 
57 155 
89 138 
126 195 
152 157 
-39 130 
-114 100 
120 -90 
127 -195 
-195 -148 
106 -81 
82 85 
-65 -64 
-54 -64 
-139 -132 
76 -43 
126 9 
123 -101 
-45 142 
48 -42 
-12 -78 
-124 148 
-147 -180 
-101 -145 
24 76 
-153 -4 
-200 -164 
-70 -158 
67 -148 
183 -65 
183 172 
-175 -158 
57 70 
-40 40 
-72 14 
-11 55 
-165 -127 
-121 82 
-25 123 
135 59 
58 52 
-33 -85 
102 159 
188 43 
71 38 
4 10 
-81 176 
-164 -90 
-32 41 
102 -154 
-24 -47 
93 -46 
-44 -172 
-14 -51 
7 24 
157 -181 
-74 137 
-98 -91 
-72 0 
70 65 
138 106 
156 193 
48 -141 
-183 108 
179 -92 
94 187 
62 14 
105 72 
82 53 
145 -137 
-125 36 
88 122 
-156 172 
-38 113 
101 132 
121 40 
-9 -101 
-105 150 
147 137 
-170 180 
-24 47 
95 76 
-118 195 
69 113 
87 -22 
139 191 
191 155 
-130 -36 
-43 148 
-47 182 
-172 191 
-31 173 
4 24 
-46 -194 
148 53 
88 18 
7 -37 
167 -52 
129 -168 
63 -50 
105 -102 
-9 9 
140 65 
45 -141 
142 159 
-186 188 
120 123 
139 -110 
-137 -185 
-195 41 
-98 178 
124 -108 
-17 -141 
-65 -83 
-35 161 
-26 -5 
24 -153 
-22 175 
181 36 
194 -79 
-52 67 
-123 137 
-82 -120 
126 52 
144 112 
-19 161 
-151 -121 
-34 139 
-32 37 
104 89 
-89 58 
59 21 
-95 -19 
81 80 
77 -197 
-73 28 
-134 123 
27 -72 
57 -100 
69 47 
56 106 
-172 147 
-141 -81 
147 -145 
-168 -44 
56 144 
104 34 
123 -183 
144 -85 
-174 64 
183 75 
-144 135 
-18 68 
-122 -167 
-106 168 
186 97 
-21 102 
79 168 
169 -59 
-12 64 
13 68 
39 32 
60 159 
-104 -27 
140 168 
-117 73 
-6 53 
182 171 
-63 -150 
133 -51 
180 -136 
-195 121 
-74 -62 
-165 -58 
117 -48 
140 64 
-123 98 
156 -199 
-68 -195 
32 -133 
69 -181 
56 -8 
84 89 
81 -54 
25 -164 
20 -63 
142 95 
-192 30 
-3 157 
-152 173 
60 -130 
149 172 
75 -193 
163 -84 
98 1 
-140 95 
80 -122 
23 40 
-52 -141 
46 -30 
91 -2 
-159 47 
107 -40 
-164 -19 
8 -103 
185 11 
80 172 
-175 -154 
-15 177 
62 193 
16 120 
109 19 
17 -35 
112 181 
-33 161 
18 61 
-165 58 
40 111 
-27 -98 
-133 -94 
-78 124 
18 77 
190 -148 
115 -29 
-11 43 
171 -113 
-112 -134 
-163 -29 
-104 80 
-85 56 
26 80 
-3 -7 
199 72 
-144 -189 
98 196 
-120 -128 
192 58 
-81 84 
-117 122 
39 -11 
-181 107 
-149 -101 
-183 86 
118 -82 
135 102 
-72 10 
-163 -115 
17 -28 
-185 -7 
-122 179 
108 -175 
72 24 
115 138 
99 182 
-91 -8 
35 169 
-98 -56 
189 148 
-80 -33 
33 182 
-40 -174 
151 67 
-67 107 
190 177 
-192 87 
171 -160 
118 91 
78 68 
-180 90 
-124 -130 
-162 122 
-92 -168 
-116 137 
165 133 
-170 -24 
-93 196 
-129 30 
-172 -58 
-78 168 
-174 106 
4 -162 
141 -114 
-185 75 
-194 32 
185 -34 
-191 32 
-137 174 
140 -144 
-81 76 
90 -73 
-48 118 
-85 -121 
-157 -86 
-67 -85 
-166 96 
161 -118 
37 -196 
128 191 
20 39 
-138 40 
118 -12 
92 -192 
30 163 
-9 -148 
-177 -35 
-65 -30 
-139 102 
-113 68 
60 36 
184 -91 
-66 -96 
160 -168 
-140 -71 
-133 -125 
110 151 
-127 14 
-185 -127 
-42 9 
84 -109 
50 83 
129 -150 
9 -156 
-175 -137 
-99 -12 
-53 131 
-176 34 
103 -30 
-36 67 
95 -101 
-129 -133 
-160 -22 
163 -62 
172 171 
63 95 
-184 -28 
-6 -115 
-21 16 
-103 46 
82 154 
11 9 
-123 161 
2 -19 
-15 186 
23 144 
-24 119 
59 -46 
14 -169 
-26 -99 
186 42 
47 -110 
99 42 
-167 -177 
139 185 
-97 58 
-94 -89 
-20 -70 
62 15 
-77 -94 
30 26 
-55 149 
37 -68 
-38 159 
183 59 
-105 -200 
130 -90 
-45 -152 
149 163 
-37 45 
-196 136 
128 -128 
-146 76 
175 195 
-182 -50 
32 -195 
-35 152 
-197 22 
38 11 
-124 192 
173 0 
-17 177 
-164 -64 
-199 -109 
23 116 
-159 -33 
154 -136 
-107 -169 
-7 186 
66 -161 
-51 63 
-12 109 
-148 -126 
-137 157 
118 -148 
126 -195 
80 72 
175 136 
26 129 
59 -174 
-185 -158 
-121 -169 
191 -5 
-80 -173 
-97 153 
-18 -103 
134 164 
-160 -78 
45 85 
189 -67 
-13 -54 
155 -35 
-74 -164 
123 -1 
-80 81 
159 -195 
-12 -44 
-25 180 
72 -107 
40 -68 
-138 -77 
198 -68 
184 128 
49 -17 
-79 64 
116 160 
56 -140 
84 108 
-82 -87 
48 128 
-94 -20 
154 -194 
-141 -63 
36 -170 
-44 -137 
-112 103 
1 42 
162 -36 
-65 196 
-150 183 
-145 63 
-103 -6 
110 -84 
-91 181 
-33 -44 
-89 -154 
69 97 
-74 159 
-132 -23 
168 -77 
79 18 
60 133 
-150 -112 
-132 4 
194 45 
-7 -49 
-65 48 
-179 36 
162 -108 
133 -152 
-126 -96 
60 -62 
-77 -75 
179 90 
96 -154 
174 127 
114 -184 
