-1 179 
-31 43 
-141 -45 
-80 22 
93 19 
-184 21 
-169 -14 
-184 107 
168 54 
-106 -124 
-60 -131 
75 38 
-22 8 
32 154 
36 -10 
7 -165 
-74 -146 
172 -160 
175 -117 
193 181 
-90 -143 
80 -48 
-140 -26 
162 39 
-53 42 
132 -7 
104 119 
69 67 
174 -128 
52 -116 
181 -83 
-135 103 
-26 109 
97 48 
181 20 
-13 -188 
-108 -126 
-176 -200 
54 28 
-54 -119 
-91 54 
-87 85 
-104 148 
26 90 
95 29 
-101 -36 
-109 115 
-139 -74 
-2 191 
-183 139 
-198 -31 
-179 184 
-16 49 
21 48 
-197 -35 
189 -18 
73 -161 
-107 67 
191 -84 
-89 154 
181 145 
-24 -71 
172 44 
-105 -180 
-173 82 
-190 181 
-146 -198 
129 -197 
-184 -37 
114 168 
-47 185 
-54 138 
26 63 
71 47 
9 -75 
20 -107 
-95 -16 
104 97 
-200 -85 
-145 -139 
88 70 
-159 154 
-33 111 
-157 128 
175 -10 
-83 104 
58 75 
12 -141 
-175 62 
64 -196 
104 91 
49 -116 
-179 -82 
185 -43 
-175 -25 
62 115 
-40 15 
75 -69 
-147 -96 
-188 -37 
-61 -144 
185 -58 
-168 6 
187 -58 
16 -30 
-96 -110 
28 -52 
-12 36 
-26 116 
-188 -157 
-53 -118 
-111 70 
-167 -32 
55 -36 
-111 131 
133 163 
-173 -39 
153 110 
87 -35 
-74 -138 
22 -189 
112 -191 
-30 65 
146 -175 
-60 -178 
100 -42 
149 -105 
108 -79 
-88 80 
-176 -43 
-173 -20 
-194 99 
104 -149 
-103 -52 
-62 196 
60 -81 
-8 9 
-20 -146 
145 141 
7 71 
-112 -50 
-3 190 
-25 184 
-73 -135 
-110 -153 
-149 -166 
86 -174 
-52 -71 
-184 100 
-199 7 
-137 -138 
-92 -158 
126 -63 
-189 -174 
6 167 
124 70 
148 -157 
-91 -148 
-62 3 
-99 108 
-106 -150 
-22 -64 
116 36 
113 -199 
-102 120 
-22 19 
103 -120 
-163 196 
-187 194 
-169 -57 
-83 -103 
111 -48 
147 170 
-127 8 
6 161 
-97 22 
-197 191 
195 -149 
-11 180 
40 168 
-71 15 
-69 -138 
-190 177 
125 -100 
48 -21 
-132 -54 
190 2 
195 -70 
137 58 
52 -49 
-25 -63 
-199 -165 
-23 73 
-21 149 
-81 142 
-172 133 
-115 -45 
-90 180 
32 42 
-43 61 
-106 -55 
-115 156 
-101 73 
58 92 
79 -125 
158 176 
-84 -88 
-122 -152 
51 -175 
-8 95 
108 80 
-182 -18 
-169 -141 
117 111 
66 -151 
11 175 
-108 144 
88 47 
6 -165 
-191 -131 
61 -50 
-91 -175 
-22 97 
157 -117 
88 -130 
57 -175 
-184 -51 
-61 138 
-67 -127 
31 100 
169 -6 
119 93 
178 41 
102 -102 
26 9 
-66 -30 
102 -7 
63 194 
179 155 
-14 4 
-123 -48 
41 -9 
-187 165 
195 -7 
22 -31 
95 58 
-109 172 
-195 -24 
112 -55 
27 23 
-131 -152 
132 -68 
-195 -114 
-1 54 
-64 155 
-106 -43 
-109 -131 
76 -91 
-125 36 
-78 -131 
-29 -143 
-44 189 
44 -68 
180 -107 
-149 -31 
-31 60 
-20 -186 
183 -47 
120 116 
-61 107 
43 99 
170 125 
-25 191 
-26 163 
-127 -15 
54 156 
-167 33 
-32 149 
198 -198 
-24 34 
-165 -155 
179 190 
-100 -14 
-190 63 
23 -51 
-161 -11 
-47 -64 
74 -174 
-182 98 
-146 -109 
59 165 
-59 -92 
-50 -132 
-159 -44 
-3 34 
-64 -122 
29 64 
181 -15 
65 177 
-185 -68 
-38 130 
188 -137 
-15 -101 
26 76 
-196 -168 
0 -180 
-119 4 
178 -153 
-71 -22 
-82 -12 
-185 74 
134 61 
-32 -21 
52 117 
111 188 
67 33 
-9 44 
152 -32 
143 -85 
86 -197 
149 -155 
51 65 
-170 -135 
108 -70 
123 193 
-161 -48 
-120 91 
-25 -36 
68 -109 
115 -41 
197 -126 
-66 169 
28 71 
72 148 
196 -11 
152 163 
106 89 
4 148 
-11 128 
-62 -92 
129 -36 
156 84 
-173 -67 
20 -61 
175 138 
-81 91 
91 57 
176 198 
-1 -22 
159 -33 
79 169 
45 -55 
183 -36 
-3 -181 
34 11 
63 -109 
-112 163 
-123 -73 
-125 77 
-119 101 
101 179 
121 -69 
-189 146 
68 -57 
-46 5 
-49 165 
63 -187 
-63 98 
-79 -198 
-183 116 
113 -3 
96 -4 
-85 161 
-24 -56 
109 7 
-51 162 
181 -37 
70 48 
192 -122 
-108 2 
147 -60 
69 113 
-133 120 
-153 -62 
195 4 
-155 38 
21 -171 
106 33 
-157 197 
149 133 
-60 -22 
81 -54 
-194 -119 
-15 39 
-156 -177 
-40 135 
-178 157 
-143 182 
-182 13 
180 -42 
124 32 
169 123 
-67 -155 
111 71 
-35 24 
193 92 
-68 78 
190 -70 
-10 109 
114 -183 
97 -113 
-114 195 
-127 -58 
-68 -109 
163 29 
-58 101 
75 21 
190 84 
-151 -147 
111 -199 
-175 162 
31 -24 
-154 149 
-16 180 
138 -192 
-117 154 
68 -177 
-162 -92 
9 -6 
-97 -44 
11 -200 
70 -48 
-44 -162 
192 -25 
-189 -66 
-5 26 
-149 -108 
32 -146 
-112 52 
21 -37 
47 -50 
140 -180 
-70 61 
-192 51 
47 -14 
151 -89 
175 120 
-144 11 
-102 67 
82 143 
181 -136 
-29 -51 
65 -154 
-171 -168 
-127 -87 
81 79 
104 194 
159 73 
196 -59 
-114 123 
-45 159 
-100 -78 
71 50 
-171 145 
-116 -138 
133 -9 
-110 8 
174 -118 
-167 120 
117 122 
-118 -50 
98 186 
-61 179 
146 191 
107 146 
-161 27 
9 -113 
58 34 
-55 121 
102 -58 
-101 155 
66 177 
4 -90 
197 51 
-194 147 
-123 -27 
10 -105 
-193 150 
52 106 
-69 -44 
-39 -180 
99 -168 
14 124 
-74 -156 
184 59 
-129 -91 
-142 126 
-69 -55 
159 -50 
