170 -27 
184 -57 
124 98 
60 10 
15 146 
-133 -16 
-13 -47 
166 138 
21 -153 
-43 85 
151 156 
121 -123 
-55 -183 
128 108 
198 75 
81 5 
-189 13 
-95 -101 
-60 -136 
-169 174 
33 -120 
-33 159 
187 -165 
160 -83 
-43 -150 
156 63 
-195 -10 
151 -177 
80 85 
40 -71 
74 73 
-27 139 
58 -85 
109 -89 
191 135 
-174 -119 
-62 86 
144 -190 
56 -17 
195 10 
-88 -44 
-60 -148 
-35 -63 
94 24 
-98 -117 
-146 -200 
153 -161 
-138 98 
65 -47 
73 148 
-143 142 
-130 -30 
-63 136 
39 -112 
-156 66 
-32 30 
-22 109 
-18 3 
-63 -131 
-183 18 
110 -167 
110 161 
89 154 
-187 61 
-15 -51 
187 -186 
191 86 
2 182 
21 -95 
-31 -133 
-180 184 
-22 -129 
-167 3 
59 -33 
185 63 
-177 -41 
84 136 
-31 7 
101 -3 
97 -175 
-79 -111 
-7 154 
-102 184 
-77 129 
94 159 
56 -147 
-58 -11 
21 1 
184 83 
78 -174 
175 3 
-109 56 
-161 81 
-160 -51 
-155 -65 
120 -143 
-69 67 
195 -124 
-111 -183 
-44 -50 
176 -125 
113 -62 
-22 128 
45 81 
-1 -133 
-93 84 
137 -27 
31 181 
-158 -2 
189 90 
105 -87 
117 3 
93 59 
27 -147 
-89 150 
-58 154 
-168 -94 
-116 19 
33 47 
59 73 
95 119 
11 -9 
-120 127 
-98 28 
-88 75 
165 -158 
7 107 
79 91 
136 25 
-20 153 
-81 0 
70 187 
-18 106 
-74 -65 
154 105 
-192 -122 
-63 -90 
99 -58 
-147 -124 
-132 -173 
187 15 
-39 -127 
19 -53 
91 -122 
-63 198 
-89 25 
-189 -191 
145 -63 
87 131 
40 -172 
8 -82 
-83 -51 
-143 -2 
-9 -141 
-195 -13 
191 139 
176 -10 
-72 93 
-52 107 
99 112 
122 -26 
47 194 
177 157 
-195 53 
124 -154 
95 -131 
-71 84 
78 83 
193 -57 
-197 -44 
-105 -168 
171 78 
-91 -101 
-173 63 
-93 -66 
-140 -72 
82 -162 
-88 -72 
10 -18 
-187 118 
5 106 
-188 -6 
-24 170 
198 -151 
-198 -168 
-87 154 
-178 3 
-181 154 
10 31 
104 90 
-145 -176 
124 -84 
40 -176 
124 179 
-112 -166 
133 88 
65 60 
-9 -104 
173 -164 
-144 174 
17 35 
-76 124 
-169 15 
74 124 
12 154 
26 -151 
96 -172 
-173 17 
-57 55 
-32 -165 
-166 -141 
-193 -117 
47 -61 
-22 90 
42 -80 
-16 -5 
171 -61 
-78 16 
-44 -160 
5 6 
11 145 
187 127 
-176 -83 
-137 -197 
-188 6 
-185 -3 
-126 -122 
-26 198 
23 150 
85 97 
128 -74 
36 -173 
-39 180 
-154 172 
-155 133 
-9 -88 
-160 -70 
92 148 
-87 164 
132 92 
-40 84 
-2 -101 
-192 111 
-147 78 
101 22 
-172 147 
-158 158 
154 -30 
-28 -140 
111 -158 
4 55 
-25 170 
50 99 
-76 37 
1 -75 
2 50 
-79 -35 
-32 -73 
22 125 
-173 -190 
-182 -70 
-60 26 
94 -161 
-16 -22 
-37 -109 
180 -122 
153 33 
39 53 
187 -182 
-8 89 
-26 190 
147 146 
-150 71 
-133 119 
95 -14 
89 -54 
127 65 
172 67 
-165 135 
136 5 
-129 198 
181 -189 
4 -142 
167 -142 
85 -62 
-133 -90 
116 -103 
102 57 
21 77 
197 90 
-25 193 
-94 -162 
-37 9 
-129 33 
195 92 
196 45 
-121 28 
157 -6 
130 153 
-65 44 
137 148 
-150 126 
42 -135 
122 147 
17 -57 
92 9 
-184 170 
140 186 
146 81 
-54 -159 
99 -71 
88 -8 
-118 124 
190 -164 
-93 80 
90 -16 
21 129 
141 -200 
-63 -53 
-164 105 
163 51 
186 -181 
199 18 
-76 84 
-183 131 
71 6 
89 158 
-139 135 
36 148 
-133 -87 
-105 -45 
-79 -25 
12 173 
-26 126 
-18 29 
197 -43 
17 4 
-73 144 
-6 -45 
-86 -17 
-200 -159 
1 -50 
-27 -108 
51 130 
-113 48 
75 -69 
15 168 
35 -76 
64 33 
125 -164 
124 103 
-139 -129 
-45 47 
168 -60 
48 -165 
-168 -169 
-44 37 
135 99 
16 108 
65 -36 
151 -83 
-106 15 
88 52 
-66 -131 
-86 -54 
139 -107 
-113 96 
-106 -91 
128 181 
-141 -119 
94 -122 
-197 -145 
191 84 
154 1 
-154 10 
-156 -2 
-98 9 
-41 -183 
150 182 
150 83 
-191 70 
109 99 
-81 118 
-50 -108 
-41 -94 
-166 88 
64 189 
-46 145 
44 151 
-179 24 
0 78 
172 21 
174 24 
-38 173 
-28 -169 
-129 24 
39 156 
-157 -67 
124 190 
17 13 
16 15 
-179 -94 
149 -89 
-120 195 
-192 73 
74 -155 
-131 -178 
-21 -48 
-16 -130 
52 -127 
24 -67 
123 151 
175 91 
129 115 
-45 98 
99 12 
-93 -33 
44 4 
-83 -12 
198 31 
64 141 
97 99 
189 -86 
161 102 
-135 148 
-69 151 
92 -63 
-23 -111 
-103 -42 
153 -171 
60 19 
-108 149 
177 -132 
2 174 
105 -120 
-115 115 
15 137 
15 -111 
-84 -102 
61 -153 
-109 -81 
11 180 
41 -187 
-125 -181 
-106 22 
50 180 
6 171 
45 -184 
197 -27 
-164 108 
56 49 
-36 -69 
156 -76 
72 -131 
52 -53 
-166 -108 
-34 90 
167 188 
-97 -16 
-61 -112 
26 74 
46 -193 
-9 35 
-97 40 
-134 -53 
-145 16 
-114 -108 
-198 141 
-140 -108 
-179 -144 
-35 -38 
-22 173 
127 -82 
52 25 
112 -91 
132 83 
-85 -35 
-35 -170 
-138 -158 
-37 3 
-196 -198 
139 -137 
32 -63 
49 -13 
-16 64 
-200 -164 
3 153 
-177 -12 
51 -162 
87 120 
134 145 
-39 -157 
-169 125 
-35 -197 
192 -134 
170 -3 
197 37 
-143 48 
196 -109 
