177 36 
5 53 
104 198 
64 195 
20 -187 
-166 -78 
15 77 
-132 124 
-90 47 
-8 -109 
-21 42 
170 -127 
57 180 
172 147 
177 -14 
151 -189 
14 -177 
-67 7 
-53 -169 
14 -128 
46 -184 
-173 70 
61 192 
161 -168 
38 189 
110 -3 
-55 -45 
-63 17 
-82 51 
100 68 
47 -106 
-108 -86 
-35 -161 
-25 -139 
70 50 
-87 -109 
126 103 
-141 6 
-101 197 
-81 71 
182 -121 
-140 150 
-96 154 
-142 173 
31 -125 
49 -5 
80 -25 
137 -135 
-50 84 
-109 73 
36 -166 
-93 -166 
-85 135 
178 83 
-116 3 
111 -55 
-106 -117 
-30 127 
-136 -91 
-90 32 
-173 108 
98 126 
-168 80 
193 3 
-144 7 
-112 -168 
-1 -78 
52 139 
165 27 
80 61 
197 159 
24 96 
160 178 
85 -100 
7 -49 
-144 125 
48 65 
6 -74 
186 177 
185 110 
-58 -93 
29 -19 
-50 102 
124 -55 
-112 127 
78 18 
82 -68 
-191 -107 
-2 111 
-40 -43 
8 1 
-6 -47 
13 53 
-194 44 
-176 141 
-63 -129 
-149 -181 
89 26 
-188 -172 
-124 157 
39 53 
55 90 
35 117 
109 -88 
73 -167 
-183 -187 
-94 -150 
79 16 
175 -65 
88 -89 
134 -43 
153 128 
-43 159 
131 21 
19 -118 
148 -123 
-21 -160 
64 -194 
-103 92 
-163 -30 
-188 44 
-20 107 
181 152 
-172 81 
-11 113 
151 -168 
93 127 
170 -104 
-194 43 
-126 -177 
140 77 
197 -105 
145 -28 
-27 -80 
101 123 
-64 155 
70 -148 
-113 34 
86 139 
4 -49 
-192 83 
198 105 
96 -37 
67 77 
189 -86 
87 43 
41 25 
148 20 
56 -95 
-154 141 
-146 64 
104 -141 
-84 182 
-139 -118 
-39 130 
-25 34 
-47 -48 
60 -20 
-62 -105 
-62 90 
-77 95 
22 -135 
-182 163 
-129 -102 
-127 -68 
-148 119 
-172 -72 
-89 13 
48 19 
-42 20 
61 -120 
126 88 
-60 -154 
98 85 
-42 5 
-67 -161 
-33 184 
140 56 
91 199 
-75 149 
-81 100 
76 46 
-137 98 
-117 -198 
121 20 
103 11 
46 37 
155 -160 
62 91 
71 179 
-68 72 
79 177 
-10 15 
102 -29 
25 166 
-141 68 
-10 -104 
-83 -77 
94 86 
-125 -120 
110 -5 
75 -4 
-87 175 
85 97 
93 92 
89 69 
-9 -158 
-144 137 
-152 12 
68 140 
-88 146 
6 -140 
-108 10 
66 -117 
121 -47 
102 61 
-65 116 
186 125 
50 7 
123 -91 
52 141 
-127 -118 
-186 139 
-51 39 
-15 -107 
171 115 
-49 86 
-61 51 
-196 108 
188 -32 
-169 79 
47 92 
-70 126 
-5 -129 
9 22 
-40 -164 
37 30 
-153 -81 
110 -67 
-143 -137 
-179 163 
-149 -159 
9 188 
53 -129 
-189 112 
-127 -150 
72 96 
0 36 
-56 -105 
-44 -71 
137 -36 
-60 166 
178 133 
102 -88 
-114 -39 
73 -113 
-149 92 
14 53 
133 -99 
28 33 
-43 -167 
-19 199 
140 33 
-80 135 
129 -171 
-3 -140 
58 -140 
43 -31 
46 138 
-185 131 
57 156 
38 40 
198 158 
-184 -172 
15 -136 
83 97 
-72 75 
-16 -125 
-117 -84 
146 97 
-69 69 
119 138 
-111 86 
66 -188 
-184 75 
-143 -24 
-1 38 
-130 -107 
20 -58 
-34 -128 
-94 185 
29 -65 
-173 -8 
168 70 
99 192 
-43 74 
171 -35 
-186 113 
129 0 
-180 168 
-71 61 
180 -109 
-164 -59 
193 -69 
184 107 
-93 -46 
-177 -37 
-142 22 
-75 -126 
103 69 
42 160 
-66 -82 
99 -154 
175 196 
-176 199 
89 18 
60 -66 
-31 -147 
178 -151 
46 114 
162 -13 
150 -77 
43 -17 
-122 114 
87 50 
-158 93 
50 -178 
-19 73 
66 75 
-5 178 
-176 -179 
4 -112 
167 180 
-33 163 
19 143 
134 172 
-94 -7 
170 -31 
-140 104 
47 3 
53 -105 
-24 -181 
-74 -136 
-113 -61 
-16 8 
120 -145 
-120 22 
-135 79 
138 92 
-165 -37 
-8 14 
-120 -82 
190 6 
-3 -170 
120 -27 
48 -176 
97 150 
114 -25 
153 -78 
73 166 
-104 -83 
48 -190 
-3 136 
107 -12 
-26 -135 
-54 -42 
-168 49 
180 162 
74 105 
142 -62 
105 45 
192 171 
-32 75 
-13 -83 
94 130 
-115 56 
-31 68 
-124 -33 
199 60 
147 -53 
60 119 
119 5 
141 -195 
175 -137 
-199 -157 
-27 -165 
-109 81 
104 -44 
-176 74 
93 -29 
8 -59 
-169 -59 
168 -2 
-17 182 
-62 -46 
-122 81 
62 8 
180 -171 
-149 -22 
162 96 
-121 122 
-183 -96 
79 158 
-179 65 
-122 135 
-175 110 
-51 196 
-96 73 
167 -152 
-197 125 
71 -167 
82 -79 
94 -32 
81 152 
3 -128 
-104 -103 
142 158 
161 -53 
75 -98 
-83 186 
148 161 
50 -129 
-177 174 
-126 145 
127 183 
-97 19 
31 19 
-50 71 
-57 112 
-157 167 
-156 -59 
155 -123 
92 -196 
-144 11 
-185 -172 
28 -5 
-62 92 
15 8 
-39 14 
-151 86 
137 81 
106 -108 
176 -45 
94 -136 
-149 145 
81 -32 
-75 -38 
98 -45 
-117 -137 
114 -195 
58 -48 
94 -172 
138 96 
-162 73 
76 198 
-109 -184 
164 -20 
45 -14 
34 -32 
109 111 
-133 -99 
174 101 
75 -153 
159 -135 
141 -45 
187 -57 
17 -31 
133 9 
-140 72 
63 139 
-86 125 
131 142 
156 -101 
158 -109 
-122 31 
-169 175 
-90 151 
-141 191 
137 -5 
155 135 
-176 -150 
192 158 
125 97 
-39 -144 
126 -11 
-149 190 
22 161 
102 137 
69 -135 
-174 -22 
171 -92 
156 37 
-143 140 
-141 -177 
-77 88 
56 -71 
178 -30 
-14 -141 
-142 4 
-16 -160 
