-190 50 
-117 -56 
-41 104 
178 125 
-57 -171 
189 5 
-122 100 
53 29 
172 -10 
-138 -29 
98 18 
-152 60 
-37 -83 
-29 -129 
106 131 
-38 98 
113 31 
155 28 
73 21 
-132 19 
-188 -18 
-18 -47 
30 10 
4 169 
-40 105 
30 -135 
-127 167 
-93 124 
-58 96 
93 139 
-110 -34 
181 193 
168 30 
-39 -98 
-150 60 
148 -105 
-122 -49 
-38 -144 
-43 77 
16 127 
-67 8 
73 193 
-192 191 
17 -51 
-147 -134 
130 191 
-91 -181 
-51 -90 
126 26 
-39 -68 
105 31 
-40 -71 
-152 11 
127 45 
-61 169 
-110 -102 
177 -163 
3 169 
-172 89 
46 173 
76 97 
183 -183 
51 23 
-11 159 
90 192 
-22 -87 
24 -192 
192 29 
107 -80 
145 -1 
-136 115 
-108 47 
-81 -73 
-43 -179 
-198 -161 
-1 -16 
107 -89 
82 43 
-147 98 
-38 199 
-184 140 
-52 48 
-22 89 
101 180 
2 -137 
-74 63 
-131 -43 
-168 54 
32 18 
-106 -102 
-122 170 
-164 181 
59 -163 
79 112 
-100 172 
23 112 
102 -97 
187 -131 
191 129 
-143 -198 
-58 -124 
108 -126 
-186 -154 
-152 75 
-165 -171 
19 157 
-192 -198 
-159 -73 
-166 -164 
-113 -89 
-85 -6 
37 147 
50 125 
-106 -89 
-95 -67 
-184 19 
43 -13 
-148 10 
-165 -174 
-9 -46 
-161 -13 
-86 131 
-88 -89 
-59 -176 
-87 -157 
120 74 
-140 -5 
120 -100 
3 28 
194 4 
-4 45 
-85 99 
75 -131 
82 -118 
-35 93 
112 -80 
47 -73 
22 -155 
-82 -25 
26 -46 
-1 -100 
169 168 
160 -92 
197 130 
55 70 
-1 -172 
-138 -135 
-69 19 
119 191 
-110 -174 
180 139 
-157 -33 
22 34 
-52 143 
-39 -94 
-109 47 
-31 -56 
-111 -87 
-135 86 
-110 98 
77 -76 
-156 64 
174 -90 
-67 -145 
153 -90 
-52 -187 
-172 116 
-46 -197 
190 -84 
-53 -151 
-52 -93 
145 124 
63 -186 
192 -99 
-27 170 
180 -185 
65 137 
-165 -24 
-105 -128 
145 -101 
164 5 
79 124 
-185 -67 
-129 106 
127 102 
-62 -43 
-177 196 
-28 -25 
140 22 
-199 118 
50 -153 
31 -9 
43 94 
-107 -83 
64 36 
-40 149 
180 150 
58 -2 
-124 150 
136 -52 
-109 -64 
23 -54 
-102 -25 
94 -123 
-135 -69 
-167 67 
195 -52 
-96 95 
123 -45 
45 12 
-171 -112 
-49 -103 
-139 143 
-55 -157 
187 99 
-183 -146 
-69 -165 
-59 174 
-35 -161 
-170 87 
-86 -127 
182 184 
-141 21 
-149 -67 
106 159 
114 -66 
-73 32 
-27 122 
-180 178 
-177 -150 
6 -134 
-149 -52 
163 -138 
-84 51 
-169 121 
173 -183 
83 43 
191 112 
62 40 
170 -41 
66 79 
-5 -29 
133 36 
100 104 
37 79 
-14 124 
-47 -80 
-72 77 
76 -195 
-97 -42 
62 -3 
120 -30 
-82 96 
-139 95 
135 -98 
-47 -72 
-3 165 
-137 36 
130 65 
50 114 
138 137 
150 17 
-137 55 
197 -44 
155 -88 
-178 -148 
-89 -130 
46 185 
-103 163 
176 -123 
99 167 
169 164 
15 -51 
65 -198 
-98 -25 
-173 61 
-71 27 
-146 146 
-138 -16 
-150 -176 
-6 46 
-199 -177 
126 -124 
81 -108 
-29 -59 
-83 -164 
50 145 
11 -33 
77 -142 
-85 -94 
-115 -139 
-10 81 
37 53 
-49 -130 
143 -100 
-16 -92 
-129 134 
119 54 
82 182 
173 154 
-40 162 
-116 18 
-188 -113 
8 59 
-136 121 
191 58 
-22 97 
115 -67 
-63 101 
-90 39 
53 -35 
194 195 
-26 43 
49 88 
-65 95 
-46 189 
129 174 
-91 -19 
-173 -114 
137 -136 
-22 -184 
-132 11 
-186 -63 
-1 157 
175 -173 
-26 -53 
3 -184 
185 -11 
-14 -62 
-135 -134 
59 75 
-116 -159 
-34 74 
119 -21 
124 107 
-180 -27 
103 -90 
188 186 
158 116 
-4 174 
14 172 
101 -124 
-105 93 
-44 -168 
-10 193 
-143 -199 
-66 -130 
-20 -66 
163 -97 
-12 -100 
82 138 
185 104 
-15 -159 
-91 -89 
-174 -141 
37 39 
170 -42 
-119 54 
-154 -110 
89 -87 
30 -154 
197 47 
-20 -90 
14 77 
-63 -186 
-63 -141 
44 -132 
24 180 
40 75 
11 174 
68 -8 
125 -148 
-10 -37 
31 84 
-71 -95 
197 -191 
137 -191 
114 -67 
56 -133 
-125 155 
-123 -62 
26 10 
-86 85 
-80 -83 
75 157 
139 134 
46 182 
-29 75 
39 -171 
-185 86 
172 165 
-74 95 
29 188 
-7 10 
-102 -120 
-8 67 
-133 155 
-38 -41 
-106 -149 
-80 -61 
14 89 
53 54 
-142 -41 
-81 146 
-114 65 
128 -200 
-26 191 
46 -82 
127 78 
-102 177 
21 12 
-79 154 
-197 -133 
-186 14 
-188 102 
-35 -28 
133 -64 
40 -179 
-172 -34 
115 -102 
146 -58 
115 163 
-183 39 
41 146 
-122 -97 
119 -40 
-85 -15 
43 90 
121 -37 
-105 69 
-77 -78 
167 34 
23 158 
45 -2 
33 29 
-121 -91 
-122 -147 
-176 6 
-42 40 
-183 114 
-163 -2 
-20 -114 
-134 53 
-152 153 
117 57 
-118 111 
5 82 
69 -88 
137 0 
-173 147 
104 66 
-1 -43 
-77 -132 
84 64 
94 78 
77 139 
83 -150 
-133 158 
81 76 
53 -181 
97 -76 
195 -6 
162 -143 
-49 43 
-184 -55 
57 12 
28 -171 
-30 -64 
-185 -104 
52 -85 
-68 -33 
78 42 
48 -142 
-46 -176 
-183 109 
6 53 
93 -14 
-105 45 
-77 -90 
105 -139 
-46 -143 
38 41 
26 80 
95 -119 
-192 21 
46 -144 
154 -196 
-141 13 
46 53 
82 178 
-62 14 
-99 8 
21 121 
90 153 
131 53 
68 60 
-57 -33 
-21 -29 
45 -48 
23 -191 
47 21 
