81 -87 
-33 29 
77 -150 
-124 85 
5 112 
116 -131 
-108 -7 
-59 -70 
-94 62 
132 139 
-136 -151 
-197 42 
-153 -140 
-188 6 
186 26 
98 197 
103 -49 
-24 -181 
123 166 
61 53 
74 73 
-93 131 
-146 145 
150 -36 
126 -19 
44 24 
-105 -200 
-112 -122 
25 194 
44 -60 
20 81 
-4 191 
5 -144 
-55 125 
75 -109 
99 119 
-23 81 
-77 -199 
-26 51 
142 -193 
-76 -27 
178 -131 
-57 24 
-83 10 
16 -104 
52 106 
-29 -179 
-91 62 
68 198 
178 -147 
8 81 
13 102 
-179 178 
-78 -192 
-42 94 
-195 -7 
0 -109 
124 150 
-23 -173 
-191 -65 
69 41 
0 96 
-92 65 
33 -9 
63 128 
159 168 
104 37 
37 106 
99 -56 
13 109 
-142 44 
-83 -65 
73 -146 
171 27 
115 3 
-56 -146 
120 83 
-92 94 
-169 -8 
-185 100 
-145 -173 
144 28 
-158 4 
-150 14 
-73 -152 
144 134 
74 163 
-113 -112 
178 52 
68 -52 
-84 10 
77 153 
-27 -61 
119 60 
-20 144 
120 171 
160 -166 
-27 127 
-28 87 
63 40 
12 -24 
126 32 
-112 189 
128 -24 
-113 -142 
-51 -178 
74 197 
64 137 
18 153 
-82 1 
14 174 
-130 -197 
-142 -11 
-159 -135 
-117 -72 
157 41 
56 -104 
129 76 
-111 -73 
-160 -105 
165 -109 
181 -57 
-130 95 
188 -81 
172 192 
-57 101 
-32 155 
-51 178 
170 13 
129 -181 
-189 -134 
-154 -123 
-156 127 
-7 -37 
-198 -160 
81 66 
38 -149 
90 182 
-174 -58 
169 15 
61 135 
132 -118 
-52 -66 
101 -130 
98 -79 
151 -181 
-109 -187 
-98 -34 
29 193 
-112 -31 
63 66 
-125 47 
-44 -161 
-50 172 
169 182 
-26 -46 
-152 8 
-69 -132 
-113 -19 
-104 50 
-75 181 
186 -187 
23 -171 
45 20 
-18 144 
152 8 
35 178 
-45 -97 
109 22 
-17 -15 
-113 -114 
29 -175 
-188 38 
176 12 
-70 -186 
100 57 
-152 -145 
133 -61 
172 -26 
-25 -152 
133 -70 
54 39 
164 196 
92 -64 
62 -73 
-31 52 
-80 139 
-112 93 
30 27 
34 -62 
53 17 
-143 183 
-174 106 
-173 3 
166 -10 
39 54 
-61 71 
-119 145 
-124 9 
-109 75 
-76 -182 
69 143 
63 -37 
-46 -143 
150 -41 
165 -19 
-93 99 
179 -23 
-59 86 
138 16 
191 -92 
-144 173 
-125 -63 
142 -106 
-111 133 
-157 -81 
-26 158 
-7 -139 
-122 -185 
7 -180 
25 38 
-135 -185 
-113 58 
103 -109 
-80 -157 
147 69 
89 147 
-133 -101 
102 -114 
-85 109 
-137 155 
-70 46 
137 120 
-91 -103 
-77 -72 
169 -21 
-165 -161 
-71 -103 
-69 -145 
22 -29 
118 -35 
-10 -38 
189 -140 
-173 168 
52 116 
-69 -82 
92 -111 
89 -76 
-104 -121 
-117 149 
-14 145 
182 51 
-111 -162 
138 -125 
-82 -38 
181 -186 
35 -44 
-118 -116 
167 -100 
27 -113 
32 114 
105 109 
181 164 
-154 -117 
-196 -158 
-175 86 
-32 9 
-128 -185 
-36 -2 
-48 -164 
-17 56 
-196 -136 
-106 -113 
100 -162 
147 101 
-133 -113 
-70 64 
97 -162 
-5 -198 
-76 176 
111 -26 
-78 -134 
-24 125 
34 198 
-146 -45 
54 -84 
-111 33 
-37 67 
-134 -162 
-27 141 
187 -172 
-115 35 
127 163 
-86 59 
-177 -89 
71 -168 
-63 71 
-31 -17 
191 153 
28 3 
-82 96 
-86 63 
-63 -93 
152 97 
50 -109 
193 33 
-120 139 
16 51 
-43 -58 
-111 47 
130 -43 
-192 184 
-78 -113 
131 79 
193 24 
137 -56 
-44 -72 
10 26 
-86 -100 
64 130 
-152 -141 
-179 -160 
104 -152 
-16 32 
-12 177 
148 -200 
-156 198 
185 -30 
172 143 
-103 177 
51 -101 
3 152 
195 -177 
-61 -15 
126 196 
-196 60 
-56 -181 
79 35 
29 166 
37 -140 
190 90 
31 -148 
126 -8 
-22 176 
46 -29 
28 -195 
78 29 
-55 -38 
-100 181 
33 115 
137 -9 
-47 -152 
46 -146 
175 77 
-187 152 
138 -4 
72 194 
-133 -102 
55 109 
-20 -145 
-140 25 
151 110 
-196 -188 
104 -68 
22 99 
-101 114 
39 178 
179 101 
132 18 
188 77 
156 -23 
101 -144 
-135 -32 
53 48 
-5 -31 
35 174 
-101 112 
-142 69 
88 30 
108 11 
-72 -15 
8 128 
-98 -9 
-15 -72 
-33 108 
109 6 
125 60 
2 -2 
-129 -179 
3 103 
119 -152 
77 -25 
166 -111 
197 105 
21 103 
71 121 
-57 -41 
106 -120 
-139 -49 
67 145 
-25 -53 
-31 -130 
-182 199 
143 76 
99 26 
122 46 
-6 160 
-92 149 
71 -142 
88 35 
34 -196 
40 -60 
-107 -131 
-131 -4 
17 -154 
-176 -105 
-17 125 
-74 147 
136 -172 
-83 -113 
101 -200 
170 44 
139 -164 
-128 88 
-133 169 
166 3 
29 154 
-20 -109 
82 -89 
166 -173 
-28 -93 
32 -41 
2 130 
-147 79 
186 19 
-198 170 
11 -183 
152 73 
139 -152 
126 -200 
9 -80 
174 -191 
51 -105 
152 -147 
-108 51 
-95 77 
-55 180 
-193 -171 
109 16 
-39 101 
-28 49 
-41 -14 
197 42 
165 -44 
-133 -49 
106 165 
23 -41 
-56 71 
-175 91 
73 -72 
93 29 
144 194 
-11 -139 
-195 29 
76 -105 
-62 31 
-154 1 
131 -32 
-128 112 
2 134 
-3 34 
188 -13 
101 -9 
-173 -33 
191 -108 
-137 -187 
-50 -72 
95 -69 
-143 -177 
-125 104 
151 -13 
-65 -31 
85 -51 
-159 -64 
-128 190 
-105 135 
-69 -118 
123 125 
11 196 
-52 -6 
190 -47 
-149 -182 
-78 -127 
95 -82 
-187 -116 
170 -95 
-83 45 
-19 -120 
1 39 
175 -117 
117 38 
-71 153 
154 21 
109 3 
-71 -122 
-152 -186 
165 16 
195 -162 
92 126 
-14 122 
80 -88 
-43 -75 
96 -104 
21 -135 
-78 -121 
-186 14 
-85 -72 
-119 -37 
-36 -107 
-199 68 
-146 36 
-68 48 
194 36 
73 118 
77 84 
84 59 
60 -126 
-136 -42 
-81 67 
-75 -128 
-30 -170 
38 114 
-106 -134 
-143 -115 
172 -79 
97 44 
47 175 
111 131 
156 -66 
-122 -99 
196 -11 
169 13 
-139 135 
-45 -55 
-89 -79 
6 -109 
72 -177 
-114 -164 
-87 -155 
-149 145 
-21 -135 
140 -173 
-141 130 
60 197 
-129 28 
156 -103 
-51 -70 
28 -164 
43 69 
-75 -70 
-164 60 
-190 77 
-80 128 
-177 163 
-166 171 
-93 132 
179 25 
2 -74 
12 -57 
-101 -72 
39 192 
59 31 
-124 -58 
-193 119 
89 24 
-27 73 
-25 62 
-182 -101 
39 154 
-114 136 
165 -66 
196 -143 
-122 -12 
-184 125 
106 55 
64 -178 
-200 -114 
151 179 
118 61 
-73 -154 
60 21 
-149 -76 
64 86 
10 187 
-152 151 
-46 49 
-64 112 
145 -148 
-163 20 
-149 -113 
-136 178 
-65 169 
-153 46 
-171 60 
38 131 
-109 163 
-99 84 
-19 -124 
-145 58 
53 186 
-130 -68 
128 172 
2 -35 
-65 -178 
-181 54 
-11 -187 
151 -131 
153 -48 
181 -47 
-98 -115 
-45 22 
17 -168 
125 84 
-150 119 
-180 -120 
-179 161 
69 188 
-27 43 
84 150 
-137 -74 
-4 -139 
-163 -139 
-168 35 
199 51 
182 54 
23 169 
-155 88 
-199 -67 
21 -171 
79 25 
122 56 
-142 25 
-129 -123 
-39 -55 
-87 186 
119 84 
-99 72 
-183 -95 
49 93 
193 106 
60 186 
20 -69 
151 -52 
174 -71 
-131 -109 
-114 2 
157 -87 
-200 144 
-122 18 
-193 144 
142 154 
-112 -121 
134 -187 
40 74 
-115 58 
107 132 
-81 36 
-163 -113 
164 -128 
89 101 
-8 125 
-23 169 
65 -5 
24 -21 
186 -141 
179 1 
188 -99 
166 -139 
161 61 
-138 -86 
-78 17 
-141 -84 
127 10 
99 20 
-34 -155 
167 -149 
-26 145 
-164 167 
53 66 
-14 97 
-16 84 
194 15 
-180 106 
48 -6 
177 -11 
103 187 
